0	4.4611	0.10054	-7.5606	0.10054	-7.5606	0	1	90	0	4.6562	-1	-9	3.6562	0	-7.3438	3	-1	1	0	0	0	0
0	20.657	0.10054	-7.5606	0.10054	-7.5606	0	1	90	0	4.6562	-1	-9	3.6562	0	-7.3438	3	-1	1	0	0	0	0
0	37.208	0.10054	-7.5606	0.10054	-7.5606	0	1	90	0	4.6562	-1	-9	3.6562	0	-7.3438	3	-1	1	0	0	0	0
0	53.816	0.10054	-7.5606	0.10054	-7.5606	0	1	90	0	4.6562	-1	-9	3.6562	0	-7.3438	3	-1	1	0	0	0	0
0	70.511	0.10054	-7.5606	0.10054	-7.5606	0	1	90	0	4.6562	-1	-9	3.6562	0	-7.3438	3	-1	1	0	0	0	0
0	87.103	0.10054	-7.5606	0.10054	-7.5606	0	1	90	0	4.6562	-1	-9	3.6562	0	-7.3438	3	-1	1	0	0	0	0
0	103.66	0.10054	-7.5606	0.10054	-7.5606	0	1	90	0	4.6562	-1	-9	3.6562	0	-7.3438	3	-1	1	0	0	0	0
0	120.22	0.10054	-7.5284	0.10054	-7.5284	0	1	90	0	4.6562	-1	-9	3.6562	0	-7.3438	3	-1	1	0	0	0	0
0	136.78	0.10054	-7.5284	0.10054	-7.5284	0	1	90	0	4.6562	-1	-9	3.6562	0	-7.3438	3	-1	1	0	0	0	0
0	153.39	0.10054	-7.5284	0.10054	-7.5284	0	1	90	0	4.6562	-1	-9	3.6562	0	-7.3438	3	-1	1	0	0	0	0
0	169.97	0.10054	-7.5284	0.10054	-7.5284	0	1	90	0	4.6562	-1	-9	3.6562	0	-7.3438	3	-1	1	0	0	0	0
0	186.7	0.12065	-7.5606	0.12065	-7.5606	0	1	90	0	4.6562	-1	-9	3.6562	0	-7.3438	3	-1	1	0	0	0	0
0	203.24	0.12065	-7.5606	0.12065	-7.5606	0	1	90	0	4.6562	-1	-9	3.6562	0	-7.3438	3	-1	1	0	0	0	0
0	219.81	0.12065	-7.5606	0.12065	-7.5606	0	1	90	0	4.6562	-1	-9	3.6562	0	-7.3438	3	-1	1	0	0	0	0
0	236.36	0.14076	-7.5606	0.14076	-7.5606	0	1	90	0	4.6562	-1	-9	3.6562	0	-7.3438	3	-1	1	0	0	0	0
0	252.95	0.12065	-7.5606	0.12065	-7.5606	0	1	90	0	4.6562	-1	-9	3.6562	0	-7.3438	3	-1	1	0	0	0	0
0	269.57	0.10054	-7.5606	0.10054	-7.5606	0	1	90	0	4.6562	-1	-9	3.6562	0	-7.3438	3	-1	1	0	0	0	0
0	286.14	0.10054	-7.5606	0.10054	-7.5606	0	1	90	0	4.6562	-1	-9	3.6562	0	-7.3438	3	-1	1	0	0	0	0
0	302.83	0.10054	-7.5606	0.10054	-7.5606	0	1	90	0	4.6562	-1	-9	3.6562	0	-7.3438	3	-1	1	0	0	0	0
0	319.32	0.10054	-7.5606	0.10054	-7.5606	0	1	90	0	4.6562	-1	-9	3.6562	0	-7.3438	3	-1	1	0	0	0	0
0	335.91	0.10054	-7.5606	0.10054	-7.5606	0	1	90	0	4.6562	-1	-9	3.6562	0	-7.3438	3	-1	1	0	0	0	0
0	352.53	0.080432	-7.5606	0.080432	-7.5606	0	1	90	0	4.6562	-1	-9	3.6562	0	-7.3438	3	-1	1	0	0	0	0
0	369.13	0.080432	-7.5606	0.080432	-7.5606	0	1	90	0	4.6562	-1	-9	3.6562	0	-7.3438	3	-1	1	0	0	0	0
0	385.69	0.080432	-7.5606	0.080432	-7.5606	0	1	90	0	4.6562	-1	-9	3.6562	0	-7.3438	3	-1	1	0	0	0	0
0	402.31	0.080432	-7.5606	0.080432	-7.5606	0	1	90	0	4.6562	-1	-9	3.6562	0	-7.3438	3	-1	1	0	0	0	0
0	418.9	0.080432	-7.5606	0.080432	-7.5606	0	1	90	0	4.6562	-1	-9	3.6562	0	-7.3438	3	-1	1	0	0	0	0
0	435.5	0.080432	-7.5606	0.080432	-7.5606	0	1	90	0	4.6562	-1	-9	3.6562	0	-7.3438	3	-1	1	0	0	0	0
0	452.08	0.080432	-7.5606	0.080432	-7.5606	0	1	90	0	4.6562	-1	-9	3.6562	0	-7.3438	3	-1	1	0	0	0	0
0	468.68	0.10054	-7.5606	0.10054	-7.5606	0	1	90	0	4.6562	-1	-9	3.6562	0	-7.3438	3	-1	1	0	0	0	0
0	485.36	0.10054	-7.5606	0.10054	-7.5606	0	1	90	0	4.6562	-1	-9	3.6562	0	-7.3438	3	-1	1	0	0	0	0
0	501.93	0.10054	-7.5606	0.10054	-7.5606	0	1	90	0	4.6562	-1	-9	3.6562	0	-7.3438	3	-1	1	0	0	0	0
0	518.58	0.10054	-7.5606	0.10054	-7.5606	0	1	90	0	4.6562	-1	-9	3.6562	0	-7.3438	3	-1	1	0	0	0	0
0	535.22	0.10054	-7.5606	0.10054	-7.5606	0	1	90	0	4.6562	-1	-9	3.6562	0	-7.3438	3	-1	1	0	0	0	0
0	551.86	0.10054	-7.5606	0.10054	-7.5606	0	1	90	0	4.6562	-1	-9	3.6562	0	-7.3438	3	-1	1	0	0	0	0
0	568.43	0.10054	-7.5606	0.10054	-7.5606	0	1	90	0	4.6562	-1	-9	3.6562	0	-7.3438	3	-1	1	0	0	0	0
0	585.04	0.10054	-7.5606	0.10054	-7.5606	0	1	90	0	4.6562	-1	-9	3.6562	0	-7.3438	3	-1	1	0	0	0	0
0	601.62	0.10054	-7.5606	0.10054	-7.5606	0	1	90	0	4.6562	-1	-9	3.6562	0	-7.3438	3	-1	1	0	0	0	0
0	618.22	0.10054	-7.5606	0.10054	-7.5606	0	1	90	0	4.6562	-1	-9	3.6562	0	-7.3438	3	-1	1	0	0	0	0
0	634.91	0.10054	-7.5606	0.10054	-7.5606	0	1	90	0	4.6562	-1	-9	3.6562	0	-7.3438	3	-1	1	0	0	0	0
0	651.49	0.10054	-7.5284	0.10054	-7.5284	0	1	90	0	4.6562	-1	-9	3.6562	0	-7.3438	3	-1	1	0	0	0	0
0	668.01	0.10054	-7.5284	0.10054	-7.5284	0	1	90	0	4.6562	-1	-9	3.6562	0	-7.3438	3	-1	1	0	0	0	0
0	684.58	0.10054	-7.5284	0.10054	-7.5284	0	1	90	0	4.6562	-1	-9	3.6562	0	-7.3438	3	-1	1	0	0	0	0
0	701.19	0.10054	-7.5284	0.10054	-7.5284	0	1	90	0	4.6562	-1	-9	3.6562	0	-7.3438	3	-1	1	0	0	0	0
0	717.77	0.10054	-7.5284	0.10054	-7.5284	0	1	90	0	4.6562	-1	-9	3.6562	0	-7.3438	3	-1	1	0	0	0	0
0	734.38	0.12065	-7.5284	0.12065	-7.5284	0	1	90	0	4.6562	-1	-9	3.6562	0	-7.3438	3	-1	1	0	0	0	0
0	751.07	0.12065	-7.5284	0.12065	-7.5284	0	1	90	0	4.6562	-1	-9	3.6562	0	-7.3438	3	-1	1	0	0	0	0
0	767.56	0.12065	-7.5284	0.12065	-7.5284	0	1	90	0	4.6562	-1	-9	3.6562	0	-7.3438	3	-1	1	1	0	0	0
0	784.19	0.12065	-7.5284	0.12065	-7.5284	0	1	90	0	4.6562	-1	-9	3.6562	0	-7.3438	3	-1	1	1	0	0	0
0	800.77	0.12065	-7.5284	0.12065	-7.5284	0	1	90	0	4.6562	-1	-9	3.6562	0	-7.3438	3	-1	1	1	0	0	0
0	817.38	0.12065	-7.5284	0.12065	-7.5284	0	1	90	0	4.6562	-1	-9	3.6562	0	-7.3438	3	-1	1	1	0	0	0
0	833.98	0.12065	-7.5284	0.12065	-7.5284	0	1	90	0	4.6562	-1	-9	3.6562	0	-7.3438	3	-1	1	1	0	0	0
0	850.55	0.12065	-7.5284	0.12065	-7.5284	0	1	90	0	4.6562	-1	-9	3.6562	0	-7.3438	3	-1	1	1	0	0	0
0	867.15	0.12065	-7.5284	0.12065	-7.5284	0	1	90	0	4.6562	-1	-9	3.6562	0	-7.3438	3	-1	1	1	0	0	0
0	883.77	0.12065	-7.5284	0.12065	-7.5284	0	1	90	0	4.6562	-1	-9	3.6562	0	-7.3438	3	-1	1	1	0	0	0
0	900.37	0.12065	-7.5284	0.12065	-7.5284	0	1	90	0	4.6562	-1	-9	3.6562	0	-7.3438	3	-1	1	1	0	0	0
0	916.97	0.12065	-7.5284	0.12065	-7.5284	0	1	90	0	4.6562	-1	-9	3.6562	0	-7.3438	3	-1	1	1	0	0	0
0	933.49	0.14076	-7.464	0.14076	-7.464	0	1	90	0	4.6562	-1	-9	3.6562	0	-7.3438	3	-1	1	1	0	0	0
0	950.13	0.16086	-7.3354	0.16086	-7.3354	0	1	90	0	4.6562	-1	-9	3.6562	0	-7.3438	3	-1	1	1	0	0	0
0	966.73	0.18097	-7.2388	0.18097	-7.2388	0	1	90	0	4.6562	-1	-9	3.6562	0	-7.3438	3	-1	1	1	0	0	0
0	983.24	0.24129	-7.0458	0.24129	-7.0458	0	1	90	0	4.6562	-1	-9	3.6562	0	-7.3438	3	-1	1	1	0	0	0
0	999.93	0.30162	-6.8528	0.30162	-6.8528	0	1	90	0	4.6562	-1	-9	3.6562	0	-7.3438	3	-1	1	1	0	0	0
0	1016.5	0.32173	-6.7562	0.32173	-6.7562	0	1	90	0	4.6562	-1	-9	3.6562	0	-7.3438	3	-1	1	1	0	0	0
0	1033.1	0.34183	-6.5632	0.34183	-6.5632	0	1	90	0	4.6562	-1	-9	3.6562	0	-7.3438	3	-1	1	1	0	0	0
0	1049.7	0.38205	-6.338	0.38205	-6.338	0	1	90	0	4.6562	-1	-9	3.6562	0	-7.3438	3	-1	1	1	0	0	0
0	1066.3	0.38205	-6.2093	0.38205	-6.2093	0	1	90	0	4.6562	-1	-9	3.6562	0	-7.3438	3	-1	1	1	0	0	0
0	1082.9	0.42227	-5.9198	0.42227	-5.9198	0	1	90	0	4.6562	-1	-9	3.6562	0	-7.3438	3	-1	1	1	0	0	0
0	1099.5	0.44237	-5.598	0.44237	-5.598	0	1	90	0	4.6562	-1	-9	3.6562	0	-7.3438	3	-1	1	1	0	0	0
0	1116.1	0.46248	-5.4372	0.46248	-5.4372	0	1	90	0	4.6562	-1	-9	3.6562	0	-7.3438	3	-1	1	1	0	0	0
0	1132.7	0.5027	-5.1154	0.5027	-5.1154	0	1	90	0	4.6562	-1	-9	3.6562	0	-7.3438	3	-1	1	1	0	0	0
0	1149.3	0.52281	-4.9546	0.52281	-4.9546	0	2	90	0	4.6562	-1	-9	3.6562	0	-7.3438	3	-1	1	1	0	0	0
0	1165.9	0.56302	-4.6329	0.56302	-4.6329	0	2	90	0	4.6562	-1	-9	3.6562	0	-7.3438	3	-1	1	1	0	1	0
0	1182.4	0.60324	-4.279	0.60324	-4.279	0	2	90	0	4.6562	-1	-9	3.6562	0	-7.3438	3	-1	1	1	0	0	0
0	1199	0.66356	-3.9572	0.66356	-3.9572	0	2	90	0	4.6562	-1	-9	3.6562	0	-7.3438	3	-1	1	1	0	0	0
0	1215.7	0.70378	-3.7964	0.70378	-3.7964	0	2	90	0	4.6562	-1	-9	3.6562	0	-7.3438	3	-1	1	1	0	0	0
0	1232.2	0.7641	-3.4746	0.7641	-3.4746	0	2	90	0	4.6562	-1	-9	3.6562	0	-7.3438	3	-1	1	1	0	0	0
0	1248.8	0.80432	-3.346	0.80432	-3.346	0	2	90	0	4.6562	-1	-9	3.6562	0	-7.3438	3	-1	1	1	0	0	0
0	1265.5	0.86464	-3.0242	0.86464	-3.0242	0	2	90	0	4.6562	-1	-9	3.6562	0	-7.3438	3	-1	1	1	0	0	0
0	1282	0.92496	-2.7347	0.92496	-2.7347	0	2	90	0	4.6562	-1	-9	3.6562	0	-7.3438	3	-1	1	1	0	0	0
0	1298.6	0.96518	-2.4773	0.96518	-2.4773	0	2	90	0	4.6562	-1	-9	3.6562	0	-7.3438	3	-1	1	1	0	0	0
0	1315.2	0.98529	-2.3486	0.98529	-2.3486	0	2	90	0	4.6562	-1	-9	3.6562	0	-7.3438	3	-1	1	1	0	0	0
0	1331.8	1.0054	-2.0912	1.0054	-2.0912	0	2	90	0	4.6562	-1	-9	3.6562	0	-7.3438	3	-1	1	1	0	0	0
0	1348.4	1.0255	-1.9625	1.0255	-1.9625	0	2	90	0	4.6562	-1	-9	3.6562	0	-7.3438	3	-1	1	1	0	0	0
0	1365	1.0456	-1.7051	1.0456	-1.7051	0	2	90	0	4.6562	-1	-9	3.6562	0	-7.3438	3	-1	1	1	0	0	0
0	1381.5	1.0657	-1.4478	1.0657	-1.4478	0	2	90	0	4.6562	-1	-9	3.6562	0	-7.3438	3	-1	1	1	0	0	0
0	1398.1	1.0657	-1.1904	1.0657	-1.1904	0	2	90	0	4.6562	-1	-9	3.6562	0	-7.3438	3	-1	1	1	0	0	0
0	1414.7	1.0657	-1.0617	1.0657	-1.0617	0	2	90	0	4.6562	-1	-9	3.6562	0	-7.3438	3	-1	1	1	0	0	0
0	1431.4	1.0456	-0.83649	1.0456	-0.83649	0	2	90	0	4.6562	-1	-9	3.6562	0	-7.3438	3	-1	1	1	0	0	0
0	1448	1.0456	-0.7078	1.0456	-0.7078	0	2	90	0	4.6562	-1	-9	3.6562	0	-7.3438	3	-1	1	1	0	0	0
0	1464.5	1.0255	-0.48259	1.0255	-0.48259	0	2	90	0	4.6562	-1	-9	3.6562	0	-7.3438	3	-1	1	1	0	0	0
0	1481.1	1.0255	-0.25738	1.0255	-0.25738	0	2	90	0	4.6562	-1	-9	3.6562	0	-7.3438	3	-1	1	1	0	0	0
0	1497.7	1.0054	-0.064345	1.0054	-0.064345	0	2	90	0	4.6562	-1	-9	3.6562	0	-7.3438	3	-1	1	1	0	0	0
0	1514.3	1.0054	0.032173	1.0054	0.032173	0	2	90	0	4.6562	-1	-9	3.6562	0	-7.3438	3	-1	1	1	0	0	0
0	1530.9	0.98529	0.22521	0.98529	0.22521	0	2	90	0	4.6562	-1	-9	3.6562	0	-7.3438	3	-1	1	1	0	0	0
0	1547.5	0.98529	0.32173	0.98529	0.32173	0	2	90	0	4.6562	-1	-9	3.6562	0	-7.3438	3	-1	1	0	0	0	0
0	1564.1	0.96518	0.51476	0.96518	0.51476	0	2	90	0	4.6562	-1	-9	3.6562	0	-7.3438	3	-1	1	0	0	0	0
0	1580.7	0.96518	0.7078	0.96518	0.7078	0	2	90	0	4.6562	-1	-9	3.6562	0	-7.3438	3	-1	1	0	0	0	0
0	1597.3	0.94507	0.90083	0.94507	0.90083	0	2	90	0	4.6562	-1	-9	3.6562	0	-7.3438	3	-1	1	0	0	0	0
0	1613.9	0.92496	0.99735	0.92496	0.99735	0	2	90	0	4.6562	-1	-9	3.6562	0	-7.3438	3	-1	1	0	0	0	0
0	1630.5	0.92496	1.1904	0.92496	1.1904	0	2	90	0	4.6562	-1	-9	3.6562	0	-7.3438	3	-1	1	0	0	0	0
0	1647.1	0.90485	1.2547	0.90485	1.2547	0	2	90	0	4.6562	-1	-9	3.6562	0	-7.3438	3	-1	1	0	0	0	0
0	1663.7	0.90485	1.4478	0.90485	1.4478	0	3	90	0	4.6562	-1	-9	3.6562	0	-7.3438	3	-1	1	0	0	0	0
0	1846.2	0.74399	2.9277	0.74399	2.9277	0	2	90	0	4.6562	-1	-9	3.6562	0	-7.3438	3	-1	1	0	0	0	0
0	1862.8	0.72388	3.1207	0.72388	3.1207	0	3	90	0	4.6562	-1	-9	3.6562	0	-7.3438	3	-1	1	0	0	0	0
1	29.471	0.64345	-7.5606	0.64345	-7.5606	0	1	75	3.1058	4.2473	-1	-5.8942	3.2474	0	-7.3438	3	-1	1	0	0	0	0
1	46.006	0.64345	-7.5606	0.64345	-7.5606	0	1	75	3.1058	4.2473	-1	-5.8942	3.2474	0	-7.3438	3	-1	1	0	0	0	0
1	62.597	0.64345	-7.5606	0.64345	-7.5606	0	1	75	3.1058	4.2473	-1	-5.8942	3.2474	0	-7.3438	3	-1	1	0	0	0	0
1	79.225	0.64345	-7.5284	0.64345	-7.5284	0	1	75	3.1058	4.2473	-1	-5.8942	3.2474	0	-7.3438	3	-1	1	0	0	0	0
1	95.844	0.64345	-7.5284	0.64345	-7.5284	0	1	75	3.1058	4.2473	-1	-5.8942	3.2474	0	-7.3438	3	-1	1	0	0	0	0
1	112.44	0.64345	-7.5284	0.64345	-7.5284	0	1	75	3.1058	4.2473	-1	-5.8942	3.2474	0	-7.3438	3	-1	1	0	0	0	0
1	129.02	0.64345	-7.5284	0.64345	-7.5284	0	1	75	3.1058	4.2473	-1	-5.8942	3.2474	0	-7.3438	3	-1	1	0	0	0	0
1	145.62	0.64345	-7.5284	0.64345	-7.5284	0	1	75	3.1058	4.2473	-1	-5.8942	3.2474	0	-7.3438	3	-1	1	0	0	0	0
1	162.19	0.62334	-7.5284	0.62334	-7.5284	0	1	75	3.1058	4.2473	-1	-5.8942	3.2474	0	-7.3438	3	-1	1	0	0	0	0
1	178.78	0.62334	-7.5284	0.62334	-7.5284	0	1	75	3.1058	4.2473	-1	-5.8942	3.2474	0	-7.3438	3	-1	1	0	0	0	0
1	195.38	0.62334	-7.5284	0.62334	-7.5284	0	1	75	3.1058	4.2473	-1	-5.8942	3.2474	0	-7.3438	3	-1	1	0	0	0	0
1	211.98	0.60324	-7.5284	0.60324	-7.5284	0	1	75	3.1058	4.2473	-1	-5.8942	3.2474	0	-7.3438	3	-1	1	1	0	0	0
1	228.62	0.56302	-7.5284	0.56302	-7.5284	0	1	75	3.1058	4.2473	-1	-5.8942	3.2474	0	-7.3438	3	-1	1	1	0	0	0
1	245.17	0.42227	-7.5284	0.42227	-7.5284	0	1	75	3.1058	4.2473	-1	-5.8942	3.2474	0	-7.3438	3	-1	1	1	0	0	0
1	261.69	0.32173	-7.5606	0.32173	-7.5606	0	1	75	3.1058	4.2473	-1	-5.8942	3.2474	0	-7.3438	3	-1	1	1	0	0	0
1	278.34	0.16086	-7.5927	0.16086	-7.5927	0	1	75	3.1058	4.2473	-1	-5.8942	3.2474	0	-7.3438	3	-1	1	1	0	0	0
1	294.94	0.080432	-7.5927	0.080432	-7.5927	0	1	75	3.1058	4.2473	-1	-5.8942	3.2474	0	-7.3438	3	-1	1	1	0	0	0
1	311.5	0.020108	-7.5927	0.020108	-7.5927	0	1	75	3.1058	4.2473	-1	-5.8942	3.2474	0	-7.3438	3	-1	1	1	0	0	0
1	328.07	-0.10054	-7.5927	-0.10054	-7.5927	0	1	75	3.1058	4.2473	-1	-5.8942	3.2474	0	-7.3438	3	-1	1	1	0	0	0
1	344.75	-0.16086	-7.5927	-0.16086	-7.5927	0	1	75	3.1058	4.2473	-1	-5.8942	3.2474	0	-7.3438	3	-1	1	1	0	0	0
1	361.31	-0.16086	-7.5927	-0.16086	-7.5927	0	1	75	3.1058	4.2473	-1	-5.8942	3.2474	0	-7.3438	3	-1	1	1	0	0	0
1	377.88	-0.16086	-7.5927	-0.16086	-7.5927	0	1	75	3.1058	4.2473	-1	-5.8942	3.2474	0	-7.3438	3	-1	1	1	0	0	0
1	394.46	-0.16086	-7.5927	-0.16086	-7.5927	0	1	75	3.1058	4.2473	-1	-5.8942	3.2474	0	-7.3438	3	-1	1	1	0	0	0
1	411.07	-0.16086	-7.5927	-0.16086	-7.5927	0	1	75	3.1058	4.2473	-1	-5.8942	3.2474	0	-7.3438	3	-1	1	1	0	0	0
1	427.73	-0.16086	-7.5927	-0.16086	-7.5927	0	1	75	3.1058	4.2473	-1	-5.8942	3.2474	0	-7.3438	3	-1	1	1	0	0	0
1	444.29	-0.16086	-7.5927	-0.16086	-7.5927	0	1	75	3.1058	4.2473	-1	-5.8942	3.2474	0	-7.3438	3	-1	1	1	0	0	0
1	460.92	-0.16086	-7.5927	-0.16086	-7.5927	0	1	75	3.1058	4.2473	-1	-5.8942	3.2474	0	-7.3438	3	-1	1	1	0	0	0
1	477.5	-0.16086	-7.5927	-0.16086	-7.5927	0	1	75	3.1058	4.2473	-1	-5.8942	3.2474	0	-7.3438	3	-1	1	1	0	0	0
1	494.09	-0.16086	-7.5927	-0.16086	-7.5927	0	1	75	3.1058	4.2473	-1	-5.8942	3.2474	0	-7.3438	3	-1	1	1	0	0	0
1	510.66	-0.18097	-7.5606	-0.18097	-7.5606	0	1	75	3.1058	4.2473	-1	-5.8942	3.2474	0	-7.3438	3	-1	1	1	0	0	0
1	527.25	-0.18097	-7.5606	-0.18097	-7.5606	0	1	75	3.1058	4.2473	-1	-5.8942	3.2474	0	-7.3438	3	-1	1	1	0	0	0
1	543.83	-0.20108	-7.5606	-0.20108	-7.5606	0	1	75	3.1058	4.2473	-1	-5.8942	3.2474	0	-7.3438	3	-1	1	1	0	0	0
1	560.52	-0.20108	-7.5606	-0.20108	-7.5606	0	1	75	3.1058	4.2473	-1	-5.8942	3.2474	0	-7.3438	3	-1	1	1	0	0	0
1	577.06	-0.24129	-7.5284	-0.24129	-7.5284	0	1	75	3.1058	4.2473	-1	-5.8942	3.2474	0	-7.3438	3	-1	1	1	0	0	0
1	593.61	-0.2614	-7.5284	-0.2614	-7.5284	0	1	75	3.1058	4.2473	-1	-5.8942	3.2474	0	-7.3438	3	-1	1	1	0	0	0
1	610.2	-0.30162	-7.4962	-0.30162	-7.4962	0	1	75	3.1058	4.2473	-1	-5.8942	3.2474	0	-7.3438	3	-1	1	1	0	0	0
1	626.81	-0.34183	-7.4962	-0.34183	-7.4962	0	1	75	3.1058	4.2473	-1	-5.8942	3.2474	0	-7.3438	3	-1	1	1	0	0	0
1	643.42	-0.34183	-7.464	-0.34183	-7.464	0	1	75	3.1058	4.2473	-1	-5.8942	3.2474	0	-7.3438	3	-1	1	1	0	0	0
1	659.97	-0.34183	-7.464	-0.34183	-7.464	0	1	75	3.1058	4.2473	-1	-5.8942	3.2474	0	-7.3438	3	-1	1	1	0	0	0
1	676.63	-0.34183	-7.464	-0.34183	-7.464	0	1	75	3.1058	4.2473	-1	-5.8942	3.2474	0	-7.3438	3	-1	1	1	0	0	0
1	693.01	-0.34183	-7.464	-0.34183	-7.464	0	1	75	3.1058	4.2473	-1	-5.8942	3.2474	0	-7.3438	3	-1	1	1	0	0	0
1	709.81	-0.34183	-7.464	-0.34183	-7.464	0	1	75	3.1058	4.2473	-1	-5.8942	3.2474	0	-7.3438	3	-1	1	1	0	0	0
1	726.34	-0.34183	-7.464	-0.34183	-7.464	0	1	75	3.1058	4.2473	-1	-5.8942	3.2474	0	-7.3438	3	-1	1	1	0	0	0
1	742.97	-0.34183	-7.464	-0.34183	-7.464	0	1	75	3.1058	4.2473	-1	-5.8942	3.2474	0	-7.3438	3	-1	1	1	0	0	0
1	759.53	-0.34183	-7.464	-0.34183	-7.464	0	1	75	3.1058	4.2473	-1	-5.8942	3.2474	0	-7.3438	3	-1	1	1	0	0	0
1	776.16	-0.34183	-7.464	-0.34183	-7.464	0	1	75	3.1058	4.2473	-1	-5.8942	3.2474	0	-7.3438	3	-1	1	1	0	0	0
1	792.8	-0.34183	-7.464	-0.34183	-7.464	0	1	75	3.1058	4.2473	-1	-5.8942	3.2474	0	-7.3438	3	-1	1	1	0	0	0
1	809.35	-0.34183	-7.464	-0.34183	-7.464	0	1	75	3.1058	4.2473	-1	-5.8942	3.2474	0	-7.3438	3	-1	1	1	0	0	0
1	825.9	-0.34183	-7.464	-0.34183	-7.464	0	1	75	3.1058	4.2473	-1	-5.8942	3.2474	0	-7.3438	3	-1	1	1	0	0	0
1	842.54	-0.34183	-7.464	-0.34183	-7.464	0	1	75	3.1058	4.2473	-1	-5.8942	3.2474	0	-7.3438	3	-1	1	1	0	0	0
1	859.09	-0.34183	-7.464	-0.34183	-7.464	0	1	75	3.1058	4.2473	-1	-5.8942	3.2474	0	-7.3438	3	-1	1	1	0	0	0
1	875.66	-0.34183	-7.464	-0.34183	-7.464	0	1	75	3.1058	4.2473	-1	-5.8942	3.2474	0	-7.3438	3	-1	1	1	0	0	0
1	892.3	-0.34183	-7.464	-0.34183	-7.464	0	1	75	3.1058	4.2473	-1	-5.8942	3.2474	0	-7.3438	3	-1	1	1	0	0	0
1	908.92	-0.34183	-7.4319	-0.34183	-7.4319	0	1	75	3.1058	4.2473	-1	-5.8942	3.2474	0	-7.3438	3	-1	1	1	0	0	0
1	925.53	-0.32173	-7.3997	-0.32173	-7.3997	0	1	75	3.1058	4.2473	-1	-5.8942	3.2474	0	-7.3438	3	-1	1	1	0	0	0
1	942.08	-0.30162	-7.3354	-0.30162	-7.3354	0	1	75	3.1058	4.2473	-1	-5.8942	3.2474	0	-7.3438	3	-1	1	1	0	0	0
1	958.67	-0.28151	-7.271	-0.28151	-7.271	0	1	75	3.1058	4.2473	-1	-5.8942	3.2474	0	-7.3438	3	-1	1	1	0	0	0
1	975.27	-0.24129	-7.2067	-0.24129	-7.2067	0	1	75	3.1058	4.2473	-1	-5.8942	3.2474	0	-7.3438	3	-1	1	1	0	0	0
1	991.93	-0.22119	-7.1745	-0.22119	-7.1745	0	1	75	3.1058	4.2473	-1	-5.8942	3.2474	0	-7.3438	3	-1	1	1	0	0	0
1	1008.5	-0.20108	-7.1101	-0.20108	-7.1101	0	1	75	3.1058	4.2473	-1	-5.8942	3.2474	0	-7.3438	3	-1	1	1	0	0	0
1	1025.1	-0.18097	-7.078	-0.18097	-7.078	0	1	75	3.1058	4.2473	-1	-5.8942	3.2474	0	-7.3438	3	-1	1	1	0	0	0
1	1041.7	-0.14076	-7.0136	-0.14076	-7.0136	0	1	75	3.1058	4.2473	-1	-5.8942	3.2474	0	-7.3438	3	-1	1	1	0	0	0
1	1058.3	-0.10054	-6.9171	-0.10054	-6.9171	0	1	75	3.1058	4.2473	-1	-5.8942	3.2474	0	-7.3438	3	-1	1	1	0	0	0
1	1074.8	-0.060324	-6.7884	-0.060324	-6.7884	0	1	75	3.1058	4.2473	-1	-5.8942	3.2474	0	-7.3438	3	-1	1	1	0	0	0
1	1091.5	-0.040216	-6.7241	-0.040216	-6.7241	0	1	75	3.1058	4.2473	-1	-5.8942	3.2474	0	-7.3438	3	-1	1	1	0	0	0
1	1108.1	0.040216	-6.5954	0.040216	-6.5954	0	1	75	3.1058	4.2473	-1	-5.8942	3.2474	0	-7.3438	3	-1	1	1	0	0	0
1	1124.6	0.060324	-6.4989	0.060324	-6.4989	0	1	75	3.1058	4.2473	-1	-5.8942	3.2474	0	-7.3438	3	-1	1	1	0	0	0
1	1141.2	0.16086	-6.2737	0.16086	-6.2737	0	1	75	3.1058	4.2473	-1	-5.8942	3.2474	0	-7.3438	3	-1	1	1	0	0	0
1	1157.9	0.2614	-5.9841	0.2614	-5.9841	0	1	75	3.1058	4.2473	-1	-5.8942	3.2474	0	-7.3438	3	-1	1	1	0	0	0
1	1174.4	0.40216	-5.6946	0.40216	-5.6946	0	1	75	3.1058	4.2473	-1	-5.8942	3.2474	0	-7.3438	3	-1	1	1	0	0	0
1	1190.9	0.48259	-5.5337	0.48259	-5.5337	0	1	75	3.1058	4.2473	-1	-5.8942	3.2474	0	-7.3438	3	-1	1	1	0	0	0
1	1207.6	0.64345	-5.1154	0.64345	-5.1154	0	1	75	3.1058	4.2473	-1	-5.8942	3.2474	0	-7.3438	3	-1	1	1	0	0	0
1	1224.2	0.74399	-4.8902	0.74399	-4.8902	0	2	75	3.1058	4.2473	-1	-5.8942	3.2474	0	-7.3438	3	-1	1	1	0	0	0
1	1240.7	0.98529	-4.4076	0.98529	-4.4076	0	2	75	3.1058	4.2473	-1	-5.8942	3.2474	0	-7.3438	3	-1	1	1	0	0	0
1	1257.4	1.2266	-3.8929	1.2266	-3.8929	0	2	75	3.1058	4.2473	-1	-5.8942	3.2474	0	-7.3438	3	-1	1	1	0	0	0
1	1274	1.488	-3.346	1.488	-3.346	0	2	75	3.1058	4.2473	-1	-5.8942	3.2474	0	-7.3438	3	-1	1	1	0	1	0
1	1290.6	1.6086	-3.0564	1.6086	-3.0564	0	2	75	3.1058	4.2473	-1	-5.8942	3.2474	0	-7.3438	3	-1	1	1	0	0	0
1	1307.2	1.8499	-2.5416	1.8499	-2.5416	0	2	75	3.1058	4.2473	-1	-5.8942	3.2474	0	-7.3438	3	-1	1	1	0	0	0
1	1323.8	1.9706	-2.2521	1.9706	-2.2521	0	2	75	3.1058	4.2473	-1	-5.8942	3.2474	0	-7.3438	3	-1	1	1	0	0	0
1	1340.4	2.1918	-1.7695	2.1918	-1.7695	0	2	75	3.1058	4.2473	-1	-5.8942	3.2474	0	-7.3438	3	-1	1	1	0	0	0
1	1357	2.4129	-1.2869	2.4129	-1.2869	0	2	75	3.1058	4.2473	-1	-5.8942	3.2474	0	-7.3438	3	-1	1	1	0	0	0
1	1373.5	2.5135	-1.0295	2.5135	-1.0295	0	2	75	3.1058	4.2473	-1	-5.8942	3.2474	0	-7.3438	3	-1	1	1	0	0	0
1	1390.1	2.7347	-0.54693	2.7347	-0.54693	0	2	75	3.1058	4.2473	-1	-5.8942	3.2474	0	-7.3438	3	-1	1	1	0	0	0
1	1406.7	2.9559	-0.096518	2.9559	-0.096518	0	2	75	3.1058	4.2473	-1	-5.8942	3.2474	0	-7.3438	3	-1	1	1	0	0	0
1	1423.3	3.0765	0.12869	3.0765	0.12869	0	2	75	3.1058	4.2473	-1	-5.8942	3.2474	0	-7.3438	3	-1	1	1	0	0	0
1	1439.9	3.2776	0.48259	3.2776	0.48259	0	2	75	3.1058	4.2473	-1	-5.8942	3.2474	0	-7.3438	3	-1	1	1	0	0	0
1	1456.5	3.4787	0.83649	3.4787	0.83649	0	2	75	3.1058	4.2473	-1	-5.8942	3.2474	0	-7.3438	3	-1	1	1	0	0	0
1	1473.1	3.5792	0.99735	3.5792	0.99735	0	2	75	3.1058	4.2473	-1	-5.8942	3.2474	0	-7.3438	3	-1	1	1	0	0	0
1	1489.7	3.7602	1.2869	3.7602	1.2869	0	2	75	3.1058	4.2473	-1	-5.8942	3.2474	0	-7.3438	3	-1	1	1	0	0	0
1	1506.3	3.9009	1.5121	3.9009	1.5121	0	2	75	3.1058	4.2473	-1	-5.8942	3.2474	0	-7.3438	3	-1	1	1	0	0	0
1	1522.8	3.9613	1.6408	3.9613	1.6408	0	2	75	3.1058	4.2473	-1	-5.8942	3.2474	0	-7.3438	3	-1	1	1	0	0	0
1	1539.5	4.0819	1.8017	4.0819	1.8017	0	2	75	3.1058	4.2473	-1	-5.8942	3.2474	0	-7.3438	3	-1	1	1	0	0	0
1	1556.1	4.1422	1.8982	4.1422	1.8982	0	2	75	3.1058	4.2473	-1	-5.8942	3.2474	0	-7.3438	3	-1	1	1	0	0	0
1	1572.7	4.1824	1.9625	4.1824	1.9625	0	2	75	3.1058	4.2473	-1	-5.8942	3.2474	0	-7.3438	3	-1	1	1	0	0	0
1	1589.3	4.2227	2.0269	4.2227	2.0269	0	2	75	3.1058	4.2473	-1	-5.8942	3.2474	0	-7.3438	3	-1	1	0	0	0	0
1	1605.9	4.2428	2.059	4.2428	2.059	0	2	75	3.1058	4.2473	-1	-5.8942	3.2474	0	-7.3438	3	-1	1	0	0	0	0
1	1622.5	4.2428	2.059	4.2428	2.059	0	2	75	3.1058	4.2473	-1	-5.8942	3.2474	0	-7.3438	3	-1	1	0	0	0	0
1	1639.1	4.2428	2.059	4.2428	2.059	0	2	75	3.1058	4.2473	-1	-5.8942	3.2474	0	-7.3438	3	-1	1	0	0	0	0
1	1655.6	4.2428	2.059	4.2428	2.059	0	3	75	3.1058	4.2473	-1	-5.8942	3.2474	0	-7.3438	3	-1	1	0	0	0	0
2	29.221	0.2614	-7.6249	0.2614	-7.6249	0	1	105	-3.1058	4.2473	-1	-12.106	3.2474	0	-7.3438	3	-1	1	0	0	0	0
2	45.823	0.22119	-7.6893	0.22119	-7.6893	0	1	105	-3.1058	4.2473	-1	-12.106	3.2474	0	-7.3438	3	-1	1	0	0	0	0
2	62.409	0.22119	-7.6571	0.22119	-7.6571	0	1	105	-3.1058	4.2473	-1	-12.106	3.2474	0	-7.3438	3	-1	1	0	0	0	0
2	78.974	0.22119	-7.6571	0.22119	-7.6571	0	1	105	-3.1058	4.2473	-1	-12.106	3.2474	0	-7.3438	3	-1	1	0	0	0	0
2	95.602	0.22119	-7.6571	0.22119	-7.6571	0	1	105	-3.1058	4.2473	-1	-12.106	3.2474	0	-7.3438	3	-1	1	0	0	0	0
2	112.22	0.22119	-7.6571	0.22119	-7.6571	0	1	105	-3.1058	4.2473	-1	-12.106	3.2474	0	-7.3438	3	-1	1	0	0	0	0
2	128.8	0.22119	-7.6571	0.22119	-7.6571	0	1	105	-3.1058	4.2473	-1	-12.106	3.2474	0	-7.3438	3	-1	1	0	0	0	0
2	145.42	0.22119	-7.6571	0.22119	-7.6571	0	1	105	-3.1058	4.2473	-1	-12.106	3.2474	0	-7.3438	3	-1	1	0	0	0	0
2	162.03	0.22119	-7.6571	0.22119	-7.6571	0	1	105	-3.1058	4.2473	-1	-12.106	3.2474	0	-7.3438	3	-1	1	0	0	0	0
2	178.6	0.22119	-7.6571	0.22119	-7.6571	0	1	105	-3.1058	4.2473	-1	-12.106	3.2474	0	-7.3438	3	-1	1	0	0	0	0
2	195.15	0.22119	-7.6571	0.22119	-7.6571	0	1	105	-3.1058	4.2473	-1	-12.106	3.2474	0	-7.3438	3	-1	1	0	0	0	0
2	211.76	0.22119	-7.6571	0.22119	-7.6571	0	1	105	-3.1058	4.2473	-1	-12.106	3.2474	0	-7.3438	3	-1	1	0	0	0	0
2	228.35	0.22119	-7.6571	0.22119	-7.6571	0	1	105	-3.1058	4.2473	-1	-12.106	3.2474	0	-7.3438	3	-1	1	0	0	0	0
2	244.94	0.22119	-7.6571	0.22119	-7.6571	0	1	105	-3.1058	4.2473	-1	-12.106	3.2474	0	-7.3438	3	-1	1	0	0	0	0
2	261.6	0.22119	-7.6571	0.22119	-7.6571	0	1	105	-3.1058	4.2473	-1	-12.106	3.2474	0	-7.3438	3	-1	1	0	0	0	0
2	278.18	0.22119	-7.6571	0.22119	-7.6571	0	1	105	-3.1058	4.2473	-1	-12.106	3.2474	0	-7.3438	3	-1	1	0	0	0	0
2	294.73	0.22119	-7.6571	0.22119	-7.6571	0	1	105	-3.1058	4.2473	-1	-12.106	3.2474	0	-7.3438	3	-1	1	0	0	0	0
2	311.34	0.22119	-7.6571	0.22119	-7.6571	0	1	105	-3.1058	4.2473	-1	-12.106	3.2474	0	-7.3438	3	-1	1	0	0	0	0
2	327.89	0.22119	-7.6571	0.22119	-7.6571	0	1	105	-3.1058	4.2473	-1	-12.106	3.2474	0	-7.3438	3	-1	1	0	0	0	0
2	344.55	0.22119	-7.6571	0.22119	-7.6571	0	1	105	-3.1058	4.2473	-1	-12.106	3.2474	0	-7.3438	3	-1	1	0	0	0	0
2	361.15	0.22119	-7.6571	0.22119	-7.6571	0	1	105	-3.1058	4.2473	-1	-12.106	3.2474	0	-7.3438	3	-1	1	0	0	0	0
2	377.75	0.22119	-7.6571	0.22119	-7.6571	0	1	105	-3.1058	4.2473	-1	-12.106	3.2474	0	-7.3438	3	-1	1	0	0	0	0
2	394.3	0.22119	-7.6571	0.22119	-7.6571	0	1	105	-3.1058	4.2473	-1	-12.106	3.2474	0	-7.3438	3	-1	1	0	0	0	0
2	410.91	0.22119	-7.6571	0.22119	-7.6571	0	1	105	-3.1058	4.2473	-1	-12.106	3.2474	0	-7.3438	3	-1	1	0	0	0	0
2	427.47	0.22119	-7.6571	0.22119	-7.6571	0	1	105	-3.1058	4.2473	-1	-12.106	3.2474	0	-7.3438	3	-1	1	0	0	0	0
2	444.11	0.22119	-7.6571	0.22119	-7.6571	0	1	105	-3.1058	4.2473	-1	-12.106	3.2474	0	-7.3438	3	-1	1	0	0	0	0
2	460.6	0.22119	-7.6571	0.22119	-7.6571	0	1	105	-3.1058	4.2473	-1	-12.106	3.2474	0	-7.3438	3	-1	1	0	0	0	0
2	477.31	0.22119	-7.6571	0.22119	-7.6571	0	1	105	-3.1058	4.2473	-1	-12.106	3.2474	0	-7.3438	3	-1	1	0	0	0	0
2	493.91	0.22119	-7.6571	0.22119	-7.6571	0	1	105	-3.1058	4.2473	-1	-12.106	3.2474	0	-7.3438	3	-1	1	0	0	0	0
2	510.49	0.22119	-7.6571	0.22119	-7.6571	0	1	105	-3.1058	4.2473	-1	-12.106	3.2474	0	-7.3438	3	-1	1	0	0	0	0
2	527	0.22119	-7.6571	0.22119	-7.6571	0	1	105	-3.1058	4.2473	-1	-12.106	3.2474	0	-7.3438	3	-1	1	0	0	0	0
2	543.63	0.22119	-7.6571	0.22119	-7.6571	0	1	105	-3.1058	4.2473	-1	-12.106	3.2474	0	-7.3438	3	-1	1	0	0	0	0
2	560.29	0.22119	-7.6571	0.22119	-7.6571	0	1	105	-3.1058	4.2473	-1	-12.106	3.2474	0	-7.3438	3	-1	1	0	0	0	0
2	576.88	0.22119	-7.6249	0.22119	-7.6249	0	1	105	-3.1058	4.2473	-1	-12.106	3.2474	0	-7.3438	3	-1	1	0	0	0	0
2	593.6	0.22119	-7.6249	0.22119	-7.6249	0	1	105	-3.1058	4.2473	-1	-12.106	3.2474	0	-7.3438	3	-1	1	0	0	0	0
2	610.03	0.22119	-7.6249	0.22119	-7.6249	0	1	105	-3.1058	4.2473	-1	-12.106	3.2474	0	-7.3438	3	-1	1	0	0	0	0
2	626.55	0.22119	-7.6249	0.22119	-7.6249	0	1	105	-3.1058	4.2473	-1	-12.106	3.2474	0	-7.3438	3	-1	1	0	0	0	0
2	643.21	0.22119	-7.6249	0.22119	-7.6249	0	1	105	-3.1058	4.2473	-1	-12.106	3.2474	0	-7.3438	3	-1	1	0	0	0	0
2	659.77	0.22119	-7.6249	0.22119	-7.6249	0	1	105	-3.1058	4.2473	-1	-12.106	3.2474	0	-7.3438	3	-1	1	0	0	0	0
2	676.35	0.22119	-7.6249	0.22119	-7.6249	0	1	105	-3.1058	4.2473	-1	-12.106	3.2474	0	-7.3438	3	-1	1	0	0	0	0
2	692.97	0.22119	-7.6249	0.22119	-7.6249	0	1	105	-3.1058	4.2473	-1	-12.106	3.2474	0	-7.3438	3	-1	1	0	0	0	0
2	709.63	0.22119	-7.6249	0.22119	-7.6249	0	1	105	-3.1058	4.2473	-1	-12.106	3.2474	0	-7.3438	3	-1	1	0	0	0	0
2	726.21	0.22119	-7.6249	0.22119	-7.6249	0	1	105	-3.1058	4.2473	-1	-12.106	3.2474	0	-7.3438	3	-1	1	0	0	0	0
2	742.76	0.22119	-7.6249	0.22119	-7.6249	0	1	105	-3.1058	4.2473	-1	-12.106	3.2474	0	-7.3438	3	-1	1	0	0	0	0
2	759.33	0.22119	-7.6249	0.22119	-7.6249	0	1	105	-3.1058	4.2473	-1	-12.106	3.2474	0	-7.3438	3	-1	1	0	0	0	0
2	775.98	0.22119	-7.6249	0.22119	-7.6249	0	1	105	-3.1058	4.2473	-1	-12.106	3.2474	0	-7.3438	3	-1	1	0	0	0	0
2	792.57	0.22119	-7.6249	0.22119	-7.6249	0	1	105	-3.1058	4.2473	-1	-12.106	3.2474	0	-7.3438	3	-1	1	0	0	0	0
2	809.16	0.22119	-7.5927	0.22119	-7.5927	0	1	105	-3.1058	4.2473	-1	-12.106	3.2474	0	-7.3438	3	-1	1	0	0	0	0
2	825.77	0.20108	-7.5927	0.20108	-7.5927	0	1	105	-3.1058	4.2473	-1	-12.106	3.2474	0	-7.3438	3	-1	1	0	0	0	0
2	842.38	0.20108	-7.5927	0.20108	-7.5927	0	1	105	-3.1058	4.2473	-1	-12.106	3.2474	0	-7.3438	3	-1	1	0	0	0	0
2	858.94	0.20108	-7.5927	0.20108	-7.5927	0	1	105	-3.1058	4.2473	-1	-12.106	3.2474	0	-7.3438	3	-1	1	0	0	0	0
2	875.53	0.20108	-7.5927	0.20108	-7.5927	0	1	105	-3.1058	4.2473	-1	-12.106	3.2474	0	-7.3438	3	-1	1	0	0	0	0
2	892.12	0.18097	-7.5927	0.18097	-7.5927	0	1	105	-3.1058	4.2473	-1	-12.106	3.2474	0	-7.3438	3	-1	1	0	0	0	0
2	908.71	0.18097	-7.5606	0.18097	-7.5606	0	1	105	-3.1058	4.2473	-1	-12.106	3.2474	0	-7.3438	3	-1	1	0	0	0	0
2	925.36	0.18097	-7.5606	0.18097	-7.5606	0	1	105	-3.1058	4.2473	-1	-12.106	3.2474	0	-7.3438	3	-1	1	0	0	0	0
2	941.91	0.18097	-7.5606	0.18097	-7.5606	0	1	105	-3.1058	4.2473	-1	-12.106	3.2474	0	-7.3438	3	-1	1	0	0	0	0
2	958.52	0.18097	-7.5606	0.18097	-7.5606	0	1	105	-3.1058	4.2473	-1	-12.106	3.2474	0	-7.3438	3	-1	1	0	0	0	0
2	975.07	0.18097	-7.5606	0.18097	-7.5606	0	1	105	-3.1058	4.2473	-1	-12.106	3.2474	0	-7.3438	3	-1	1	0	0	0	0
2	991.68	0.18097	-7.5606	0.18097	-7.5606	0	1	105	-3.1058	4.2473	-1	-12.106	3.2474	0	-7.3438	3	-1	1	0	0	0	0
2	1008.3	0.18097	-7.5606	0.18097	-7.5606	0	1	105	-3.1058	4.2473	-1	-12.106	3.2474	0	-7.3438	3	-1	1	0	0	0	0
2	1024.9	0.16086	-7.5606	0.16086	-7.5606	0	1	105	-3.1058	4.2473	-1	-12.106	3.2474	0	-7.3438	3	-1	1	0	0	0	0
2	1041.5	0.16086	-7.5284	0.16086	-7.5284	0	1	105	-3.1058	4.2473	-1	-12.106	3.2474	0	-7.3438	3	-1	1	0	0	0	0
2	1058.1	0.16086	-7.5284	0.16086	-7.5284	0	1	105	-3.1058	4.2473	-1	-12.106	3.2474	0	-7.3438	3	-1	1	0	0	0	0
2	1074.7	0.16086	-7.5284	0.16086	-7.5284	0	1	105	-3.1058	4.2473	-1	-12.106	3.2474	0	-7.3438	3	-1	1	1	0	0	0
2	1091.2	0.14076	-7.5284	0.14076	-7.5284	0	1	105	-3.1058	4.2473	-1	-12.106	3.2474	0	-7.3438	3	-1	1	1	0	0	0
2	1107.8	0.12065	-7.464	0.12065	-7.464	0	1	105	-3.1058	4.2473	-1	-12.106	3.2474	0	-7.3438	3	-1	1	1	0	0	0
2	1124.4	0.10054	-7.3997	0.10054	-7.3997	0	1	105	-3.1058	4.2473	-1	-12.106	3.2474	0	-7.3438	3	-1	1	1	0	0	0
2	1141.1	0.040216	-7.2388	0.040216	-7.2388	0	1	105	-3.1058	4.2473	-1	-12.106	3.2474	0	-7.3438	3	-1	1	1	0	0	0
2	1157.6	0	-7.1745	0	-7.1745	0	1	105	-3.1058	4.2473	-1	-12.106	3.2474	0	-7.3438	3	-1	1	1	0	0	0
2	1174.2	-0.040216	-6.9815	-0.040216	-6.9815	0	1	105	-3.1058	4.2473	-1	-12.106	3.2474	0	-7.3438	3	-1	1	1	0	0	0
2	1190.8	-0.10054	-6.7562	-0.10054	-6.7562	0	1	105	-3.1058	4.2473	-1	-12.106	3.2474	0	-7.3438	3	-1	1	1	0	0	0
2	1207.4	-0.14076	-6.4989	-0.14076	-6.4989	0	1	105	-3.1058	4.2473	-1	-12.106	3.2474	0	-7.3438	3	-1	1	1	0	0	0
2	1224	-0.16086	-6.338	-0.16086	-6.338	0	1	105	-3.1058	4.2473	-1	-12.106	3.2474	0	-7.3438	3	-1	1	1	0	0	0
2	1240.6	-0.18097	-6.0163	-0.18097	-6.0163	0	1	105	-3.1058	4.2473	-1	-12.106	3.2474	0	-7.3438	3	-1	1	1	0	0	0
2	1257.2	-0.20108	-5.8554	-0.20108	-5.8554	0	1	105	-3.1058	4.2473	-1	-12.106	3.2474	0	-7.3438	3	-1	1	1	0	0	0
2	1273.8	-0.22119	-5.5015	-0.22119	-5.5015	0	1	105	-3.1058	4.2473	-1	-12.106	3.2474	0	-7.3438	3	-1	1	1	0	0	0
2	1290.4	-0.2614	-5.1154	-0.2614	-5.1154	0	1	105	-3.1058	4.2473	-1	-12.106	3.2474	0	-7.3438	3	-1	1	1	0	0	0
2	1307	-0.28151	-4.7294	-0.28151	-4.7294	0	2	105	-3.1058	4.2473	-1	-12.106	3.2474	0	-7.3438	3	-1	1	1	0	0	0
2	1323.6	-0.28151	-4.5363	-0.28151	-4.5363	0	2	105	-3.1058	4.2473	-1	-12.106	3.2474	0	-7.3438	3	-1	1	1	0	0	0
2	1340.1	-0.28151	-4.1503	-0.28151	-4.1503	0	2	105	-3.1058	4.2473	-1	-12.106	3.2474	0	-7.3438	3	-1	1	1	0	0	0
2	1356.8	-0.30162	-3.9572	-0.30162	-3.9572	0	2	105	-3.1058	4.2473	-1	-12.106	3.2474	0	-7.3438	3	-1	1	1	0	0	0
2	1373.4	-0.30162	-3.5712	-0.30162	-3.5712	0	2	105	-3.1058	4.2473	-1	-12.106	3.2474	0	-7.3438	3	-1	1	1	0	1	0
2	1389.9	-0.32173	-3.1529	-0.32173	-3.1529	0	2	105	-3.1058	4.2473	-1	-12.106	3.2474	0	-7.3438	3	-1	1	1	0	0	0
2	1406.5	-0.34183	-2.799	-0.34183	-2.799	0	2	105	-3.1058	4.2473	-1	-12.106	3.2474	0	-7.3438	3	-1	1	1	0	0	0
2	1423.1	-0.36194	-2.606	-0.36194	-2.606	0	2	105	-3.1058	4.2473	-1	-12.106	3.2474	0	-7.3438	3	-1	1	1	0	0	0
2	1439.7	-0.38205	-2.2199	-0.38205	-2.2199	0	2	105	-3.1058	4.2473	-1	-12.106	3.2474	0	-7.3438	3	-1	1	1	0	0	0
2	1456.3	-0.40216	-2.059	-0.40216	-2.059	0	2	105	-3.1058	4.2473	-1	-12.106	3.2474	0	-7.3438	3	-1	1	1	0	0	0
2	1472.9	-0.42227	-1.673	-0.42227	-1.673	0	2	105	-3.1058	4.2473	-1	-12.106	3.2474	0	-7.3438	3	-1	1	1	0	0	0
2	1489.5	-0.46248	-1.3191	-0.46248	-1.3191	0	2	105	-3.1058	4.2473	-1	-12.106	3.2474	0	-7.3438	3	-1	1	1	0	0	0
2	1506.1	-0.48259	-1.1582	-0.48259	-1.1582	0	2	105	-3.1058	4.2473	-1	-12.106	3.2474	0	-7.3438	3	-1	1	1	0	0	0
2	1522.7	-0.52281	-0.86866	-0.52281	-0.86866	0	2	105	-3.1058	4.2473	-1	-12.106	3.2474	0	-7.3438	3	-1	1	1	0	0	0
2	1539.3	-0.58313	-0.57911	-0.58313	-0.57911	0	2	105	-3.1058	4.2473	-1	-12.106	3.2474	0	-7.3438	3	-1	1	1	0	0	0
2	1555.9	-0.62334	-0.41824	-0.62334	-0.41824	0	2	105	-3.1058	4.2473	-1	-12.106	3.2474	0	-7.3438	3	-1	1	1	0	0	0
2	1572.5	-0.68367	-0.16086	-0.68367	-0.16086	0	2	105	-3.1058	4.2473	-1	-12.106	3.2474	0	-7.3438	3	-1	1	1	0	0	0
2	1589.1	-0.7641	0.064345	-0.7641	0.064345	0	2	105	-3.1058	4.2473	-1	-12.106	3.2474	0	-7.3438	3	-1	1	1	0	0	0
2	1605.7	-0.80432	0.16086	-0.80432	0.16086	0	2	105	-3.1058	4.2473	-1	-12.106	3.2474	0	-7.3438	3	-1	1	1	0	0	0
2	1622.3	-0.88475	0.38607	-0.88475	0.38607	0	2	105	-3.1058	4.2473	-1	-12.106	3.2474	0	-7.3438	3	-1	1	1	0	0	0
2	1638.8	-0.98529	0.57911	-0.98529	0.57911	0	2	105	-3.1058	4.2473	-1	-12.106	3.2474	0	-7.3438	3	-1	1	1	0	0	0
2	1655.4	-1.0255	0.64345	-1.0255	0.64345	0	2	105	-3.1058	4.2473	-1	-12.106	3.2474	0	-7.3438	3	-1	1	1	0	0	0
2	1672.1	-1.1059	0.80432	-1.1059	0.80432	0	2	105	-3.1058	4.2473	-1	-12.106	3.2474	0	-7.3438	3	-1	1	1	0	0	0
2	1688.7	-1.1864	0.96518	-1.1864	0.96518	0	2	105	-3.1058	4.2473	-1	-12.106	3.2474	0	-7.3438	3	-1	1	1	0	0	0
2	1705.2	-1.2065	1.0617	-1.2065	1.0617	0	2	105	-3.1058	4.2473	-1	-12.106	3.2474	0	-7.3438	3	-1	1	1	0	0	0
2	1721.9	-1.2869	1.2226	-1.2869	1.2226	0	2	105	-3.1058	4.2473	-1	-12.106	3.2474	0	-7.3438	3	-1	1	1	0	0	0
2	1738.4	-1.3271	1.3834	-1.3271	1.3834	0	2	105	-3.1058	4.2473	-1	-12.106	3.2474	0	-7.3438	3	-1	1	1	0	0	0
2	1755	-1.3472	1.4799	-1.3472	1.4799	0	2	105	-3.1058	4.2473	-1	-12.106	3.2474	0	-7.3438	3	-1	1	1	0	0	0
2	1771.6	-1.3673	1.6408	-1.3673	1.6408	0	2	105	-3.1058	4.2473	-1	-12.106	3.2474	0	-7.3438	3	-1	1	0	0	0	0
2	1788.2	-1.3874	1.7695	-1.3874	1.7695	0	3	105	-3.1058	4.2473	-1	-12.106	3.2474	0	-7.3438	3	-1	1	0	0	0	0
3	29.665	0.66356	-7.5606	0.66356	-7.5606	0	1	105	-3.1058	4.2473	-1	-12.106	3.2474	0	-7.3438	3	-1	1	0	0	0	0
3	46.282	0.66356	-7.5606	0.66356	-7.5606	0	1	105	-3.1058	4.2473	-1	-12.106	3.2474	0	-7.3438	3	-1	1	0	0	0	0
3	62.857	0.66356	-7.5606	0.66356	-7.5606	0	1	105	-3.1058	4.2473	-1	-12.106	3.2474	0	-7.3438	3	-1	1	0	0	0	0
3	79.481	0.66356	-7.5606	0.66356	-7.5606	0	1	105	-3.1058	4.2473	-1	-12.106	3.2474	0	-7.3438	3	-1	1	0	0	0	0
3	96.077	0.66356	-7.5606	0.66356	-7.5606	0	1	105	-3.1058	4.2473	-1	-12.106	3.2474	0	-7.3438	3	-1	1	0	0	0	0
3	112.64	0.66356	-7.5606	0.66356	-7.5606	0	1	105	-3.1058	4.2473	-1	-12.106	3.2474	0	-7.3438	3	-1	1	0	0	0	0
3	129.2	0.66356	-7.5606	0.66356	-7.5606	0	1	105	-3.1058	4.2473	-1	-12.106	3.2474	0	-7.3438	3	-1	1	0	0	0	0
3	145.77	0.66356	-7.5606	0.66356	-7.5606	0	1	105	-3.1058	4.2473	-1	-12.106	3.2474	0	-7.3438	3	-1	1	0	0	0	0
3	162.42	0.66356	-7.5606	0.66356	-7.5606	0	1	105	-3.1058	4.2473	-1	-12.106	3.2474	0	-7.3438	3	-1	1	0	0	0	0
3	179.01	0.64345	-7.5284	0.64345	-7.5284	0	1	105	-3.1058	4.2473	-1	-12.106	3.2474	0	-7.3438	3	-1	1	0	0	0	0
3	195.62	0.64345	-7.5284	0.64345	-7.5284	0	1	105	-3.1058	4.2473	-1	-12.106	3.2474	0	-7.3438	3	-1	1	0	0	0	0
3	212.21	0.62334	-7.5284	0.62334	-7.5284	0	1	105	-3.1058	4.2473	-1	-12.106	3.2474	0	-7.3438	3	-1	1	0	0	0	0
3	228.77	0.60324	-7.5284	0.60324	-7.5284	0	1	105	-3.1058	4.2473	-1	-12.106	3.2474	0	-7.3438	3	-1	1	1	0	0	0
3	245.36	0.56302	-7.5284	0.56302	-7.5284	0	1	105	-3.1058	4.2473	-1	-12.106	3.2474	0	-7.3438	3	-1	1	1	0	0	0
3	261.94	0.42227	-7.5606	0.42227	-7.5606	0	1	105	-3.1058	4.2473	-1	-12.106	3.2474	0	-7.3438	3	-1	1	1	0	0	0
3	278.57	0.32173	-7.5606	0.32173	-7.5606	0	1	105	-3.1058	4.2473	-1	-12.106	3.2474	0	-7.3438	3	-1	1	1	0	0	0
3	295.18	0.18097	-7.6249	0.18097	-7.6249	0	1	105	-3.1058	4.2473	-1	-12.106	3.2474	0	-7.3438	3	-1	1	1	0	0	0
3	311.77	0.14076	-7.6249	0.14076	-7.6249	0	1	105	-3.1058	4.2473	-1	-12.106	3.2474	0	-7.3438	3	-1	1	1	0	0	0
3	328.39	0.12065	-7.6249	0.12065	-7.6249	0	1	105	-3.1058	4.2473	-1	-12.106	3.2474	0	-7.3438	3	-1	1	1	0	0	0
3	344.95	0.060324	-7.5927	0.060324	-7.5927	0	1	105	-3.1058	4.2473	-1	-12.106	3.2474	0	-7.3438	3	-1	1	1	0	0	0
3	361.54	-0.020108	-7.5927	-0.020108	-7.5927	0	1	105	-3.1058	4.2473	-1	-12.106	3.2474	0	-7.3438	3	-1	1	1	0	0	0
3	378.15	-0.060324	-7.5927	-0.060324	-7.5927	0	1	105	-3.1058	4.2473	-1	-12.106	3.2474	0	-7.3438	3	-1	1	1	0	0	0
3	394.7	-0.10054	-7.5927	-0.10054	-7.5927	0	1	105	-3.1058	4.2473	-1	-12.106	3.2474	0	-7.3438	3	-1	1	1	0	0	0
3	411.36	-0.10054	-7.5927	-0.10054	-7.5927	0	1	105	-3.1058	4.2473	-1	-12.106	3.2474	0	-7.3438	3	-1	1	1	0	0	0
3	427.96	-0.10054	-7.5927	-0.10054	-7.5927	0	1	105	-3.1058	4.2473	-1	-12.106	3.2474	0	-7.3438	3	-1	1	1	0	0	0
3	444.54	-0.10054	-7.5927	-0.10054	-7.5927	0	1	105	-3.1058	4.2473	-1	-12.106	3.2474	0	-7.3438	3	-1	1	1	0	0	0
3	461.07	-0.10054	-7.5927	-0.10054	-7.5927	0	1	105	-3.1058	4.2473	-1	-12.106	3.2474	0	-7.3438	3	-1	1	1	0	0	0
3	477.68	-0.10054	-7.5927	-0.10054	-7.5927	0	1	105	-3.1058	4.2473	-1	-12.106	3.2474	0	-7.3438	3	-1	1	1	0	0	0
3	494.31	-0.10054	-7.5927	-0.10054	-7.5927	0	1	105	-3.1058	4.2473	-1	-12.106	3.2474	0	-7.3438	3	-1	1	1	0	0	0
3	510.9	-0.10054	-7.5927	-0.10054	-7.5927	0	1	105	-3.1058	4.2473	-1	-12.106	3.2474	0	-7.3438	3	-1	1	1	0	0	0
3	527.52	-0.10054	-7.5927	-0.10054	-7.5927	0	1	105	-3.1058	4.2473	-1	-12.106	3.2474	0	-7.3438	3	-1	1	1	0	0	0
3	544.09	-0.10054	-7.5927	-0.10054	-7.5927	0	1	105	-3.1058	4.2473	-1	-12.106	3.2474	0	-7.3438	3	-1	1	1	0	0	0
3	560.7	-0.10054	-7.5927	-0.10054	-7.5927	0	1	105	-3.1058	4.2473	-1	-12.106	3.2474	0	-7.3438	3	-1	1	1	0	0	0
3	577.22	-0.10054	-7.5927	-0.10054	-7.5927	0	1	105	-3.1058	4.2473	-1	-12.106	3.2474	0	-7.3438	3	-1	1	1	0	0	0
3	593.84	-0.10054	-7.5927	-0.10054	-7.5927	0	1	105	-3.1058	4.2473	-1	-12.106	3.2474	0	-7.3438	3	-1	1	1	0	0	0
3	610.47	-0.10054	-7.5927	-0.10054	-7.5927	0	1	105	-3.1058	4.2473	-1	-12.106	3.2474	0	-7.3438	3	-1	1	1	0	0	0
3	627.09	-0.12065	-7.5606	-0.12065	-7.5606	0	1	105	-3.1058	4.2473	-1	-12.106	3.2474	0	-7.3438	3	-1	1	1	0	0	0
3	643.81	-0.16086	-7.5284	-0.16086	-7.5284	0	1	105	-3.1058	4.2473	-1	-12.106	3.2474	0	-7.3438	3	-1	1	1	0	0	0
3	660.18	-0.18097	-7.4962	-0.18097	-7.4962	0	1	105	-3.1058	4.2473	-1	-12.106	3.2474	0	-7.3438	3	-1	1	1	0	0	0
3	676.8	-0.24129	-7.4319	-0.24129	-7.4319	0	1	105	-3.1058	4.2473	-1	-12.106	3.2474	0	-7.3438	3	-1	1	1	0	0	0
3	693.41	-0.30162	-7.3032	-0.30162	-7.3032	0	1	105	-3.1058	4.2473	-1	-12.106	3.2474	0	-7.3438	3	-1	1	1	0	0	0
3	710.03	-0.34183	-7.2067	-0.34183	-7.2067	0	1	105	-3.1058	4.2473	-1	-12.106	3.2474	0	-7.3438	3	-1	1	1	0	0	0
3	726.66	-0.44237	-6.9815	-0.44237	-6.9815	0	1	105	-3.1058	4.2473	-1	-12.106	3.2474	0	-7.3438	3	-1	1	1	0	0	0
3	743.26	-0.56302	-6.7241	-0.56302	-6.7241	0	1	105	-3.1058	4.2473	-1	-12.106	3.2474	0	-7.3438	3	-1	1	1	0	0	0
3	759.81	-0.62334	-6.5632	-0.62334	-6.5632	0	1	105	-3.1058	4.2473	-1	-12.106	3.2474	0	-7.3438	3	-1	1	1	0	0	0
3	776.4	-0.7641	-6.1771	-0.7641	-6.1771	0	1	105	-3.1058	4.2473	-1	-12.106	3.2474	0	-7.3438	3	-1	1	1	0	0	0
3	792.93	-0.94507	-5.7589	-0.94507	-5.7589	0	1	105	-3.1058	4.2473	-1	-12.106	3.2474	0	-7.3438	3	-1	1	1	0	0	0
3	809.57	-1.0255	-5.5659	-1.0255	-5.5659	0	1	105	-3.1058	4.2473	-1	-12.106	3.2474	0	-7.3438	3	-1	1	1	0	0	0
3	826.17	-1.2065	-5.1476	-1.2065	-5.1476	0	2	105	-3.1058	4.2473	-1	-12.106	3.2474	0	-7.3438	3	-1	1	1	0	0	0
3	842.87	-1.3874	-4.7615	-1.3874	-4.7615	0	2	105	-3.1058	4.2473	-1	-12.106	3.2474	0	-7.3438	3	-1	1	1	0	0	0
3	859.42	-1.488	-4.5685	-1.488	-4.5685	0	2	105	-3.1058	4.2473	-1	-12.106	3.2474	0	-7.3438	3	-1	1	1	0	0	0
3	875.98	-1.6891	-4.1503	-1.6891	-4.1503	0	2	105	-3.1058	4.2473	-1	-12.106	3.2474	0	-7.3438	3	-1	1	1	0	0	0
3	892.58	-1.9102	-3.732	-1.9102	-3.732	0	2	105	-3.1058	4.2473	-1	-12.106	3.2474	0	-7.3438	3	-1	1	1	0	0	0
3	909.12	-2.0108	-3.539	-2.0108	-3.539	0	2	105	-3.1058	4.2473	-1	-12.106	3.2474	0	-7.3438	3	-1	1	1	0	1	0
3	925.73	-2.2119	-3.0886	-2.2119	-3.0886	0	2	105	-3.1058	4.2473	-1	-12.106	3.2474	0	-7.3438	3	-1	1	1	0	0	0
3	942.36	-2.4129	-2.6703	-2.4129	-2.6703	0	2	105	-3.1058	4.2473	-1	-12.106	3.2474	0	-7.3438	3	-1	1	1	0	0	0
3	958.92	-2.5135	-2.4451	-2.5135	-2.4451	0	2	105	-3.1058	4.2473	-1	-12.106	3.2474	0	-7.3438	3	-1	1	1	0	0	0
3	975.52	-2.6945	-2.0269	-2.6945	-2.0269	0	2	105	-3.1058	4.2473	-1	-12.106	3.2474	0	-7.3438	3	-1	1	1	0	0	0
3	992.16	-2.795	-1.8017	-2.795	-1.8017	0	2	105	-3.1058	4.2473	-1	-12.106	3.2474	0	-7.3438	3	-1	1	1	0	0	0
3	1008.7	-2.9559	-1.3834	-2.9559	-1.3834	0	2	105	-3.1058	4.2473	-1	-12.106	3.2474	0	-7.3438	3	-1	1	1	0	0	0
3	1025.3	-3.1167	-0.93301	-3.1167	-0.93301	0	2	105	-3.1058	4.2473	-1	-12.106	3.2474	0	-7.3438	3	-1	1	1	0	0	0
3	1041.9	-3.2374	-0.45042	-3.2374	-0.45042	0	2	105	-3.1058	4.2473	-1	-12.106	3.2474	0	-7.3438	3	-1	1	1	0	0	0
3	1058.5	-3.2776	-0.22521	-3.2776	-0.22521	0	2	105	-3.1058	4.2473	-1	-12.106	3.2474	0	-7.3438	3	-1	1	1	0	0	0
3	1075.1	-3.358	0.19304	-3.358	0.19304	0	2	105	-3.1058	4.2473	-1	-12.106	3.2474	0	-7.3438	3	-1	1	1	0	0	0
3	1091.7	-3.3781	0.3539	-3.3781	0.3539	0	2	105	-3.1058	4.2473	-1	-12.106	3.2474	0	-7.3438	3	-1	1	1	0	0	0
3	1108.3	-3.4384	0.7078	-3.4384	0.7078	0	2	105	-3.1058	4.2473	-1	-12.106	3.2474	0	-7.3438	3	-1	1	1	0	0	0
3	1124.9	-3.4787	0.99735	-3.4787	0.99735	0	2	105	-3.1058	4.2473	-1	-12.106	3.2474	0	-7.3438	3	-1	1	1	0	0	0
3	1141.4	-3.4787	1.2869	-3.4787	1.2869	0	2	105	-3.1058	4.2473	-1	-12.106	3.2474	0	-7.3438	3	-1	1	1	0	0	0
3	1158.1	-3.4586	1.4156	-3.4586	1.4156	0	2	105	-3.1058	4.2473	-1	-12.106	3.2474	0	-7.3438	3	-1	1	1	0	0	0
3	1174.7	-3.4384	1.6408	-3.4384	1.6408	0	2	105	-3.1058	4.2473	-1	-12.106	3.2474	0	-7.3438	3	-1	1	1	0	0	0
3	1191.3	-3.4183	1.7051	-3.4183	1.7051	0	2	105	-3.1058	4.2473	-1	-12.106	3.2474	0	-7.3438	3	-1	1	1	0	0	0
3	1207.9	-3.3781	1.866	-3.3781	1.866	0	2	105	-3.1058	4.2473	-1	-12.106	3.2474	0	-7.3438	3	-1	1	1	0	0	0
3	1224.4	-3.358	1.9625	-3.358	1.9625	0	2	105	-3.1058	4.2473	-1	-12.106	3.2474	0	-7.3438	3	-1	1	1	0	0	0
3	1241	-3.3379	2.0269	-3.3379	2.0269	0	2	105	-3.1058	4.2473	-1	-12.106	3.2474	0	-7.3438	3	-1	1	0	0	0	0
3	1257.6	-3.3379	2.059	-3.3379	2.059	0	2	105	-3.1058	4.2473	-1	-12.106	3.2474	0	-7.3438	3	-1	1	0	0	0	0
3	1274.2	-3.3178	2.0912	-3.3178	2.0912	0	2	105	-3.1058	4.2473	-1	-12.106	3.2474	0	-7.3438	3	-1	1	0	0	0	0
3	1290.8	-3.3178	2.0912	-3.3178	2.0912	0	3	105	-3.1058	4.2473	-1	-12.106	3.2474	0	-7.3438	3	-1	1	0	0	0	0
4	30.276	0.30162	-7.6249	0.30162	-7.6249	0	1	90	0	4.6562	-1	-9	3.6562	0	-7.3438	3	-1	1	0	0	0	0
4	46.871	0.30162	-7.6893	0.30162	-7.6893	0	1	90	0	4.6562	-1	-9	3.6562	0	-7.3438	3	-1	1	0	0	0	0
4	63.431	0.30162	-7.6571	0.30162	-7.6571	0	1	90	0	4.6562	-1	-9	3.6562	0	-7.3438	3	-1	1	0	0	0	0
4	80.014	0.30162	-7.6571	0.30162	-7.6571	0	1	90	0	4.6562	-1	-9	3.6562	0	-7.3438	3	-1	1	0	0	0	0
4	96.611	0.30162	-7.6571	0.30162	-7.6571	0	1	90	0	4.6562	-1	-9	3.6562	0	-7.3438	3	-1	1	0	0	0	0
4	113.19	0.30162	-7.6571	0.30162	-7.6571	0	1	90	0	4.6562	-1	-9	3.6562	0	-7.3438	3	-1	1	0	0	0	0
4	129.73	0.30162	-7.6571	0.30162	-7.6571	0	1	90	0	4.6562	-1	-9	3.6562	0	-7.3438	3	-1	1	0	0	0	0
4	146.45	0.30162	-7.6571	0.30162	-7.6571	0	1	90	0	4.6562	-1	-9	3.6562	0	-7.3438	3	-1	1	0	0	0	0
4	163.01	0.30162	-7.6571	0.30162	-7.6571	0	1	90	0	4.6562	-1	-9	3.6562	0	-7.3438	3	-1	1	0	0	0	0
4	179.56	0.30162	-7.6571	0.30162	-7.6571	0	1	90	0	4.6562	-1	-9	3.6562	0	-7.3438	3	-1	1	0	0	0	0
4	196.17	0.30162	-7.6571	0.30162	-7.6571	0	1	90	0	4.6562	-1	-9	3.6562	0	-7.3438	3	-1	1	0	0	0	0
4	212.77	0.30162	-7.6571	0.30162	-7.6571	0	1	90	0	4.6562	-1	-9	3.6562	0	-7.3438	3	-1	1	0	0	0	0
4	229.37	0.30162	-7.6571	0.30162	-7.6571	0	1	90	0	4.6562	-1	-9	3.6562	0	-7.3438	3	-1	1	0	0	0	0
4	245.95	0.30162	-7.6571	0.30162	-7.6571	0	1	90	0	4.6562	-1	-9	3.6562	0	-7.3438	3	-1	1	0	0	0	0
4	262.56	0.30162	-7.6571	0.30162	-7.6571	0	1	90	0	4.6562	-1	-9	3.6562	0	-7.3438	3	-1	1	0	0	0	0
4	279.14	0.28151	-7.6571	0.28151	-7.6571	0	1	90	0	4.6562	-1	-9	3.6562	0	-7.3438	3	-1	1	0	0	0	0
4	295.76	0.28151	-7.6249	0.28151	-7.6249	0	1	90	0	4.6562	-1	-9	3.6562	0	-7.3438	3	-1	1	0	0	0	0
4	312.34	0.28151	-7.6249	0.28151	-7.6249	0	1	90	0	4.6562	-1	-9	3.6562	0	-7.3438	3	-1	1	0	0	0	0
4	328.91	0.28151	-7.6249	0.28151	-7.6249	0	1	90	0	4.6562	-1	-9	3.6562	0	-7.3438	3	-1	1	0	0	0	0
4	345.52	0.28151	-7.6249	0.28151	-7.6249	0	1	90	0	4.6562	-1	-9	3.6562	0	-7.3438	3	-1	1	0	0	0	0
4	362.12	0.28151	-7.6249	0.28151	-7.6249	0	1	90	0	4.6562	-1	-9	3.6562	0	-7.3438	3	-1	1	0	0	0	0
4	378.73	0.28151	-7.6249	0.28151	-7.6249	0	1	90	0	4.6562	-1	-9	3.6562	0	-7.3438	3	-1	1	0	0	0	0
4	395.3	0.28151	-7.6249	0.28151	-7.6249	0	1	90	0	4.6562	-1	-9	3.6562	0	-7.3438	3	-1	1	0	0	0	0
4	411.91	0.28151	-7.5927	0.28151	-7.5927	0	1	90	0	4.6562	-1	-9	3.6562	0	-7.3438	3	-1	1	0	0	0	0
4	428.5	0.28151	-7.5927	0.28151	-7.5927	0	1	90	0	4.6562	-1	-9	3.6562	0	-7.3438	3	-1	1	1	0	0	0
4	445.1	0.28151	-7.5606	0.28151	-7.5606	0	1	90	0	4.6562	-1	-9	3.6562	0	-7.3438	3	-1	1	1	0	0	0
4	461.65	0.2614	-7.464	0.2614	-7.464	0	1	90	0	4.6562	-1	-9	3.6562	0	-7.3438	3	-1	1	1	0	0	0
4	478.31	0.24129	-7.2388	0.24129	-7.2388	0	1	90	0	4.6562	-1	-9	3.6562	0	-7.3438	3	-1	1	1	0	0	0
4	494.91	0.22119	-7.1101	0.22119	-7.1101	0	1	90	0	4.6562	-1	-9	3.6562	0	-7.3438	3	-1	1	1	0	0	0
4	511.5	0.20108	-6.7884	0.20108	-6.7884	0	1	90	0	4.6562	-1	-9	3.6562	0	-7.3438	3	-1	1	1	0	0	0
4	528.04	0.20108	-6.4345	0.20108	-6.4345	0	1	90	0	4.6562	-1	-9	3.6562	0	-7.3438	3	-1	1	1	0	0	0
4	544.63	0.22119	-6.2737	0.22119	-6.2737	0	1	90	0	4.6562	-1	-9	3.6562	0	-7.3438	3	-1	1	1	0	0	0
4	561.24	0.2614	-5.9198	0.2614	-5.9198	0	1	90	0	4.6562	-1	-9	3.6562	0	-7.3438	3	-1	1	1	0	0	0
4	577.83	0.30162	-5.598	0.30162	-5.598	0	1	90	0	4.6562	-1	-9	3.6562	0	-7.3438	3	-1	1	1	0	0	0
4	594.47	0.32173	-5.405	0.32173	-5.405	0	1	90	0	4.6562	-1	-9	3.6562	0	-7.3438	3	-1	1	1	0	0	0
4	611.06	0.38205	-5.0189	0.38205	-5.0189	0	1	90	0	4.6562	-1	-9	3.6562	0	-7.3438	3	-1	1	1	0	0	0
4	627.64	0.40216	-4.8259	0.40216	-4.8259	0	2	90	0	4.6562	-1	-9	3.6562	0	-7.3438	3	-1	1	1	0	0	0
4	644.19	0.48259	-4.4076	0.48259	-4.4076	0	2	90	0	4.6562	-1	-9	3.6562	0	-7.3438	3	-1	1	1	0	0	0
4	660.79	0.54291	-4.0537	0.54291	-4.0537	0	2	90	0	4.6562	-1	-9	3.6562	0	-7.3438	3	-1	1	1	0	0	0
4	677.39	0.62334	-3.6999	0.62334	-3.6999	0	2	90	0	4.6562	-1	-9	3.6562	0	-7.3438	3	-1	1	1	0	0	0
4	694	0.64345	-3.539	0.64345	-3.539	0	2	90	0	4.6562	-1	-9	3.6562	0	-7.3438	3	-1	1	1	0	0	0
4	710.58	0.72388	-3.1851	0.72388	-3.1851	0	2	90	0	4.6562	-1	-9	3.6562	0	-7.3438	3	-1	1	1	0	0	0
4	727.21	0.7641	-3.0242	0.7641	-3.0242	0	2	90	0	4.6562	-1	-9	3.6562	0	-7.3438	3	-1	1	1	0	0	0
4	743.77	0.84453	-2.6382	0.84453	-2.6382	0	2	90	0	4.6562	-1	-9	3.6562	0	-7.3438	3	-1	1	1	0	1	0
4	760.37	0.92496	-2.2521	0.92496	-2.2521	0	2	90	0	4.6562	-1	-9	3.6562	0	-7.3438	3	-1	1	1	0	0	0
4	776.94	1.0054	-1.8982	1.0054	-1.8982	0	2	90	0	4.6562	-1	-9	3.6562	0	-7.3438	3	-1	1	1	0	0	0
4	793.61	1.0255	-1.7051	1.0255	-1.7051	0	2	90	0	4.6562	-1	-9	3.6562	0	-7.3438	3	-1	1	1	0	0	0
4	810.19	1.0858	-1.3513	1.0858	-1.3512	0	2	90	0	4.6562	-1	-9	3.6562	0	-7.3438	3	-1	1	1	0	0	0
4	826.79	1.126	-1.1582	1.126	-1.1582	0	2	90	0	4.6562	-1	-9	3.6562	0	-7.3438	3	-1	1	1	0	0	0
4	843.35	1.1663	-0.83649	1.1663	-0.83649	0	2	90	0	4.6562	-1	-9	3.6562	0	-7.3438	3	-1	1	1	0	0	0
4	859.92	1.1864	-0.48259	1.1864	-0.48259	0	2	90	0	4.6562	-1	-9	3.6562	0	-7.3438	3	-1	1	1	0	0	0
4	876.47	1.2065	-0.12869	1.2065	-0.12869	0	2	90	0	4.6562	-1	-9	3.6562	0	-7.3438	3	-1	1	1	0	0	0
4	893.12	1.2065	0.064345	1.2065	0.064345	0	2	90	0	4.6562	-1	-9	3.6562	0	-7.3438	3	-1	1	1	0	0	0
4	909.69	1.1864	0.38607	1.1864	0.38607	0	2	90	0	4.6562	-1	-9	3.6562	0	-7.3438	3	-1	1	1	0	0	0
4	926.35	1.1864	0.54693	1.1864	0.54693	0	2	90	0	4.6562	-1	-9	3.6562	0	-7.3438	3	-1	1	1	0	0	0
4	942.91	1.1663	0.83649	1.1663	0.83649	0	2	90	0	4.6562	-1	-9	3.6562	0	-7.3438	3	-1	1	1	0	0	0
4	959.51	1.1663	1.1582	1.1663	1.1582	0	2	90	0	4.6562	-1	-9	3.6562	0	-7.3438	3	-1	1	1	0	0	0
4	976.08	1.1864	1.4478	1.1864	1.4478	0	2	90	0	4.6562	-1	-9	3.6562	0	-7.3438	3	-1	1	1	0	0	0
4	992.64	1.1864	1.5765	1.1864	1.5765	0	2	90	0	4.6562	-1	-9	3.6562	0	-7.3438	3	-1	1	1	0	0	0
4	1009.2	1.2065	1.8338	1.2065	1.8338	0	2	90	0	4.6562	-1	-9	3.6562	0	-7.3438	3	-1	1	1	0	0	0
4	1025.9	1.2266	1.9304	1.2266	1.9304	0	2	90	0	4.6562	-1	-9	3.6562	0	-7.3438	3	-1	1	1	0	0	0
4	1042.5	1.2467	2.059	1.2467	2.059	0	2	90	0	4.6562	-1	-9	3.6562	0	-7.3438	3	-1	1	1	0	0	0
4	1059.1	1.2467	2.1877	1.2467	2.1877	0	2	90	0	4.6562	-1	-9	3.6562	0	-7.3438	3	-1	1	1	0	0	0
4	1075.7	1.2668	2.2521	1.2668	2.2521	0	2	90	0	4.6562	-1	-9	3.6562	0	-7.3438	3	-1	1	0	0	0	0
4	1092.2	1.2668	2.2843	1.2668	2.2843	0	2	90	0	4.6562	-1	-9	3.6562	0	-7.3438	3	-1	1	0	0	0	0
4	1108.8	1.2668	2.3164	1.2668	2.3164	0	2	90	0	4.6562	-1	-9	3.6562	0	-7.3438	3	-1	1	0	0	0	0
4	1125.4	1.2668	2.3486	1.2668	2.3486	0	3	90	0	4.6562	-1	-9	3.6562	0	-7.3438	3	-1	1	0	0	0	0
5	30.793	0.24129	-7.6893	0.24129	-7.6893	0	1	75	3.1058	4.2473	-1	-5.8942	3.2474	0	-7.3438	3	-1	1	0	0	0	0
5	47.353	0.2614	-7.6571	0.2614	-7.6571	0	1	75	3.1058	4.2473	-1	-5.8942	3.2474	0	-7.3438	3	-1	1	0	0	0	0
5	64.077	0.2614	-7.6571	0.2614	-7.6571	0	1	75	3.1058	4.2473	-1	-5.8942	3.2474	0	-7.3438	3	-1	1	0	0	0	0
5	80.509	0.2614	-7.6571	0.2614	-7.6571	0	1	75	3.1058	4.2473	-1	-5.8942	3.2474	0	-7.3438	3	-1	1	0	0	0	0
5	97.067	0.2614	-7.6571	0.2614	-7.6571	0	1	75	3.1058	4.2473	-1	-5.8942	3.2474	0	-7.3438	3	-1	1	0	0	0	0
5	113.76	0.2614	-7.6571	0.2614	-7.6571	0	1	75	3.1058	4.2473	-1	-5.8942	3.2474	0	-7.3438	3	-1	1	0	0	0	0
5	130.33	0.2614	-7.6571	0.2614	-7.6571	0	1	75	3.1058	4.2473	-1	-5.8942	3.2474	0	-7.3438	3	-1	1	0	0	0	0
5	146.94	0.2614	-7.6571	0.2614	-7.6571	0	1	75	3.1058	4.2473	-1	-5.8942	3.2474	0	-7.3438	3	-1	1	0	0	0	0
5	163.55	0.2614	-7.6571	0.2614	-7.6571	0	1	75	3.1058	4.2473	-1	-5.8942	3.2474	0	-7.3438	3	-1	1	0	0	0	0
5	180.17	0.2614	-7.6571	0.2614	-7.6571	0	1	75	3.1058	4.2473	-1	-5.8942	3.2474	0	-7.3438	3	-1	1	0	0	0	0
5	196.74	0.2614	-7.6249	0.2614	-7.6249	0	1	75	3.1058	4.2473	-1	-5.8942	3.2474	0	-7.3438	3	-1	1	0	0	0	0
5	213.37	0.2614	-7.6249	0.2614	-7.6249	0	1	75	3.1058	4.2473	-1	-5.8942	3.2474	0	-7.3438	3	-1	1	0	0	0	0
5	229.94	0.2614	-7.6249	0.2614	-7.6249	0	1	75	3.1058	4.2473	-1	-5.8942	3.2474	0	-7.3438	3	-1	1	0	0	0	0
5	246.51	0.2614	-7.6249	0.2614	-7.6249	0	1	75	3.1058	4.2473	-1	-5.8942	3.2474	0	-7.3438	3	-1	1	0	0	0	0
5	263.12	0.2614	-7.6249	0.2614	-7.6249	0	1	75	3.1058	4.2473	-1	-5.8942	3.2474	0	-7.3438	3	-1	1	0	0	0	0
5	279.69	0.2614	-7.6249	0.2614	-7.6249	0	1	75	3.1058	4.2473	-1	-5.8942	3.2474	0	-7.3438	3	-1	1	0	0	0	0
5	296.33	0.2614	-7.6571	0.2614	-7.6571	0	1	75	3.1058	4.2473	-1	-5.8942	3.2474	0	-7.3438	3	-1	1	0	0	0	0
5	312.92	0.2614	-7.6571	0.2614	-7.6571	0	1	75	3.1058	4.2473	-1	-5.8942	3.2474	0	-7.3438	3	-1	1	0	0	0	0
5	329.53	0.2614	-7.6249	0.2614	-7.6249	0	1	75	3.1058	4.2473	-1	-5.8942	3.2474	0	-7.3438	3	-1	1	0	0	0	0
5	346.09	0.2614	-7.6249	0.2614	-7.6249	0	1	75	3.1058	4.2473	-1	-5.8942	3.2474	0	-7.3438	3	-1	1	0	0	0	0
5	362.68	0.2614	-7.6249	0.2614	-7.6249	0	1	75	3.1058	4.2473	-1	-5.8942	3.2474	0	-7.3438	3	-1	1	0	0	0	0
5	379.27	0.2614	-7.6249	0.2614	-7.6249	0	1	75	3.1058	4.2473	-1	-5.8942	3.2474	0	-7.3438	3	-1	1	0	0	0	0
5	395.85	0.2614	-7.6249	0.2614	-7.6249	0	1	75	3.1058	4.2473	-1	-5.8942	3.2474	0	-7.3438	3	-1	1	0	0	0	0
5	412.42	0.2614	-7.6249	0.2614	-7.6249	0	1	75	3.1058	4.2473	-1	-5.8942	3.2474	0	-7.3438	3	-1	1	0	0	0	0
5	429.08	0.2614	-7.6249	0.2614	-7.6249	0	1	75	3.1058	4.2473	-1	-5.8942	3.2474	0	-7.3438	3	-1	1	0	0	0	0
5	445.64	0.2614	-7.5927	0.2614	-7.5927	0	1	75	3.1058	4.2473	-1	-5.8942	3.2474	0	-7.3438	3	-1	1	0	0	0	0
5	462.27	0.2614	-7.5927	0.2614	-7.5927	0	1	75	3.1058	4.2473	-1	-5.8942	3.2474	0	-7.3438	3	-1	1	1	0	0	0
5	478.86	0.28151	-7.5606	0.28151	-7.5606	0	1	75	3.1058	4.2473	-1	-5.8942	3.2474	0	-7.3438	3	-1	1	1	0	0	0
5	495.4	0.30162	-7.4962	0.30162	-7.4962	0	1	75	3.1058	4.2473	-1	-5.8942	3.2474	0	-7.3438	3	-1	1	1	0	0	0
5	512.05	0.34183	-7.3997	0.34183	-7.3997	0	1	75	3.1058	4.2473	-1	-5.8942	3.2474	0	-7.3438	3	-1	1	1	0	0	0
5	528.61	0.40216	-7.2388	0.40216	-7.2388	0	1	75	3.1058	4.2473	-1	-5.8942	3.2474	0	-7.3438	3	-1	1	1	0	0	0
5	545.25	0.46248	-7.1101	0.46248	-7.1101	0	1	75	3.1058	4.2473	-1	-5.8942	3.2474	0	-7.3438	3	-1	1	1	0	0	0
5	561.81	0.58313	-6.8206	0.58313	-6.8206	0	1	75	3.1058	4.2473	-1	-5.8942	3.2474	0	-7.3438	3	-1	1	1	0	0	0
5	578.42	0.66356	-6.6276	0.66356	-6.6276	0	1	75	3.1058	4.2473	-1	-5.8942	3.2474	0	-7.3438	3	-1	1	1	0	0	0
5	594.97	0.82442	-6.2415	0.82442	-6.2415	0	1	75	3.1058	4.2473	-1	-5.8942	3.2474	0	-7.3438	3	-1	1	1	0	0	0
5	611.57	1.0255	-5.8232	1.0255	-5.8232	0	1	75	3.1058	4.2473	-1	-5.8942	3.2474	0	-7.3438	3	-1	1	1	0	0	0
5	628.16	1.2266	-5.405	1.2266	-5.405	0	1	75	3.1058	4.2473	-1	-5.8942	3.2474	0	-7.3438	3	-1	1	1	0	0	0
5	644.73	1.3271	-5.212	1.3271	-5.212	0	2	75	3.1058	4.2473	-1	-5.8942	3.2474	0	-7.3438	3	-1	1	1	0	0	0
5	661.41	1.5483	-4.7615	1.5483	-4.7615	0	2	75	3.1058	4.2473	-1	-5.8942	3.2474	0	-7.3438	3	-1	1	1	0	0	0
5	678	1.6488	-4.5363	1.6488	-4.5363	0	2	75	3.1058	4.2473	-1	-5.8942	3.2474	0	-7.3438	3	-1	1	1	0	0	0
5	694.57	1.8499	-4.0537	1.8499	-4.0537	0	2	75	3.1058	4.2473	-1	-5.8942	3.2474	0	-7.3438	3	-1	1	1	0	1	0
5	711.13	2.051	-3.6355	2.051	-3.6355	0	2	75	3.1058	4.2473	-1	-5.8942	3.2474	0	-7.3438	3	-1	1	1	0	0	0
5	727.72	2.2119	-3.1851	2.2119	-3.1851	0	2	75	3.1058	4.2473	-1	-5.8942	3.2474	0	-7.3438	3	-1	1	1	0	0	0
5	744.34	2.2923	-2.9921	2.2923	-2.9921	0	2	75	3.1058	4.2473	-1	-5.8942	3.2474	0	-7.3438	3	-1	1	1	0	0	0
5	760.88	2.4532	-2.606	2.4532	-2.606	0	2	75	3.1058	4.2473	-1	-5.8942	3.2474	0	-7.3438	3	-1	1	1	0	0	0
5	777.54	2.5135	-2.4129	2.5135	-2.4129	0	2	75	3.1058	4.2473	-1	-5.8942	3.2474	0	-7.3438	3	-1	1	1	0	0	0
5	794.13	2.6743	-1.9947	2.6743	-1.9947	0	2	75	3.1058	4.2473	-1	-5.8942	3.2474	0	-7.3438	3	-1	1	1	0	0	0
5	810.74	2.8352	-1.6086	2.8352	-1.6086	0	2	75	3.1058	4.2473	-1	-5.8942	3.2474	0	-7.3438	3	-1	1	1	0	0	0
5	827.27	2.976	-1.2547	2.976	-1.2547	0	2	75	3.1058	4.2473	-1	-5.8942	3.2474	0	-7.3438	3	-1	1	1	0	0	0
5	843.87	3.0564	-1.0939	3.0564	-1.0939	0	2	75	3.1058	4.2473	-1	-5.8942	3.2474	0	-7.3438	3	-1	1	1	0	0	0
5	860.45	3.2173	-0.73997	3.2173	-0.73997	0	2	75	3.1058	4.2473	-1	-5.8942	3.2474	0	-7.3438	3	-1	1	1	0	0	0
5	877.11	3.2977	-0.54693	3.2977	-0.54693	0	2	75	3.1058	4.2473	-1	-5.8942	3.2474	0	-7.3438	3	-1	1	1	0	0	0
5	893.7	3.4586	-0.19304	3.4586	-0.19304	0	2	75	3.1058	4.2473	-1	-5.8942	3.2474	0	-7.3438	3	-1	1	1	0	0	0
5	910.26	3.6596	0.16086	3.6596	0.16086	0	2	75	3.1058	4.2473	-1	-5.8942	3.2474	0	-7.3438	3	-1	1	1	0	0	0
5	926.85	3.8607	0.45042	3.8607	0.45042	0	2	75	3.1058	4.2473	-1	-5.8942	3.2474	0	-7.3438	3	-1	1	1	0	0	0
5	943.47	3.9411	0.57911	3.9411	0.57911	0	2	75	3.1058	4.2473	-1	-5.8942	3.2474	0	-7.3438	3	-1	1	1	0	0	0
5	960.02	4.102	0.83649	4.102	0.83649	0	2	75	3.1058	4.2473	-1	-5.8942	3.2474	0	-7.3438	3	-1	1	1	0	0	0
5	976.62	4.1824	0.93301	4.1824	0.93301	0	2	75	3.1058	4.2473	-1	-5.8942	3.2474	0	-7.3438	3	-1	1	1	0	0	0
5	993.26	4.3031	1.0939	4.3031	1.0939	0	2	75	3.1058	4.2473	-1	-5.8942	3.2474	0	-7.3438	3	-1	1	1	0	0	0
5	1009.9	4.4036	1.2226	4.4036	1.2226	0	2	75	3.1058	4.2473	-1	-5.8942	3.2474	0	-7.3438	3	-1	1	1	0	0	0
5	1026.5	4.4841	1.3513	4.4841	1.3512	0	2	75	3.1058	4.2473	-1	-5.8942	3.2474	0	-7.3438	3	-1	1	1	0	0	0
5	1043	4.5243	1.3834	4.5243	1.3834	0	2	75	3.1058	4.2473	-1	-5.8942	3.2474	0	-7.3438	3	-1	1	1	0	0	0
5	1059.6	4.5645	1.4156	4.5645	1.4156	0	2	75	3.1058	4.2473	-1	-5.8942	3.2474	0	-7.3438	3	-1	1	0	0	0	0
5	1076.3	4.5645	1.4478	4.5645	1.4478	0	2	75	3.1058	4.2473	-1	-5.8942	3.2474	0	-7.3438	3	-1	1	0	0	0	0
5	1092.8	4.5846	1.4478	4.5846	1.4478	0	2	75	3.1058	4.2473	-1	-5.8942	3.2474	0	-7.3438	3	-1	1	0	0	0	0
5	1109.4	4.5846	1.4478	4.5846	1.4478	0	3	75	3.1058	4.2473	-1	-5.8942	3.2474	0	-7.3438	3	-1	1	0	0	0	0
6	30.84	0.38205	-7.6249	0.38205	-7.6249	0	1	90	0	4.6562	-1	-9	3.6562	0	-7.3438	3	-1	1	0	0	0	0
6	47.453	0.30162	-7.6571	0.30162	-7.6571	0	1	90	0	4.6562	-1	-9	3.6562	0	-7.3438	3	-1	1	0	0	0	0
6	64.063	0.28151	-7.6571	0.28151	-7.6571	0	1	90	0	4.6562	-1	-9	3.6562	0	-7.3438	3	-1	1	0	0	0	0
6	80.618	0.28151	-7.6571	0.28151	-7.6571	0	1	90	0	4.6562	-1	-9	3.6562	0	-7.3438	3	-1	1	0	0	0	0
6	97.181	0.28151	-7.6571	0.28151	-7.6571	0	1	90	0	4.6562	-1	-9	3.6562	0	-7.3438	3	-1	1	0	0	0	0
6	113.79	0.28151	-7.6571	0.28151	-7.6571	0	1	90	0	4.6562	-1	-9	3.6562	0	-7.3438	3	-1	1	0	0	0	0
6	130.48	0.30162	-7.6571	0.30162	-7.6571	0	1	90	0	4.6562	-1	-9	3.6562	0	-7.3438	3	-1	1	0	0	0	0
6	147	0.30162	-7.6571	0.30162	-7.6571	0	1	90	0	4.6562	-1	-9	3.6562	0	-7.3438	3	-1	1	0	0	0	0
6	163.63	0.30162	-7.6249	0.30162	-7.6249	0	1	90	0	4.6562	-1	-9	3.6562	0	-7.3438	3	-1	1	0	0	0	0
6	180.17	0.30162	-7.6249	0.30162	-7.6249	0	1	90	0	4.6562	-1	-9	3.6562	0	-7.3438	3	-1	1	0	0	0	0
6	196.78	0.30162	-7.6249	0.30162	-7.6249	0	1	90	0	4.6562	-1	-9	3.6562	0	-7.3438	3	-1	1	0	0	0	0
6	213.39	0.30162	-7.6249	0.30162	-7.6249	0	1	90	0	4.6562	-1	-9	3.6562	0	-7.3438	3	-1	1	0	0	0	0
6	229.95	0.28151	-7.6249	0.28151	-7.6249	0	1	90	0	4.6562	-1	-9	3.6562	0	-7.3438	3	-1	1	0	0	0	0
6	246.59	0.28151	-7.6249	0.28151	-7.6249	0	1	90	0	4.6562	-1	-9	3.6562	0	-7.3438	3	-1	1	0	0	0	0
6	263.21	0.28151	-7.6249	0.28151	-7.6249	0	1	90	0	4.6562	-1	-9	3.6562	0	-7.3438	3	-1	1	0	0	0	0
6	279.76	0.28151	-7.6249	0.28151	-7.6249	0	1	90	0	4.6562	-1	-9	3.6562	0	-7.3438	3	-1	1	0	0	0	0
6	296.35	0.28151	-7.6249	0.28151	-7.6249	0	1	90	0	4.6562	-1	-9	3.6562	0	-7.3438	3	-1	1	0	0	0	0
6	312.92	0.28151	-7.6249	0.28151	-7.6249	0	1	90	0	4.6562	-1	-9	3.6562	0	-7.3438	3	-1	1	0	0	0	0
6	329.55	0.2614	-7.5927	0.2614	-7.5927	0	1	90	0	4.6562	-1	-9	3.6562	0	-7.3438	3	-1	1	1	0	0	0
6	346.12	0.2614	-7.5927	0.2614	-7.5927	0	1	90	0	4.6562	-1	-9	3.6562	0	-7.3438	3	-1	1	1	0	0	0
6	362.7	0.22119	-7.5284	0.22119	-7.5284	0	1	90	0	4.6562	-1	-9	3.6562	0	-7.3438	3	-1	1	1	0	0	0
6	379.38	0.16086	-7.3675	0.16086	-7.3675	0	1	90	0	4.6562	-1	-9	3.6562	0	-7.3438	3	-1	1	1	0	0	0
6	395.88	0.14076	-7.2388	0.14076	-7.2388	0	1	90	0	4.6562	-1	-9	3.6562	0	-7.3438	3	-1	1	1	0	0	0
6	412.5	0.080432	-6.9171	0.080432	-6.9171	0	1	90	0	4.6562	-1	-9	3.6562	0	-7.3438	3	-1	1	1	0	0	0
6	429.06	0.020108	-6.4989	0.020108	-6.4989	0	1	90	0	4.6562	-1	-9	3.6562	0	-7.3438	3	-1	1	1	0	0	0
6	445.68	0	-6.2415	0	-6.2415	0	1	90	0	4.6562	-1	-9	3.6562	0	-7.3438	3	-1	1	1	0	0	0
6	462.27	-0.040216	-5.6946	-0.040216	-5.6946	0	1	90	0	4.6562	-1	-9	3.6562	0	-7.3438	3	-1	1	1	0	0	0
6	478.86	-0.060324	-5.0833	-0.060324	-5.0833	0	1	90	0	4.6562	-1	-9	3.6562	0	-7.3438	3	-1	1	1	0	0	0
6	495.46	-0.080432	-4.7615	-0.080432	-4.7615	0	2	90	0	4.6562	-1	-9	3.6562	0	-7.3438	3	-1	1	1	0	0	0
6	512.1	-0.080432	-4.1503	-0.080432	-4.1503	0	2	90	0	4.6562	-1	-9	3.6562	0	-7.3438	3	-1	1	1	0	0	0
6	528.66	-0.080432	-3.8285	-0.080432	-3.8285	0	2	90	0	4.6562	-1	-9	3.6562	0	-7.3438	3	-1	1	1	0	0	0
6	545.26	-0.060324	-3.2173	-0.060324	-3.2173	0	2	90	0	4.6562	-1	-9	3.6562	0	-7.3438	3	-1	1	1	0	1	0
6	561.84	0	-2.5738	0	-2.5738	0	2	90	0	4.6562	-1	-9	3.6562	0	-7.3438	3	-1	1	1	0	0	0
6	578.46	0.080432	-1.9304	0.080432	-1.9304	0	2	90	0	4.6562	-1	-9	3.6562	0	-7.3438	3	-1	1	1	0	0	0
6	595.01	0.12065	-1.6086	0.12065	-1.6086	0	2	90	0	4.6562	-1	-9	3.6562	0	-7.3438	3	-1	1	1	0	0	0
6	611.66	0.24129	-0.99735	0.24129	-0.99735	0	2	90	0	4.6562	-1	-9	3.6562	0	-7.3438	3	-1	1	1	0	0	0
6	628.26	0.30162	-0.7078	0.30162	-0.7078	0	2	90	0	4.6562	-1	-9	3.6562	0	-7.3438	3	-1	1	1	0	0	0
6	644.97	0.40216	-0.19304	0.40216	-0.19304	0	2	90	0	4.6562	-1	-9	3.6562	0	-7.3438	3	-1	1	1	0	0	0
6	661.57	0.5027	0.28955	0.5027	0.28955	0	2	90	0	4.6562	-1	-9	3.6562	0	-7.3438	3	-1	1	1	0	0	0
6	678.18	0.58313	0.73997	0.58313	0.73997	0	2	90	0	4.6562	-1	-9	3.6562	0	-7.3438	3	-1	1	1	0	0	0
6	694.76	0.60324	0.96518	0.60324	0.96518	0	2	90	0	4.6562	-1	-9	3.6562	0	-7.3438	3	-1	1	1	0	0	0
6	711.46	0.66356	1.3834	0.66356	1.3834	0	2	90	0	4.6562	-1	-9	3.6562	0	-7.3438	3	-1	1	1	0	0	0
6	728.05	0.68367	1.6086	0.68367	1.6086	0	2	90	0	4.6562	-1	-9	3.6562	0	-7.3438	3	-1	1	1	0	0	0
6	744.6	0.72388	1.9625	0.72388	1.9625	0	2	90	0	4.6562	-1	-9	3.6562	0	-7.3438	3	-1	1	1	0	0	0
6	761.19	0.74399	2.2521	0.74399	2.2521	0	2	90	0	4.6562	-1	-9	3.6562	0	-7.3438	3	-1	1	1	0	0	0
6	777.76	0.74399	2.4451	0.74399	2.4451	0	2	90	0	4.6562	-1	-9	3.6562	0	-7.3438	3	-1	1	1	0	0	0
6	794.35	0.7641	2.5095	0.7641	2.5095	0	2	90	0	4.6562	-1	-9	3.6562	0	-7.3438	3	-1	1	1	0	0	0
6	810.97	0.7641	2.606	0.7641	2.606	0	2	90	0	4.6562	-1	-9	3.6562	0	-7.3438	3	-1	1	0	0	0	0
6	827.57	0.7641	2.6703	0.7641	2.6703	0	2	90	0	4.6562	-1	-9	3.6562	0	-7.3438	3	-1	1	0	0	0	0
6	844.14	0.7641	2.7347	0.7641	2.7347	0	2	90	0	4.6562	-1	-9	3.6562	0	-7.3438	3	-1	1	0	0	0	0
6	860.72	0.7641	2.7668	0.7641	2.7668	0	2	90	0	4.6562	-1	-9	3.6562	0	-7.3438	3	-1	1	0	0	0	0
6	877.28	0.7641	2.799	0.7641	2.799	0	2	90	0	4.6562	-1	-9	3.6562	0	-7.3438	3	-1	1	0	0	0	0
6	893.91	0.7641	2.799	0.7641	2.799	0	2	90	0	4.6562	-1	-9	3.6562	0	-7.3438	3	-1	1	0	0	0	0
6	910.5	0.7641	2.799	0.7641	2.799	0	3	90	0	4.6562	-1	-9	3.6562	0	-7.3438	3	-1	1	0	0	0	0
7	31.034	0.22119	-7.6893	0.22119	-7.6893	0	1	75	3.1058	4.2473	-1	-5.8942	3.2474	0	-7.3438	3	-1	1	0	0	0	0
7	47.647	0.24129	-7.6571	0.24129	-7.6571	0	1	75	3.1058	4.2473	-1	-5.8942	3.2474	0	-7.3438	3	-1	1	0	0	0	0
7	64.203	0.24129	-7.6571	0.24129	-7.6571	0	1	75	3.1058	4.2473	-1	-5.8942	3.2474	0	-7.3438	3	-1	1	0	0	0	0
7	80.838	0.24129	-7.6571	0.24129	-7.6571	0	1	75	3.1058	4.2473	-1	-5.8942	3.2474	0	-7.3438	3	-1	1	0	0	0	0
7	97.453	0.24129	-7.6571	0.24129	-7.6571	0	1	75	3.1058	4.2473	-1	-5.8942	3.2474	0	-7.3438	3	-1	1	0	0	0	0
7	114.03	0.24129	-7.6571	0.24129	-7.6571	0	1	75	3.1058	4.2473	-1	-5.8942	3.2474	0	-7.3438	3	-1	1	0	0	0	0
7	130.61	0.24129	-7.6571	0.24129	-7.6571	0	1	75	3.1058	4.2473	-1	-5.8942	3.2474	0	-7.3438	3	-1	1	0	0	0	0
7	147.24	0.24129	-7.6571	0.24129	-7.6571	0	1	75	3.1058	4.2473	-1	-5.8942	3.2474	0	-7.3438	3	-1	1	0	0	0	0
7	163.79	0.24129	-7.6571	0.24129	-7.6571	0	1	75	3.1058	4.2473	-1	-5.8942	3.2474	0	-7.3438	3	-1	1	0	0	0	0
7	180.43	0.24129	-7.6571	0.24129	-7.6571	0	1	75	3.1058	4.2473	-1	-5.8942	3.2474	0	-7.3438	3	-1	1	0	0	0	0
7	197.02	0.24129	-7.6571	0.24129	-7.6571	0	1	75	3.1058	4.2473	-1	-5.8942	3.2474	0	-7.3438	3	-1	1	0	0	0	0
7	213.59	0.24129	-7.6571	0.24129	-7.6571	0	1	75	3.1058	4.2473	-1	-5.8942	3.2474	0	-7.3438	3	-1	1	0	0	0	0
7	230.21	0.24129	-7.6571	0.24129	-7.6571	0	1	75	3.1058	4.2473	-1	-5.8942	3.2474	0	-7.3438	3	-1	1	0	0	0	0
7	246.77	0.24129	-7.6571	0.24129	-7.6571	0	1	75	3.1058	4.2473	-1	-5.8942	3.2474	0	-7.3438	3	-1	1	0	0	0	0
7	263.33	0.24129	-7.6571	0.24129	-7.6571	0	1	75	3.1058	4.2473	-1	-5.8942	3.2474	0	-7.3438	3	-1	1	0	0	0	0
7	279.93	0.24129	-7.6571	0.24129	-7.6571	0	1	75	3.1058	4.2473	-1	-5.8942	3.2474	0	-7.3438	3	-1	1	0	0	0	0
7	296.54	0.24129	-7.6249	0.24129	-7.6249	0	1	75	3.1058	4.2473	-1	-5.8942	3.2474	0	-7.3438	3	-1	1	0	0	0	0
7	313.09	0.24129	-7.6249	0.24129	-7.6249	0	1	75	3.1058	4.2473	-1	-5.8942	3.2474	0	-7.3438	3	-1	1	0	0	0	0
7	329.77	0.24129	-7.6249	0.24129	-7.6249	0	1	75	3.1058	4.2473	-1	-5.8942	3.2474	0	-7.3438	3	-1	1	1	0	0	0
7	346.34	0.24129	-7.5927	0.24129	-7.5927	0	1	75	3.1058	4.2473	-1	-5.8942	3.2474	0	-7.3438	3	-1	1	1	0	0	0
7	362.92	0.2614	-7.4962	0.2614	-7.4962	0	1	75	3.1058	4.2473	-1	-5.8942	3.2474	0	-7.3438	3	-1	1	1	0	0	0
7	379.51	0.28151	-7.4319	0.28151	-7.4319	0	1	75	3.1058	4.2473	-1	-5.8942	3.2474	0	-7.3438	3	-1	1	1	0	0	0
7	396.13	0.32173	-7.1745	0.32173	-7.1745	0	1	75	3.1058	4.2473	-1	-5.8942	3.2474	0	-7.3438	3	-1	1	1	0	0	0
7	412.67	0.40216	-6.7884	0.40216	-6.7884	0	1	75	3.1058	4.2473	-1	-5.8942	3.2474	0	-7.3438	3	-1	1	1	0	0	0
7	429.32	0.46248	-6.5632	0.46248	-6.5632	0	1	75	3.1058	4.2473	-1	-5.8942	3.2474	0	-7.3438	3	-1	1	1	0	0	0
7	445.93	0.60324	-6.0163	0.60324	-6.0163	0	1	75	3.1058	4.2473	-1	-5.8942	3.2474	0	-7.3438	3	-1	1	1	0	0	0
7	462.54	0.66356	-5.7267	0.66356	-5.7267	0	1	75	3.1058	4.2473	-1	-5.8942	3.2474	0	-7.3438	3	-1	1	1	0	0	0
7	479.06	0.82442	-5.1154	0.82442	-5.1154	0	1	75	3.1058	4.2473	-1	-5.8942	3.2474	0	-7.3438	3	-1	1	1	0	0	0
7	495.69	0.98529	-4.472	0.98529	-4.472	0	2	75	3.1058	4.2473	-1	-5.8942	3.2474	0	-7.3438	3	-1	1	1	0	0	0
7	512.29	1.2065	-3.7964	1.2065	-3.7964	0	2	75	3.1058	4.2473	-1	-5.8942	3.2474	0	-7.3438	3	-1	1	1	0	0	0
7	528.82	1.3271	-3.4425	1.3271	-3.4425	0	2	75	3.1058	4.2473	-1	-5.8942	3.2474	0	-7.3438	3	-1	1	1	0	0	0
7	545.49	1.5885	-2.7668	1.5885	-2.7668	0	2	75	3.1058	4.2473	-1	-5.8942	3.2474	0	-7.3438	3	-1	1	1	0	0	0
7	562.07	1.7494	-2.4129	1.7494	-2.4129	0	2	75	3.1058	4.2473	-1	-5.8942	3.2474	0	-7.3438	3	-1	1	1	0	1	0
7	578.64	2.0309	-1.7695	2.0309	-1.7695	0	2	75	3.1058	4.2473	-1	-5.8942	3.2474	0	-7.3438	3	-1	1	1	0	0	0
7	595.24	2.2923	-1.1904	2.2923	-1.1904	0	2	75	3.1058	4.2473	-1	-5.8942	3.2474	0	-7.3438	3	-1	1	1	0	0	0
7	611.83	2.5738	-0.64345	2.5738	-0.64345	0	2	75	3.1058	4.2473	-1	-5.8942	3.2474	0	-7.3438	3	-1	1	1	0	0	0
7	628.46	2.7347	-0.38607	2.7347	-0.38607	0	2	75	3.1058	4.2473	-1	-5.8942	3.2474	0	-7.3438	3	-1	1	1	0	0	0
7	645.04	3.0966	0.096518	3.0966	0.096518	0	2	75	3.1058	4.2473	-1	-5.8942	3.2474	0	-7.3438	3	-1	1	1	0	0	0
7	661.68	3.2776	0.32173	3.2776	0.32173	0	2	75	3.1058	4.2473	-1	-5.8942	3.2474	0	-7.3438	3	-1	1	1	0	0	0
7	678.25	3.6395	0.77214	3.6395	0.77214	0	2	75	3.1058	4.2473	-1	-5.8942	3.2474	0	-7.3438	3	-1	1	1	0	0	0
7	694.78	3.9814	1.126	3.9814	1.126	0	2	75	3.1058	4.2473	-1	-5.8942	3.2474	0	-7.3438	3	-1	1	1	0	0	0
7	711.42	4.1221	1.2869	4.1221	1.2869	0	2	75	3.1058	4.2473	-1	-5.8942	3.2474	0	-7.3438	3	-1	1	1	0	0	0
7	728.01	4.4438	1.6086	4.4438	1.6086	0	2	75	3.1058	4.2473	-1	-5.8942	3.2474	0	-7.3438	3	-1	1	1	0	0	0
7	744.57	4.7656	1.866	4.7656	1.866	0	2	75	3.1058	4.2473	-1	-5.8942	3.2474	0	-7.3438	3	-1	1	1	0	0	0
7	761.23	4.9063	1.9947	4.9063	1.9947	0	2	75	3.1058	4.2473	-1	-5.8942	3.2474	0	-7.3438	3	-1	1	1	0	0	0
7	777.82	5.1677	2.1877	5.1677	2.1877	0	2	75	3.1058	4.2473	-1	-5.8942	3.2474	0	-7.3438	3	-1	1	1	0	0	0
7	794.41	5.2683	2.2843	5.2683	2.2843	0	2	75	3.1058	4.2473	-1	-5.8942	3.2474	0	-7.3438	3	-1	1	1	0	0	0
7	810.98	5.4291	2.4129	5.4291	2.4129	0	2	75	3.1058	4.2473	-1	-5.8942	3.2474	0	-7.3438	3	-1	1	1	0	0	0
7	827.55	5.5096	2.4773	5.5096	2.4773	0	2	75	3.1058	4.2473	-1	-5.8942	3.2474	0	-7.3438	3	-1	1	0	0	0	0
7	844.17	5.5297	2.4773	5.5297	2.4773	0	2	75	3.1058	4.2473	-1	-5.8942	3.2474	0	-7.3438	3	-1	1	0	0	0	0
7	860.69	5.5498	2.5095	5.5498	2.5095	0	2	75	3.1058	4.2473	-1	-5.8942	3.2474	0	-7.3438	3	-1	1	0	0	0	0
7	877.4	5.5498	2.5095	5.5498	2.5095	0	2	75	3.1058	4.2473	-1	-5.8942	3.2474	0	-7.3438	3	-1	1	0	0	0	0
7	894	5.5498	2.5095	5.5498	2.5095	0	2	75	3.1058	4.2473	-1	-5.8942	3.2474	0	-7.3438	3	-1	1	0	0	0	0
7	910.55	5.5498	2.5095	5.5498	2.5095	0	2	75	3.1058	4.2473	-1	-5.8942	3.2474	0	-7.3438	3	-1	1	0	0	0	0
7	927.14	5.5498	2.5095	5.5498	2.5095	0	3	75	3.1058	4.2473	-1	-5.8942	3.2474	0	-7.3438	3	-1	1	0	0	0	0
8	31.108	-0.24129	-7.6249	-0.24129	-7.6249	0	1	105	-3.1058	4.2473	-1	-12.106	3.2474	0	-7.3438	3	-1	1	0	0	0	0
8	47.657	-0.24129	-7.6571	-0.24129	-7.6571	0	1	105	-3.1058	4.2473	-1	-12.106	3.2474	0	-7.3438	3	-1	1	0	0	0	0
8	64.418	-0.24129	-7.6249	-0.24129	-7.6249	0	1	105	-3.1058	4.2473	-1	-12.106	3.2474	0	-7.3438	3	-1	1	0	0	0	0
8	80.859	-0.22119	-7.6249	-0.22119	-7.6249	0	1	105	-3.1058	4.2473	-1	-12.106	3.2474	0	-7.3438	3	-1	1	0	0	0	0
8	97.477	-0.22119	-7.6249	-0.22119	-7.6249	0	1	105	-3.1058	4.2473	-1	-12.106	3.2474	0	-7.3438	3	-1	1	0	0	0	0
8	114.03	-0.22119	-7.6249	-0.22119	-7.6249	0	1	105	-3.1058	4.2473	-1	-12.106	3.2474	0	-7.3438	3	-1	1	0	0	0	0
8	130.67	-0.22119	-7.6249	-0.22119	-7.6249	0	1	105	-3.1058	4.2473	-1	-12.106	3.2474	0	-7.3438	3	-1	1	0	0	0	0
8	147.21	-0.22119	-7.6249	-0.22119	-7.6249	0	1	105	-3.1058	4.2473	-1	-12.106	3.2474	0	-7.3438	3	-1	1	0	0	0	0
8	163.79	-0.22119	-7.6249	-0.22119	-7.6249	0	1	105	-3.1058	4.2473	-1	-12.106	3.2474	0	-7.3438	3	-1	1	0	0	0	0
8	180.4	-0.22119	-7.6249	-0.22119	-7.6249	0	1	105	-3.1058	4.2473	-1	-12.106	3.2474	0	-7.3438	3	-1	1	0	0	0	0
8	196.98	-0.22119	-7.6249	-0.22119	-7.6249	0	1	105	-3.1058	4.2473	-1	-12.106	3.2474	0	-7.3438	3	-1	1	0	0	0	0
8	213.71	-0.22119	-7.6249	-0.22119	-7.6249	0	1	105	-3.1058	4.2473	-1	-12.106	3.2474	0	-7.3438	3	-1	1	0	0	0	0
8	230.2	-0.22119	-7.6249	-0.22119	-7.6249	0	1	105	-3.1058	4.2473	-1	-12.106	3.2474	0	-7.3438	3	-1	1	0	0	0	0
8	246.8	-0.22119	-7.6249	-0.22119	-7.6249	0	1	105	-3.1058	4.2473	-1	-12.106	3.2474	0	-7.3438	3	-1	1	0	0	0	0
8	263.4	-0.22119	-7.6249	-0.22119	-7.6249	0	1	105	-3.1058	4.2473	-1	-12.106	3.2474	0	-7.3438	3	-1	1	0	0	0	0
8	280.01	-0.22119	-7.5927	-0.22119	-7.5927	0	1	105	-3.1058	4.2473	-1	-12.106	3.2474	0	-7.3438	3	-1	1	1	0	0	0
8	296.54	-0.24129	-7.5606	-0.24129	-7.5606	0	1	105	-3.1058	4.2473	-1	-12.106	3.2474	0	-7.3438	3	-1	1	1	0	0	0
8	313.19	-0.28151	-7.4319	-0.28151	-7.4319	0	1	105	-3.1058	4.2473	-1	-12.106	3.2474	0	-7.3438	3	-1	1	1	0	0	0
8	329.73	-0.34183	-7.3032	-0.34183	-7.3032	0	1	105	-3.1058	4.2473	-1	-12.106	3.2474	0	-7.3438	3	-1	1	1	0	0	0
8	346.38	-0.44237	-6.9815	-0.44237	-6.9815	0	1	105	-3.1058	4.2473	-1	-12.106	3.2474	0	-7.3438	3	-1	1	1	0	0	0
8	362.96	-0.56302	-6.531	-0.56302	-6.531	0	1	105	-3.1058	4.2473	-1	-12.106	3.2474	0	-7.3438	3	-1	1	1	0	0	0
8	379.52	-0.60324	-6.2415	-0.60324	-6.2415	0	1	105	-3.1058	4.2473	-1	-12.106	3.2474	0	-7.3438	3	-1	1	1	0	0	0
8	396.11	-0.70378	-5.598	-0.70378	-5.598	0	1	105	-3.1058	4.2473	-1	-12.106	3.2474	0	-7.3438	3	-1	1	1	0	0	0
8	412.74	-0.78421	-4.8902	-0.78421	-4.8902	0	1	105	-3.1058	4.2473	-1	-12.106	3.2474	0	-7.3438	3	-1	1	1	0	0	0
8	429.3	-0.84453	-4.5685	-0.84453	-4.5685	0	2	105	-3.1058	4.2473	-1	-12.106	3.2474	0	-7.3438	3	-1	1	1	0	1	0
8	445.88	-0.92496	-3.8607	-0.92496	-3.8607	0	2	105	-3.1058	4.2473	-1	-12.106	3.2474	0	-7.3438	3	-1	1	1	0	0	0
8	462.57	-1.0255	-3.2173	-1.0255	-3.2173	0	2	105	-3.1058	4.2473	-1	-12.106	3.2474	0	-7.3438	3	-1	1	1	0	0	0
8	479.13	-1.0657	-2.8955	-1.0657	-2.8955	0	2	105	-3.1058	4.2473	-1	-12.106	3.2474	0	-7.3438	3	-1	1	1	0	0	0
8	495.68	-1.1461	-2.2843	-1.1461	-2.2843	0	2	105	-3.1058	4.2473	-1	-12.106	3.2474	0	-7.3438	3	-1	1	1	0	0	0
8	512.27	-1.2065	-1.7373	-1.2065	-1.7373	0	2	105	-3.1058	4.2473	-1	-12.106	3.2474	0	-7.3438	3	-1	1	1	0	0	0
8	528.86	-1.2467	-1.4799	-1.2467	-1.4799	0	2	105	-3.1058	4.2473	-1	-12.106	3.2474	0	-7.3438	3	-1	1	1	0	0	0
8	545.48	-1.3271	-0.96518	-1.3271	-0.96518	0	2	105	-3.1058	4.2473	-1	-12.106	3.2474	0	-7.3438	3	-1	1	1	0	0	0
8	562.03	-1.4076	-0.51476	-1.4076	-0.51476	0	2	105	-3.1058	4.2473	-1	-12.106	3.2474	0	-7.3438	3	-1	1	1	0	0	0
8	578.66	-1.4478	-0.28955	-1.4478	-0.28955	0	2	105	-3.1058	4.2473	-1	-12.106	3.2474	0	-7.3438	3	-1	1	1	0	0	0
8	595.31	-1.5483	0.096518	-1.5483	0.096518	0	2	105	-3.1058	4.2473	-1	-12.106	3.2474	0	-7.3438	3	-1	1	1	0	0	0
8	611.86	-1.6287	0.48259	-1.6287	0.48259	0	2	105	-3.1058	4.2473	-1	-12.106	3.2474	0	-7.3438	3	-1	1	1	0	0	0
8	628.44	-1.669	0.67563	-1.669	0.67562	0	2	105	-3.1058	4.2473	-1	-12.106	3.2474	0	-7.3438	3	-1	1	1	0	0	0
8	645.02	-1.7494	0.99735	-1.7494	0.99735	0	2	105	-3.1058	4.2473	-1	-12.106	3.2474	0	-7.3438	3	-1	1	1	0	0	0
8	661.65	-1.8298	1.2869	-1.8298	1.2869	0	2	105	-3.1058	4.2473	-1	-12.106	3.2474	0	-7.3438	3	-1	1	1	0	0	0
8	678.27	-1.87	1.4156	-1.87	1.4156	0	2	105	-3.1058	4.2473	-1	-12.106	3.2474	0	-7.3438	3	-1	1	1	0	0	0
8	694.86	-1.9304	1.673	-1.9304	1.673	0	2	105	-3.1058	4.2473	-1	-12.106	3.2474	0	-7.3438	3	-1	1	1	0	0	0
8	711.42	-1.9706	1.866	-1.9706	1.866	0	2	105	-3.1058	4.2473	-1	-12.106	3.2474	0	-7.3438	3	-1	1	1	0	0	0
8	728.02	-1.9907	1.9625	-1.9907	1.9625	0	2	105	-3.1058	4.2473	-1	-12.106	3.2474	0	-7.3438	3	-1	1	1	0	0	0
8	744.61	-2.0108	2.1234	-2.0108	2.1234	0	2	105	-3.1058	4.2473	-1	-12.106	3.2474	0	-7.3438	3	-1	1	1	0	0	0
8	761.18	-2.0309	2.2199	-2.0309	2.2199	0	2	105	-3.1058	4.2473	-1	-12.106	3.2474	0	-7.3438	3	-1	1	0	0	0	0
8	777.77	-2.051	2.2843	-2.051	2.2843	0	2	105	-3.1058	4.2473	-1	-12.106	3.2474	0	-7.3438	3	-1	1	0	0	0	0
8	794.45	-2.0711	2.3486	-2.0711	2.3486	0	2	105	-3.1058	4.2473	-1	-12.106	3.2474	0	-7.3438	3	-1	1	0	0	0	0
8	810.99	-2.0711	2.4129	-2.0711	2.4129	0	2	105	-3.1058	4.2473	-1	-12.106	3.2474	0	-7.3438	3	-1	1	0	0	0	0
8	827.61	-2.0912	2.4773	-2.0912	2.4773	0	3	105	-3.1058	4.2473	-1	-12.106	3.2474	0	-7.3438	3	-1	1	0	0	0	0
9	30.991	0.68367	-7.5606	0.68367	-7.5606	0	1	75	3.1058	4.2473	-1	-5.8942	3.2474	0	-7.3438	3	-1	1	0	0	0	0
9	47.589	0.68367	-7.5606	0.68367	-7.5606	0	1	75	3.1058	4.2473	-1	-5.8942	3.2474	0	-7.3438	3	-1	1	0	0	0	0
9	64.142	0.68367	-7.5606	0.68367	-7.5606	0	1	75	3.1058	4.2473	-1	-5.8942	3.2474	0	-7.3438	3	-1	1	0	0	0	0
9	80.744	0.68367	-7.5606	0.68367	-7.5606	0	1	75	3.1058	4.2473	-1	-5.8942	3.2474	0	-7.3438	3	-1	1	0	0	0	0
9	97.267	0.68367	-7.5606	0.68367	-7.5606	0	1	75	3.1058	4.2473	-1	-5.8942	3.2474	0	-7.3438	3	-1	1	0	0	0	0
9	113.98	0.68367	-7.5606	0.68367	-7.5606	0	1	75	3.1058	4.2473	-1	-5.8942	3.2474	0	-7.3438	3	-1	1	0	0	0	0
9	130.54	0.68367	-7.5606	0.68367	-7.5606	0	1	75	3.1058	4.2473	-1	-5.8942	3.2474	0	-7.3438	3	-1	1	0	0	0	0
9	147.12	0.68367	-7.5606	0.68367	-7.5606	0	1	75	3.1058	4.2473	-1	-5.8942	3.2474	0	-7.3438	3	-1	1	0	0	0	0
9	163.69	0.68367	-7.5606	0.68367	-7.5606	0	1	75	3.1058	4.2473	-1	-5.8942	3.2474	0	-7.3438	3	-1	1	0	0	0	0
9	180.32	0.68367	-7.5606	0.68367	-7.5606	0	1	75	3.1058	4.2473	-1	-5.8942	3.2474	0	-7.3438	3	-1	1	0	0	0	0
9	196.94	0.68367	-7.5606	0.68367	-7.5606	0	1	75	3.1058	4.2473	-1	-5.8942	3.2474	0	-7.3438	3	-1	1	0	0	0	0
9	213.51	0.68367	-7.5606	0.68367	-7.5606	0	1	75	3.1058	4.2473	-1	-5.8942	3.2474	0	-7.3438	3	-1	1	0	0	0	0
9	230.11	0.68367	-7.5606	0.68367	-7.5606	0	1	75	3.1058	4.2473	-1	-5.8942	3.2474	0	-7.3438	3	-1	1	0	0	0	0
9	246.69	0.68367	-7.5284	0.68367	-7.5284	0	1	75	3.1058	4.2473	-1	-5.8942	3.2474	0	-7.3438	3	-1	1	0	0	0	0
9	263.5	0.68367	-7.5284	0.68367	-7.5284	0	1	75	3.1058	4.2473	-1	-5.8942	3.2474	0	-7.3438	3	-1	1	0	0	0	0
9	279.88	0.68367	-7.5284	0.68367	-7.5284	0	1	75	3.1058	4.2473	-1	-5.8942	3.2474	0	-7.3438	3	-1	1	0	0	0	0
9	296.29	0.68367	-7.5284	0.68367	-7.5284	0	1	75	3.1058	4.2473	-1	-5.8942	3.2474	0	-7.3438	3	-1	1	0	0	0	0
9	313.08	0.68367	-7.4962	0.68367	-7.4962	0	1	75	3.1058	4.2473	-1	-5.8942	3.2474	0	-7.3438	3	-1	1	1	0	0	0
9	329.7	0.68367	-7.464	0.68367	-7.464	0	1	75	3.1058	4.2473	-1	-5.8942	3.2474	0	-7.3438	3	-1	1	1	0	0	0
9	346.25	0.70378	-7.3032	0.70378	-7.3032	0	1	75	3.1058	4.2473	-1	-5.8942	3.2474	0	-7.3438	3	-1	1	1	0	0	0
9	362.85	0.7641	-7.0458	0.7641	-7.0458	0	1	75	3.1058	4.2473	-1	-5.8942	3.2474	0	-7.3438	3	-1	1	1	0	0	0
9	379.43	0.80432	-6.8528	0.80432	-6.8528	0	1	75	3.1058	4.2473	-1	-5.8942	3.2474	0	-7.3438	3	-1	1	1	0	0	0
9	396.04	0.90485	-6.4667	0.90485	-6.4667	0	1	75	3.1058	4.2473	-1	-5.8942	3.2474	0	-7.3438	3	-1	1	1	0	0	0
9	412.6	1.0255	-5.9841	1.0255	-5.9841	0	1	75	3.1058	4.2473	-1	-5.8942	3.2474	0	-7.3438	3	-1	1	1	0	0	0
9	429.28	1.0858	-5.7589	1.0858	-5.7589	0	1	75	3.1058	4.2473	-1	-5.8942	3.2474	0	-7.3438	3	-1	1	1	0	0	0
9	445.89	1.2467	-5.2441	1.2467	-5.2441	0	1	75	3.1058	4.2473	-1	-5.8942	3.2474	0	-7.3438	3	-1	1	1	0	0	0
9	462.42	1.3271	-4.9868	1.3271	-4.9868	0	2	75	3.1058	4.2473	-1	-5.8942	3.2474	0	-7.3438	3	-1	1	1	0	0	0
9	479.03	1.5081	-4.472	1.5081	-4.472	0	2	75	3.1058	4.2473	-1	-5.8942	3.2474	0	-7.3438	3	-1	1	1	0	0	0
9	495.63	1.7092	-3.9572	1.7092	-3.9572	0	2	75	3.1058	4.2473	-1	-5.8942	3.2474	0	-7.3438	3	-1	1	1	0	1	0
9	512.2	1.9304	-3.4425	1.9304	-3.4425	0	2	75	3.1058	4.2473	-1	-5.8942	3.2474	0	-7.3438	3	-1	1	1	0	0	0
9	528.8	2.0711	-3.1851	2.0711	-3.1851	0	2	75	3.1058	4.2473	-1	-5.8942	3.2474	0	-7.3438	3	-1	1	1	0	0	0
9	545.46	2.3325	-2.6703	2.3325	-2.6703	0	2	75	3.1058	4.2473	-1	-5.8942	3.2474	0	-7.3438	3	-1	1	1	0	0	0
9	562.03	2.4733	-2.4451	2.4733	-2.4451	0	2	75	3.1058	4.2473	-1	-5.8942	3.2474	0	-7.3438	3	-1	1	1	0	0	0
9	578.61	2.7548	-1.9947	2.7548	-1.9947	0	2	75	3.1058	4.2473	-1	-5.8942	3.2474	0	-7.3438	3	-1	1	1	0	0	0
9	595.21	3.0765	-1.6408	3.0765	-1.6408	0	2	75	3.1058	4.2473	-1	-5.8942	3.2474	0	-7.3438	3	-1	1	1	0	0	0
9	611.78	3.3982	-1.2869	3.3982	-1.2869	0	2	75	3.1058	4.2473	-1	-5.8942	3.2474	0	-7.3438	3	-1	1	1	0	0	0
9	628.35	3.5591	-1.126	3.5591	-1.126	0	2	75	3.1058	4.2473	-1	-5.8942	3.2474	0	-7.3438	3	-1	1	1	0	0	0
9	644.98	3.8808	-0.80432	3.8808	-0.80432	0	2	75	3.1058	4.2473	-1	-5.8942	3.2474	0	-7.3438	3	-1	1	1	0	0	0
9	661.6	4.0216	-0.64345	4.0216	-0.64345	0	2	75	3.1058	4.2473	-1	-5.8942	3.2474	0	-7.3438	3	-1	1	1	0	0	0
9	678.16	4.3031	-0.32173	4.3031	-0.32173	0	2	75	3.1058	4.2473	-1	-5.8942	3.2474	0	-7.3438	3	-1	1	1	0	0	0
9	694.8	4.5645	-0.032173	4.5645	-0.032173	0	2	75	3.1058	4.2473	-1	-5.8942	3.2474	0	-7.3438	3	-1	1	1	0	0	0
9	711.38	4.8259	0.28955	4.8259	0.28955	0	2	75	3.1058	4.2473	-1	-5.8942	3.2474	0	-7.3438	3	-1	1	1	0	0	0
9	727.92	4.9465	0.41824	4.9465	0.41824	0	2	75	3.1058	4.2473	-1	-5.8942	3.2474	0	-7.3438	3	-1	1	1	0	0	0
9	744.51	5.1677	0.67563	5.1677	0.67562	0	2	75	3.1058	4.2473	-1	-5.8942	3.2474	0	-7.3438	3	-1	1	1	0	0	0
9	761.12	5.2683	0.77214	5.2683	0.77214	0	2	75	3.1058	4.2473	-1	-5.8942	3.2474	0	-7.3438	3	-1	1	1	0	0	0
9	777.7	5.409	0.93301	5.409	0.93301	0	2	75	3.1058	4.2473	-1	-5.8942	3.2474	0	-7.3438	3	-1	1	1	0	0	0
9	794.31	5.5297	1.0295	5.5297	1.0295	0	2	75	3.1058	4.2473	-1	-5.8942	3.2474	0	-7.3438	3	-1	1	1	0	0	0
9	810.93	5.5699	1.0939	5.5699	1.0939	0	2	75	3.1058	4.2473	-1	-5.8942	3.2474	0	-7.3438	3	-1	1	1	0	0	0
9	827.49	5.6302	1.1582	5.6302	1.1582	0	2	75	3.1058	4.2473	-1	-5.8942	3.2474	0	-7.3438	3	-1	1	1	0	0	0
9	844.03	5.6905	1.1904	5.6905	1.1904	0	2	75	3.1058	4.2473	-1	-5.8942	3.2474	0	-7.3438	3	-1	1	0	0	0	0
9	860.65	5.7106	1.1904	5.7106	1.1904	0	2	75	3.1058	4.2473	-1	-5.8942	3.2474	0	-7.3438	3	-1	1	0	0	0	0
9	877.19	5.7106	1.1904	5.7106	1.1904	0	2	75	3.1058	4.2473	-1	-5.8942	3.2474	0	-7.3438	3	-1	1	0	0	0	0
9	893.91	5.7106	1.2226	5.7106	1.2226	0	2	75	3.1058	4.2473	-1	-5.8942	3.2474	0	-7.3438	3	-1	1	0	0	0	0
9	910.47	5.7106	1.2226	5.7106	1.2226	0	3	75	3.1058	4.2473	-1	-5.8942	3.2474	0	-7.3438	3	-1	1	0	0	0	0
10	31.112	0.20108	-7.6893	0.20108	-7.6893	0	1	105	-3.1058	4.2473	-1	-12.106	3.2474	0	-7.3438	3	-1	1	0	0	0	0
10	47.689	0.20108	-7.6893	0.20108	-7.6893	0	1	105	-3.1058	4.2473	-1	-12.106	3.2474	0	-7.3438	3	-1	1	0	0	0	0
10	64.326	0.20108	-7.6571	0.20108	-7.6571	0	1	105	-3.1058	4.2473	-1	-12.106	3.2474	0	-7.3438	3	-1	1	0	0	0	0
10	80.918	0.20108	-7.6571	0.20108	-7.6571	0	1	105	-3.1058	4.2473	-1	-12.106	3.2474	0	-7.3438	3	-1	1	0	0	0	0
10	97.523	0.20108	-7.6571	0.20108	-7.6571	0	1	105	-3.1058	4.2473	-1	-12.106	3.2474	0	-7.3438	3	-1	1	0	0	0	0
10	114.12	0.20108	-7.6571	0.20108	-7.6571	0	1	105	-3.1058	4.2473	-1	-12.106	3.2474	0	-7.3438	3	-1	1	0	0	0	0
10	130.71	0.20108	-7.6571	0.20108	-7.6571	0	1	105	-3.1058	4.2473	-1	-12.106	3.2474	0	-7.3438	3	-1	1	0	0	0	0
10	147.32	0.20108	-7.6571	0.20108	-7.6571	0	1	105	-3.1058	4.2473	-1	-12.106	3.2474	0	-7.3438	3	-1	1	0	0	0	0
10	163.87	0.20108	-7.6571	0.20108	-7.6571	0	1	105	-3.1058	4.2473	-1	-12.106	3.2474	0	-7.3438	3	-1	1	0	0	0	0
10	180.56	0.20108	-7.6571	0.20108	-7.6571	0	1	105	-3.1058	4.2473	-1	-12.106	3.2474	0	-7.3438	3	-1	1	0	0	0	0
10	197.09	0.20108	-7.6571	0.20108	-7.6571	0	1	105	-3.1058	4.2473	-1	-12.106	3.2474	0	-7.3438	3	-1	1	0	0	0	0
10	213.72	0.20108	-7.6571	0.20108	-7.6571	0	1	105	-3.1058	4.2473	-1	-12.106	3.2474	0	-7.3438	3	-1	1	0	0	0	0
10	230.29	0.20108	-7.6571	0.20108	-7.6571	0	1	105	-3.1058	4.2473	-1	-12.106	3.2474	0	-7.3438	3	-1	1	0	0	0	0
10	246.89	0.20108	-7.6571	0.20108	-7.6571	0	1	105	-3.1058	4.2473	-1	-12.106	3.2474	0	-7.3438	3	-1	1	0	0	0	0
10	263.43	0.20108	-7.6571	0.20108	-7.6571	0	1	105	-3.1058	4.2473	-1	-12.106	3.2474	0	-7.3438	3	-1	1	0	0	0	0
10	280.03	0.20108	-7.6249	0.20108	-7.6249	0	1	105	-3.1058	4.2473	-1	-12.106	3.2474	0	-7.3438	3	-1	1	0	0	0	0
10	296.63	0.18097	-7.5927	0.18097	-7.5927	0	1	105	-3.1058	4.2473	-1	-12.106	3.2474	0	-7.3438	3	-1	1	1	0	0	0
10	313.26	0.16086	-7.5927	0.16086	-7.5927	0	1	105	-3.1058	4.2473	-1	-12.106	3.2474	0	-7.3438	3	-1	1	1	0	0	0
10	329.87	0.10054	-7.4962	0.10054	-7.4962	0	1	105	-3.1058	4.2473	-1	-12.106	3.2474	0	-7.3438	3	-1	1	1	0	0	0
10	346.45	0.060324	-7.3997	0.060324	-7.3997	0	1	105	-3.1058	4.2473	-1	-12.106	3.2474	0	-7.3438	3	-1	1	1	0	0	0
10	363.04	-0.060324	-7.1745	-0.060324	-7.1745	0	1	105	-3.1058	4.2473	-1	-12.106	3.2474	0	-7.3438	3	-1	1	1	0	0	0
10	379.62	-0.16086	-6.8206	-0.16086	-6.8206	0	1	105	-3.1058	4.2473	-1	-12.106	3.2474	0	-7.3438	3	-1	1	1	0	0	0
10	396.24	-0.28151	-6.4024	-0.28151	-6.4024	0	1	105	-3.1058	4.2473	-1	-12.106	3.2474	0	-7.3438	3	-1	1	1	0	0	0
10	412.74	-0.34183	-6.145	-0.34183	-6.145	0	1	105	-3.1058	4.2473	-1	-12.106	3.2474	0	-7.3438	3	-1	1	1	0	0	0
10	429.42	-0.44237	-5.6302	-0.44237	-5.6302	0	1	105	-3.1058	4.2473	-1	-12.106	3.2474	0	-7.3438	3	-1	1	1	0	0	0
10	446.04	-0.48259	-5.3728	-0.48259	-5.3728	0	1	105	-3.1058	4.2473	-1	-12.106	3.2474	0	-7.3438	3	-1	1	1	0	0	0
10	462.59	-0.56302	-4.7937	-0.56302	-4.7937	0	2	105	-3.1058	4.2473	-1	-12.106	3.2474	0	-7.3438	3	-1	1	1	0	1	0
10	479.18	-0.60324	-4.2146	-0.60324	-4.2146	0	2	105	-3.1058	4.2473	-1	-12.106	3.2474	0	-7.3438	3	-1	1	1	0	0	0
10	495.75	-0.64345	-3.6677	-0.64345	-3.6677	0	2	105	-3.1058	4.2473	-1	-12.106	3.2474	0	-7.3438	3	-1	1	1	0	0	0
10	512.4	-0.64345	-3.4103	-0.64345	-3.4103	0	2	105	-3.1058	4.2473	-1	-12.106	3.2474	0	-7.3438	3	-1	1	1	0	0	0
10	528.97	-0.66356	-2.9277	-0.66356	-2.9277	0	2	105	-3.1058	4.2473	-1	-12.106	3.2474	0	-7.3438	3	-1	1	1	0	0	0
10	545.57	-0.66356	-2.6703	-0.66356	-2.6703	0	2	105	-3.1058	4.2473	-1	-12.106	3.2474	0	-7.3438	3	-1	1	1	0	0	0
10	562.17	-0.66356	-2.2199	-0.66356	-2.2199	0	2	105	-3.1058	4.2473	-1	-12.106	3.2474	0	-7.3438	3	-1	1	1	0	0	0
10	578.74	-0.68367	-1.8017	-0.68367	-1.8017	0	2	105	-3.1058	4.2473	-1	-12.106	3.2474	0	-7.3438	3	-1	1	1	0	0	0
10	595.32	-0.68367	-1.3834	-0.68367	-1.3834	0	2	105	-3.1058	4.2473	-1	-12.106	3.2474	0	-7.3438	3	-1	1	1	0	0	0
10	611.91	-0.68367	-1.1904	-0.68367	-1.1904	0	2	105	-3.1058	4.2473	-1	-12.106	3.2474	0	-7.3438	3	-1	1	1	0	0	0
10	628.5	-0.68367	-0.83649	-0.68367	-0.83649	0	2	105	-3.1058	4.2473	-1	-12.106	3.2474	0	-7.3438	3	-1	1	1	0	0	0
10	645.13	-0.70378	-0.67563	-0.70378	-0.67562	0	2	105	-3.1058	4.2473	-1	-12.106	3.2474	0	-7.3438	3	-1	1	1	0	0	0
10	661.71	-0.74399	-0.3539	-0.74399	-0.3539	0	2	105	-3.1058	4.2473	-1	-12.106	3.2474	0	-7.3438	3	-1	1	1	0	0	0
10	678.32	-0.80432	-0.064345	-0.80432	-0.064345	0	2	105	-3.1058	4.2473	-1	-12.106	3.2474	0	-7.3438	3	-1	1	1	0	0	0
10	694.89	-0.84453	0.22521	-0.84453	0.22521	0	2	105	-3.1058	4.2473	-1	-12.106	3.2474	0	-7.3438	3	-1	1	1	0	0	0
10	711.44	-0.86464	0.3539	-0.86464	0.3539	0	2	105	-3.1058	4.2473	-1	-12.106	3.2474	0	-7.3438	3	-1	1	1	0	0	0
10	728.07	-0.92496	0.64345	-0.92496	0.64345	0	2	105	-3.1058	4.2473	-1	-12.106	3.2474	0	-7.3438	3	-1	1	1	0	0	0
10	744.65	-0.94507	0.73997	-0.94507	0.73997	0	2	105	-3.1058	4.2473	-1	-12.106	3.2474	0	-7.3438	3	-1	1	1	0	0	0
10	761.26	-0.96518	0.96518	-0.96518	0.96518	0	2	105	-3.1058	4.2473	-1	-12.106	3.2474	0	-7.3438	3	-1	1	1	0	0	0
10	777.91	-1.0054	1.126	-1.0054	1.126	0	2	105	-3.1058	4.2473	-1	-12.106	3.2474	0	-7.3438	3	-1	1	1	0	0	0
10	794.45	-1.0255	1.2226	-1.0255	1.2226	0	2	105	-3.1058	4.2473	-1	-12.106	3.2474	0	-7.3438	3	-1	1	0	0	0	0
10	811.04	-1.0255	1.2547	-1.0255	1.2547	0	2	105	-3.1058	4.2473	-1	-12.106	3.2474	0	-7.3438	3	-1	1	0	0	0	0
10	827.61	-1.0456	1.3191	-1.0456	1.3191	0	2	105	-3.1058	4.2473	-1	-12.106	3.2474	0	-7.3438	3	-1	1	0	0	0	0
10	844.24	-1.0456	1.3513	-1.0456	1.3512	0	2	105	-3.1058	4.2473	-1	-12.106	3.2474	0	-7.3438	3	-1	1	0	0	0	0
10	860.85	-1.0456	1.3513	-1.0456	1.3512	0	2	105	-3.1058	4.2473	-1	-12.106	3.2474	0	-7.3438	3	-1	1	0	0	0	0
10	877.45	-1.0456	1.3513	-1.0456	1.3512	0	3	105	-3.1058	4.2473	-1	-12.106	3.2474	0	-7.3438	3	-1	1	0	0	0	0
11	31.023	0.38205	-7.5927	0.38205	-7.5927	0	1	90	0	4.6562	-1	-9	3.6562	0	-7.3438	3	-1	1	0	0	0	0
11	47.593	0.38205	-7.6571	0.38205	-7.6571	0	1	90	0	4.6562	-1	-9	3.6562	0	-7.3438	3	-1	1	0	0	0	0
11	64.149	0.38205	-7.6571	0.38205	-7.6571	0	1	90	0	4.6562	-1	-9	3.6562	0	-7.3438	3	-1	1	0	0	0	0
11	80.758	0.38205	-7.6571	0.38205	-7.6571	0	1	90	0	4.6562	-1	-9	3.6562	0	-7.3438	3	-1	1	0	0	0	0
11	97.416	0.38205	-7.6571	0.38205	-7.6571	0	1	90	0	4.6562	-1	-9	3.6562	0	-7.3438	3	-1	1	0	0	0	0
11	114	0.38205	-7.6571	0.38205	-7.6571	0	1	90	0	4.6562	-1	-9	3.6562	0	-7.3438	3	-1	1	0	0	0	0
11	130.57	0.38205	-7.6571	0.38205	-7.6571	0	1	90	0	4.6562	-1	-9	3.6562	0	-7.3438	3	-1	1	0	0	0	0
11	147.16	0.38205	-7.6571	0.38205	-7.6571	0	1	90	0	4.6562	-1	-9	3.6562	0	-7.3438	3	-1	1	0	0	0	0
11	163.75	0.38205	-7.6571	0.38205	-7.6571	0	1	90	0	4.6562	-1	-9	3.6562	0	-7.3438	3	-1	1	0	0	0	0
11	180.35	0.38205	-7.6571	0.38205	-7.6571	0	1	90	0	4.6562	-1	-9	3.6562	0	-7.3438	3	-1	1	0	0	0	0
11	196.95	0.38205	-7.6571	0.38205	-7.6571	0	1	90	0	4.6562	-1	-9	3.6562	0	-7.3438	3	-1	1	0	0	0	0
11	213.58	0.38205	-7.6571	0.38205	-7.6571	0	1	90	0	4.6562	-1	-9	3.6562	0	-7.3438	3	-1	1	0	0	0	0
11	230.17	0.38205	-7.6249	0.38205	-7.6249	0	1	90	0	4.6562	-1	-9	3.6562	0	-7.3438	3	-1	1	0	0	0	0
11	246.7	0.38205	-7.6249	0.38205	-7.6249	0	1	90	0	4.6562	-1	-9	3.6562	0	-7.3438	3	-1	1	0	0	0	0
11	263.3	0.38205	-7.6249	0.38205	-7.6249	0	1	90	0	4.6562	-1	-9	3.6562	0	-7.3438	3	-1	1	0	0	0	0
11	279.89	0.38205	-7.6249	0.38205	-7.6249	0	1	90	0	4.6562	-1	-9	3.6562	0	-7.3438	3	-1	1	0	0	0	0
11	296.54	0.38205	-7.6249	0.38205	-7.6249	0	1	90	0	4.6562	-1	-9	3.6562	0	-7.3438	3	-1	1	0	0	0	0
11	313.13	0.38205	-7.6249	0.38205	-7.6249	0	1	90	0	4.6562	-1	-9	3.6562	0	-7.3438	3	-1	1	0	0	0	0
11	329.73	0.38205	-7.6249	0.38205	-7.6249	0	1	90	0	4.6562	-1	-9	3.6562	0	-7.3438	3	-1	1	0	0	0	0
11	346.31	0.38205	-7.5927	0.38205	-7.5927	0	1	90	0	4.6562	-1	-9	3.6562	0	-7.3438	3	-1	1	1	0	0	0
11	362.9	0.38205	-7.5606	0.38205	-7.5606	0	1	90	0	4.6562	-1	-9	3.6562	0	-7.3438	3	-1	1	1	0	0	0
11	379.46	0.42227	-7.464	0.42227	-7.464	0	1	90	0	4.6562	-1	-9	3.6562	0	-7.3438	3	-1	1	1	0	0	0
11	396.03	0.48259	-7.2388	0.48259	-7.2388	0	1	90	0	4.6562	-1	-9	3.6562	0	-7.3438	3	-1	1	1	0	0	0
11	412.66	0.54291	-7.0458	0.54291	-7.0458	0	1	90	0	4.6562	-1	-9	3.6562	0	-7.3438	3	-1	1	1	0	0	0
11	429.27	0.70378	-6.5954	0.70378	-6.5954	0	1	90	0	4.6562	-1	-9	3.6562	0	-7.3438	3	-1	1	1	0	0	0
11	445.9	0.90485	-6.0806	0.90485	-6.0806	0	1	90	0	4.6562	-1	-9	3.6562	0	-7.3438	3	-1	1	1	0	0	0
11	462.45	1.0255	-5.8232	1.0255	-5.8232	0	1	90	0	4.6562	-1	-9	3.6562	0	-7.3438	3	-1	1	1	0	0	0
11	479.05	1.2668	-5.2763	1.2668	-5.2763	0	1	90	0	4.6562	-1	-9	3.6562	0	-7.3438	3	-1	1	1	0	0	0
11	495.61	1.5282	-4.7294	1.5282	-4.7294	0	2	90	0	4.6562	-1	-9	3.6562	0	-7.3438	3	-1	1	1	0	0	0
11	512.23	1.669	-4.4398	1.669	-4.4398	0	2	90	0	4.6562	-1	-9	3.6562	0	-7.3438	3	-1	1	1	0	0	0
11	528.86	1.9907	-3.8285	1.9907	-3.8285	0	2	90	0	4.6562	-1	-9	3.6562	0	-7.3438	3	-1	1	1	0	1	0
11	545.42	2.3325	-3.2173	2.3325	-3.2173	0	2	90	0	4.6562	-1	-9	3.6562	0	-7.3438	3	-1	1	1	0	0	0
11	562.03	2.5135	-2.9277	2.5135	-2.9277	0	2	90	0	4.6562	-1	-9	3.6562	0	-7.3438	3	-1	1	1	0	0	0
11	578.62	2.8553	-2.3808	2.8553	-2.3808	0	2	90	0	4.6562	-1	-9	3.6562	0	-7.3438	3	-1	1	1	0	0	0
11	595.19	3.1569	-1.8982	3.1569	-1.8982	0	2	90	0	4.6562	-1	-9	3.6562	0	-7.3438	3	-1	1	1	0	0	0
11	611.78	3.2977	-1.673	3.2977	-1.673	0	2	90	0	4.6562	-1	-9	3.6562	0	-7.3438	3	-1	1	1	0	0	0
11	628.38	3.5591	-1.2547	3.5591	-1.2547	0	2	90	0	4.6562	-1	-9	3.6562	0	-7.3438	3	-1	1	1	0	0	0
11	644.97	3.8205	-0.83649	3.8205	-0.83649	0	2	90	0	4.6562	-1	-9	3.6562	0	-7.3438	3	-1	1	1	0	0	0
11	661.59	3.9411	-0.64345	3.9411	-0.64345	0	2	90	0	4.6562	-1	-9	3.6562	0	-7.3438	3	-1	1	1	0	0	0
11	678.17	4.1824	-0.22521	4.1824	-0.22521	0	2	90	0	4.6562	-1	-9	3.6562	0	-7.3438	3	-1	1	1	0	0	0
11	694.79	4.4237	0.12869	4.4237	0.12869	0	2	90	0	4.6562	-1	-9	3.6562	0	-7.3438	3	-1	1	1	0	0	0
11	711.17	4.5243	0.32173	4.5243	0.32173	0	2	90	0	4.6562	-1	-9	3.6562	0	-7.3438	3	-1	1	1	0	0	0
11	727.92	4.7455	0.61128	4.7455	0.61128	0	2	90	0	4.6562	-1	-9	3.6562	0	-7.3438	3	-1	1	1	0	0	0
11	744.51	4.9063	0.83649	4.9063	0.83649	0	2	90	0	4.6562	-1	-9	3.6562	0	-7.3438	3	-1	1	1	0	0	0
11	761.07	4.9868	0.93301	4.9868	0.93301	0	2	90	0	4.6562	-1	-9	3.6562	0	-7.3438	3	-1	1	1	0	0	0
11	777.76	5.1275	1.126	5.1275	1.126	0	2	90	0	4.6562	-1	-9	3.6562	0	-7.3438	3	-1	1	1	0	0	0
11	794.33	5.1878	1.1904	5.1878	1.1904	0	2	90	0	4.6562	-1	-9	3.6562	0	-7.3438	3	-1	1	1	0	0	0
11	810.94	5.2482	1.2547	5.2482	1.2547	0	2	90	0	4.6562	-1	-9	3.6562	0	-7.3438	3	-1	1	0	0	0	0
11	827.48	5.2884	1.2869	5.2884	1.2869	0	2	90	0	4.6562	-1	-9	3.6562	0	-7.3438	3	-1	1	0	0	0	0
11	844.11	5.2884	1.2869	5.2884	1.2869	0	2	90	0	4.6562	-1	-9	3.6562	0	-7.3438	3	-1	1	0	0	0	0
11	860.67	5.2884	1.2869	5.2884	1.2869	0	2	90	0	4.6562	-1	-9	3.6562	0	-7.3438	3	-1	1	0	0	0	0
11	877.27	5.2884	1.2869	5.2884	1.2869	0	2	90	0	4.6562	-1	-9	3.6562	0	-7.3438	3	-1	1	0	0	0	0
11	893.92	5.2884	1.2869	5.2884	1.2869	0	3	90	0	4.6562	-1	-9	3.6562	0	-7.3438	3	-1	1	0	0	0	0
