0	4.431	-0.38205	-4.4398	-0.38205	-4.4398	0	1	90	0	4.6562	-1	-9	3.6562	0	-7.3438	3	-1	1	0	0	0	0
0	20.616	-0.38205	-4.4398	-0.38205	-4.4398	0	1	90	0	4.6562	-1	-9	3.6562	0	-7.3438	3	-1	1	0	0	0	0
0	37.186	-0.38205	-4.4398	-0.38205	-4.4398	0	1	90	0	4.6562	-1	-9	3.6562	0	-7.3438	3	-1	1	0	0	0	0
0	53.796	-0.38205	-4.4398	-0.38205	-4.4398	0	1	90	0	4.6562	-1	-9	3.6562	0	-7.3438	3	-1	1	0	0	0	0
0	70.362	-0.38205	-4.4398	-0.38205	-4.4398	0	1	90	0	4.6562	-1	-9	3.6562	0	-7.3438	3	-1	1	0	0	0	0
0	87.019	-0.38205	-4.4398	-0.38205	-4.4398	0	1	90	0	4.6562	-1	-9	3.6562	0	-7.3438	3	-1	1	0	0	0	0
0	103.73	-0.38205	-4.4398	-0.38205	-4.4398	0	1	90	0	4.6562	-1	-9	3.6562	0	-7.3438	3	-1	1	0	0	0	0
0	120.32	-0.38205	-4.4398	-0.38205	-4.4398	0	1	90	0	4.6562	-1	-9	3.6562	0	-7.3438	3	-1	1	0	0	0	0
0	136.97	-0.38205	-4.4398	-0.38205	-4.4398	0	1	90	0	4.6562	-1	-9	3.6562	0	-7.3438	3	-1	1	0	0	0	0
0	153.51	-0.38205	-4.4398	-0.38205	-4.4398	0	1	90	0	4.6562	-1	-9	3.6562	0	-7.3438	3	-1	1	0	0	0	0
0	170.2	-0.38205	-4.4398	-0.38205	-4.4398	0	1	90	0	4.6562	-1	-9	3.6562	0	-7.3438	3	-1	1	0	0	0	0
0	186.74	-0.38205	-4.4398	-0.38205	-4.4398	0	1	90	0	4.6562	-1	-9	3.6562	0	-7.3438	3	-1	1	0	0	0	0
0	203.39	-0.38205	-4.4398	-0.38205	-4.4398	0	1	90	0	4.6562	-1	-9	3.6562	0	-7.3438	3	-1	1	0	0	0	0
0	220	-0.38205	-4.4398	-0.38205	-4.4398	0	1	90	0	4.6562	-1	-9	3.6562	0	-7.3438	3	-1	1	0	0	0	0
0	236.59	-0.38205	-4.4398	-0.38205	-4.4398	0	1	90	0	4.6562	-1	-9	3.6562	0	-7.3438	3	-1	1	0	0	0	0
0	253.09	-0.38205	-4.4398	-0.38205	-4.4398	0	1	90	0	4.6562	-1	-9	3.6562	0	-7.3438	3	-1	1	0	0	0	0
0	269.77	-0.38205	-4.4398	-0.38205	-4.4398	0	1	90	0	4.6562	-1	-9	3.6562	0	-7.3438	3	-1	1	0	0	0	0
0	286.37	-0.38205	-4.4398	-0.38205	-4.4398	0	1	90	0	4.6562	-1	-9	3.6562	0	-7.3438	3	-1	1	0	0	0	0
0	302.97	-0.38205	-4.4398	-0.38205	-4.4398	0	1	90	0	4.6562	-1	-9	3.6562	0	-7.3438	3	-1	1	0	0	0	0
0	319.53	-0.38205	-4.4398	-0.38205	-4.4398	0	1	90	0	4.6562	-1	-9	3.6562	0	-7.3438	3	-1	1	0	0	0	0
0	336.16	-0.38205	-4.4398	-0.38205	-4.4398	0	1	90	0	4.6562	-1	-9	3.6562	0	-7.3438	3	-1	1	0	0	0	0
0	352.73	-0.38205	-4.4398	-0.38205	-4.4398	0	1	90	0	4.6562	-1	-9	3.6562	0	-7.3438	3	-1	1	0	0	0	0
0	369.28	-0.38205	-4.4398	-0.38205	-4.4398	0	1	90	0	4.6562	-1	-9	3.6562	0	-7.3438	3	-1	1	0	0	0	0
0	385.95	-0.38205	-4.4398	-0.38205	-4.4398	0	1	90	0	4.6562	-1	-9	3.6562	0	-7.3438	3	-1	1	0	0	0	0
0	402.53	-0.38205	-4.4398	-0.38205	-4.4398	0	1	90	0	4.6562	-1	-9	3.6562	0	-7.3438	3	-1	1	0	0	0	0
0	419.15	-0.38205	-4.4398	-0.38205	-4.4398	0	1	90	0	4.6562	-1	-9	3.6562	0	-7.3438	3	-1	1	0	0	0	0
0	435.73	-0.38205	-4.4398	-0.38205	-4.4398	0	1	90	0	4.6562	-1	-9	3.6562	0	-7.3438	3	-1	1	0	0	0	0
0	452.31	0.84453	-7.1423	0.84453	-7.1423	0	1	90	0	4.6562	-1	-9	3.6562	0	-7.3438	3	-1	1	0	0	0	0
0	468.85	0.82442	-7.1745	0.82442	-7.1745	0	1	90	0	4.6562	-1	-9	3.6562	0	-7.3438	3	-1	1	0	0	0	0
0	485.46	0.80432	-7.1745	0.80432	-7.1745	0	1	90	0	4.6562	-1	-9	3.6562	0	-7.3438	3	-1	1	0	0	0	0
0	502.07	0.78421	-7.1745	0.78421	-7.1745	0	1	90	0	4.6562	-1	-9	3.6562	0	-7.3438	3	-1	1	0	0	0	0
0	518.65	0.78421	-7.2067	0.78421	-7.2067	0	1	90	0	4.6562	-1	-9	3.6562	0	-7.3438	3	-1	1	0	0	0	0
0	535.27	0.78421	-7.2067	0.78421	-7.2067	0	1	90	0	4.6562	-1	-9	3.6562	0	-7.3438	3	-1	1	0	0	0	0
0	551.89	0.78421	-7.2388	0.78421	-7.2388	0	1	90	0	4.6562	-1	-9	3.6562	0	-7.3438	3	-1	1	0	0	0	0
0	568.45	0.78421	-7.271	0.78421	-7.271	0	1	90	0	4.6562	-1	-9	3.6562	0	-7.3438	3	-1	1	0	0	0	0
0	584.99	0.78421	-7.271	0.78421	-7.271	0	1	90	0	4.6562	-1	-9	3.6562	0	-7.3438	3	-1	1	0	0	0	0
0	601.62	0.78421	-7.3032	0.78421	-7.3032	0	1	90	0	4.6562	-1	-9	3.6562	0	-7.3438	3	-1	1	0	0	0	0
0	618.21	0.78421	-7.3032	0.78421	-7.3032	0	1	90	0	4.6562	-1	-9	3.6562	0	-7.3438	3	-1	1	0	0	0	0
0	634.71	0.7641	-7.3032	0.7641	-7.3032	0	1	90	0	4.6562	-1	-9	3.6562	0	-7.3438	3	-1	1	0	0	0	0
0	651.4	0.74399	-7.3032	0.74399	-7.3032	0	1	90	0	4.6562	-1	-9	3.6562	0	-7.3438	3	-1	1	0	0	0	0
0	667.99	0.72388	-7.3032	0.72388	-7.3032	0	1	90	0	4.6562	-1	-9	3.6562	0	-7.3438	3	-1	1	0	0	0	0
0	684.63	0.70378	-7.3354	0.70378	-7.3354	0	1	90	0	4.6562	-1	-9	3.6562	0	-7.3438	3	-1	1	0	0	0	0
0	701.24	0.66356	-7.3675	0.66356	-7.3675	0	1	90	0	4.6562	-1	-9	3.6562	0	-7.3438	3	-1	1	0	0	0	0
0	717.68	0.58313	-7.3997	0.58313	-7.3997	0	1	90	0	4.6562	-1	-9	3.6562	0	-7.3438	3	-1	1	0	0	0	0
0	734.46	0.54291	-7.3997	0.54291	-7.3997	0	1	90	0	4.6562	-1	-9	3.6562	0	-7.3438	3	-1	1	0	0	0	0
0	750.97	0.44237	-7.4319	0.44237	-7.4319	0	1	90	0	4.6562	-1	-9	3.6562	0	-7.3438	3	-1	1	0	0	0	0
0	767.6	0.34183	-7.4319	0.34183	-7.4319	0	1	90	0	4.6562	-1	-9	3.6562	0	-7.3438	3	-1	1	0	0	0	0
0	784.21	0.30162	-7.4319	0.30162	-7.4319	0	1	90	0	4.6562	-1	-9	3.6562	0	-7.3438	3	-1	1	0	0	0	0
0	800.69	0.28151	-7.4319	0.28151	-7.4319	0	1	90	0	4.6562	-1	-9	3.6562	0	-7.3438	3	-1	1	0	0	0	0
0	817.36	0.28151	-7.4319	0.28151	-7.4319	0	1	90	0	4.6562	-1	-9	3.6562	0	-7.3438	3	-1	1	0	0	0	0
0	833.91	0.28151	-7.4319	0.28151	-7.4319	0	1	90	0	4.6562	-1	-9	3.6562	0	-7.3438	3	-1	1	0	0	0	0
0	850.58	0.28151	-7.4319	0.28151	-7.4319	0	1	90	0	4.6562	-1	-9	3.6562	0	-7.3438	3	-1	1	0	0	0	0
0	867.17	0.28151	-7.4319	0.28151	-7.4319	0	1	90	0	4.6562	-1	-9	3.6562	0	-7.3438	3	-1	1	0	0	0	0
0	883.75	0.28151	-7.4319	0.28151	-7.4319	0	1	90	0	4.6562	-1	-9	3.6562	0	-7.3438	3	-1	1	0	0	0	0
0	900.36	0.28151	-7.4319	0.28151	-7.4319	0	1	90	0	4.6562	-1	-9	3.6562	0	-7.3438	3	-1	1	0	0	0	0
0	916.94	0.28151	-7.464	0.28151	-7.464	0	1	90	0	4.6562	-1	-9	3.6562	0	-7.3438	3	-1	1	0	0	0	0
0	933.54	0.28151	-7.464	0.28151	-7.464	0	1	90	0	4.6562	-1	-9	3.6562	0	-7.3438	3	-1	1	0	0	0	0
0	950.19	0.24129	-7.5284	0.24129	-7.5284	0	1	90	0	4.6562	-1	-9	3.6562	0	-7.3438	3	-1	1	0	0	0	0
0	966.7	0.20108	-7.5927	0.20108	-7.5927	0	1	90	0	4.6562	-1	-9	3.6562	0	-7.3438	3	-1	1	0	0	0	0
0	983.27	0.20108	-7.5606	0.20108	-7.5606	0	1	90	0	4.6562	-1	-9	3.6562	0	-7.3438	3	-1	1	0	0	0	0
0	999.89	0.20108	-7.5927	0.20108	-7.5927	0	1	90	0	4.6562	-1	-9	3.6562	0	-7.3438	3	-1	1	0	0	0	0
0	1016.5	0.20108	-7.5927	0.20108	-7.5927	0	1	90	0	4.6562	-1	-9	3.6562	0	-7.3438	3	-1	1	0	0	0	0
0	1033.1	0.20108	-7.5927	0.20108	-7.5927	0	1	90	0	4.6562	-1	-9	3.6562	0	-7.3438	3	-1	1	0	0	0	0
0	1049.7	0.20108	-7.5927	0.20108	-7.5927	0	1	90	0	4.6562	-1	-9	3.6562	0	-7.3438	3	-1	1	0	0	0	0
0	1066.3	0.20108	-7.5927	0.20108	-7.5927	0	1	90	0	4.6562	-1	-9	3.6562	0	-7.3438	3	-1	1	0	0	0	0
0	1082.9	0.20108	-7.5927	0.20108	-7.5927	0	1	90	0	4.6562	-1	-9	3.6562	0	-7.3438	3	-1	1	0	0	0	0
0	1099.4	0.20108	-7.5927	0.20108	-7.5927	0	1	90	0	4.6562	-1	-9	3.6562	0	-7.3438	3	-1	1	0	0	0	0
0	1116	0.20108	-7.5606	0.20108	-7.5606	0	1	90	0	4.6562	-1	-9	3.6562	0	-7.3438	3	-1	1	0	0	0	0
0	1132.6	0.20108	-7.5606	0.20108	-7.5606	0	1	90	0	4.6562	-1	-9	3.6562	0	-7.3438	3	-1	1	0	0	0	0
0	1149.2	0.18097	-7.5606	0.18097	-7.5606	0	1	90	0	4.6562	-1	-9	3.6562	0	-7.3438	3	-1	1	0	0	0	0
0	1165.9	0.14076	-7.5606	0.14076	-7.5606	0	1	90	0	4.6562	-1	-9	3.6562	0	-7.3438	3	-1	1	0	0	0	0
0	1182.5	0.12065	-7.5606	0.12065	-7.5606	0	1	90	0	4.6562	-1	-9	3.6562	0	-7.3438	3	-1	1	0	0	0	0
0	1199	0.020108	-7.5284	0.020108	-7.5284	0	1	90	0	4.6562	-1	-9	3.6562	0	-7.3438	3	-1	1	0	0	0	0
0	1215.6	-0.040216	-7.5284	-0.040216	-7.5284	0	1	90	0	4.6562	-1	-9	3.6562	0	-7.3438	3	-1	1	0	0	0	0
0	1232.2	-0.12065	-7.5284	-0.12065	-7.5284	0	1	90	0	4.6562	-1	-9	3.6562	0	-7.3438	3	-1	1	0	0	0	0
0	1248.8	-0.16086	-7.5284	-0.16086	-7.5284	0	1	90	0	4.6562	-1	-9	3.6562	0	-7.3438	3	-1	1	0	0	0	0
0	1265.4	-0.16086	-7.5284	-0.16086	-7.5284	0	1	90	0	4.6562	-1	-9	3.6562	0	-7.3438	3	-1	1	0	0	0	0
0	1282	-0.16086	-7.5284	-0.16086	-7.5284	0	1	90	0	4.6562	-1	-9	3.6562	0	-7.3438	3	-1	1	0	0	0	0
0	1298.6	-0.16086	-7.5284	-0.16086	-7.5284	0	1	90	0	4.6562	-1	-9	3.6562	0	-7.3438	3	-1	1	0	0	0	0
0	1315.1	-0.16086	-7.5284	-0.16086	-7.5284	0	1	90	0	4.6562	-1	-9	3.6562	0	-7.3438	3	-1	1	0	0	0	0
0	1331.8	-0.14076	-7.5284	-0.14076	-7.5284	0	1	90	0	4.6562	-1	-9	3.6562	0	-7.3438	3	-1	1	0	0	0	0
0	1348.4	-0.14076	-7.5284	-0.14076	-7.5284	0	1	90	0	4.6562	-1	-9	3.6562	0	-7.3438	3	-1	1	0	0	0	0
0	1365	-0.14076	-7.5284	-0.14076	-7.5284	0	1	90	0	4.6562	-1	-9	3.6562	0	-7.3438	3	-1	1	0	0	0	0
0	1381.5	-0.14076	-7.5284	-0.14076	-7.5284	0	1	90	0	4.6562	-1	-9	3.6562	0	-7.3438	3	-1	1	0	0	0	0
0	1398.2	-0.14076	-7.5284	-0.14076	-7.5284	0	1	90	0	4.6562	-1	-9	3.6562	0	-7.3438	3	-1	1	0	0	0	0
0	1414.8	-0.14076	-7.5284	-0.14076	-7.5284	0	1	90	0	4.6562	-1	-9	3.6562	0	-7.3438	3	-1	1	0	0	0	0
0	1431.4	-0.14076	-7.5284	-0.14076	-7.5284	0	1	90	0	4.6562	-1	-9	3.6562	0	-7.3438	3	-1	1	0	0	0	0
0	1448	-0.14076	-7.5284	-0.14076	-7.5284	0	1	90	0	4.6562	-1	-9	3.6562	0	-7.3438	3	-1	1	0	0	0	0
0	1464.5	-0.14076	-7.4962	-0.14076	-7.4962	0	1	90	0	4.6562	-1	-9	3.6562	0	-7.3438	3	-1	1	0	0	0	0
0	1481.1	-0.14076	-7.4962	-0.14076	-7.4962	0	1	90	0	4.6562	-1	-9	3.6562	0	-7.3438	3	-1	1	0	0	0	0
0	1497.7	-0.16086	-7.464	-0.16086	-7.464	0	1	90	0	4.6562	-1	-9	3.6562	0	-7.3438	3	-1	1	0	0	0	0
0	1514.3	-0.16086	-7.464	-0.16086	-7.464	0	1	90	0	4.6562	-1	-9	3.6562	0	-7.3438	3	-1	1	0	0	0	0
0	1530.9	-0.18097	-7.4319	-0.18097	-7.4319	0	1	90	0	4.6562	-1	-9	3.6562	0	-7.3438	3	-1	1	0	0	0	0
0	1547.5	-0.18097	-7.4319	-0.18097	-7.4319	0	1	90	0	4.6562	-1	-9	3.6562	0	-7.3438	3	-1	1	0	0	0	0
0	1564.1	-0.20108	-7.3997	-0.20108	-7.3997	0	1	90	0	4.6562	-1	-9	3.6562	0	-7.3438	3	-1	1	0	0	0	0
0	1580.7	-0.22119	-7.3675	-0.22119	-7.3675	0	1	90	0	4.6562	-1	-9	3.6562	0	-7.3438	3	-1	1	0	0	0	0
0	1597.3	-0.24129	-7.3675	-0.24129	-7.3675	0	1	90	0	4.6562	-1	-9	3.6562	0	-7.3438	3	-1	1	0	0	0	0
0	1613.9	-0.24129	-7.3675	-0.24129	-7.3675	0	1	90	0	4.6562	-1	-9	3.6562	0	-7.3438	3	-1	1	0	0	0	0
0	1630.5	-0.22119	-7.3675	-0.22119	-7.3675	0	1	90	0	4.6562	-1	-9	3.6562	0	-7.3438	3	-1	1	0	0	0	0
0	1647.1	-0.22119	-7.3675	-0.22119	-7.3675	0	1	90	0	4.6562	-1	-9	3.6562	0	-7.3438	3	-1	1	0	0	0	0
0	1663.7	-0.22119	-7.3675	-0.22119	-7.3675	0	1	90	0	4.6562	-1	-9	3.6562	0	-7.3438	3	-1	1	0	0	0	0
0	1680.2	-0.22119	-7.3675	-0.22119	-7.3675	0	1	90	0	4.6562	-1	-9	3.6562	0	-7.3438	3	-1	1	0	0	0	0
0	1697	-0.22119	-7.3675	-0.22119	-7.3675	0	1	90	0	4.6562	-1	-9	3.6562	0	-7.3438	3	-1	1	0	0	0	0
0	1713.4	-0.22119	-7.3675	-0.22119	-7.3675	0	1	90	0	4.6562	-1	-9	3.6562	0	-7.3438	3	-1	1	0	0	0	0
0	1730	-0.22119	-7.3675	-0.22119	-7.3675	0	1	90	0	4.6562	-1	-9	3.6562	0	-7.3438	3	-1	1	0	0	0	0
0	1746.6	-0.22119	-7.3354	-0.22119	-7.3354	0	1	90	0	4.6562	-1	-9	3.6562	0	-7.3438	3	-1	1	0	0	0	0
0	1763.2	-0.22119	-7.3354	-0.22119	-7.3354	0	1	90	0	4.6562	-1	-9	3.6562	0	-7.3438	3	-1	1	0	0	0	0
0	1779.8	-0.24129	-7.271	-0.24129	-7.271	0	1	90	0	4.6562	-1	-9	3.6562	0	-7.3438	3	-1	1	1	0	0	0
0	1796.4	-0.24129	-7.1745	-0.24129	-7.1745	0	1	90	0	4.6562	-1	-9	3.6562	0	-7.3438	3	-1	1	1	0	0	0
0	1813	-0.2614	-7.0136	-0.2614	-7.0136	0	1	90	0	4.6562	-1	-9	3.6562	0	-7.3438	3	-1	1	1	0	0	0
0	1829.6	-0.28151	-6.7884	-0.28151	-6.7884	0	1	90	0	4.6562	-1	-9	3.6562	0	-7.3438	3	-1	1	1	0	0	0
0	1846.2	-0.30162	-6.6919	-0.30162	-6.6919	0	1	90	0	4.6562	-1	-9	3.6562	0	-7.3438	3	-1	1	1	0	0	0
0	1862.8	-0.30162	-6.4667	-0.30162	-6.4667	0	1	90	0	4.6562	-1	-9	3.6562	0	-7.3438	3	-1	1	1	0	0	0
0	1879.4	-0.28151	-6.1771	-0.28151	-6.1771	0	1	90	0	4.6562	-1	-9	3.6562	0	-7.3438	3	-1	1	1	0	0	0
0	1896	-0.2614	-6.0485	-0.2614	-6.0485	0	1	90	0	4.6562	-1	-9	3.6562	0	-7.3438	3	-1	1	1	0	0	0
0	1912.6	-0.22119	-5.6624	-0.22119	-5.6624	0	1	90	0	4.6562	-1	-9	3.6562	0	-7.3438	3	-1	1	1	0	0	0
0	1929.2	-0.18097	-5.4372	-0.18097	-5.4372	0	1	90	0	4.6562	-1	-9	3.6562	0	-7.3438	3	-1	1	1	0	0	0
0	1945.7	-0.10054	-4.9868	-0.10054	-4.9868	0	1	90	0	4.6562	-1	-9	3.6562	0	-7.3438	3	-1	1	1	0	0	0
0	1962.4	-0.020108	-4.472	-0.020108	-4.472	0	2	90	0	4.6562	-1	-9	3.6562	0	-7.3438	3	-1	1	1	0	0	0
0	1979	0.080432	-3.9572	0.080432	-3.9572	0	2	90	0	4.6562	-1	-9	3.6562	0	-7.3438	3	-1	1	1	0	0	0
0	1995.6	0.14076	-3.732	0.14076	-3.732	0	2	90	0	4.6562	-1	-9	3.6562	0	-7.3438	3	-1	1	1	0	0	0
0	2012.2	0.22119	-3.2494	0.22119	-3.2494	0	2	90	0	4.6562	-1	-9	3.6562	0	-7.3438	3	-1	1	1	0	0	0
0	2028.7	0.2614	-2.9921	0.2614	-2.9921	0	2	90	0	4.6562	-1	-9	3.6562	0	-7.3438	3	-1	1	1	0	0	0
0	2045.3	0.34183	-2.4773	0.34183	-2.4773	0	2	90	0	4.6562	-1	-9	3.6562	0	-7.3438	3	-1	1	1	0	1	0
0	2061.9	0.40216	-1.9947	0.40216	-1.9947	0	2	90	0	4.6562	-1	-9	3.6562	0	-7.3438	3	-1	1	1	0	0	0
0	2078.5	0.44237	-1.5121	0.44237	-1.5121	0	2	90	0	4.6562	-1	-9	3.6562	0	-7.3438	3	-1	1	1	0	0	0
0	2095.1	0.44237	-1.2869	0.44237	-1.2869	0	2	90	0	4.6562	-1	-9	3.6562	0	-7.3438	3	-1	1	1	0	0	0
0	2111.7	0.44237	-0.83649	0.44237	-0.83649	0	2	90	0	4.6562	-1	-9	3.6562	0	-7.3438	3	-1	1	1	0	0	0
0	2128.3	0.42227	-0.57911	0.42227	-0.57911	0	2	90	0	4.6562	-1	-9	3.6562	0	-7.3438	3	-1	1	1	0	0	0
0	2144.9	0.42227	-0.096518	0.42227	-0.096518	0	2	90	0	4.6562	-1	-9	3.6562	0	-7.3438	3	-1	1	1	0	0	0
0	2161.5	0.40216	0.38607	0.40216	0.38607	0	2	90	0	4.6562	-1	-9	3.6562	0	-7.3438	3	-1	1	1	0	0	0
0	2178.1	0.36194	0.83649	0.36194	0.83649	0	2	90	0	4.6562	-1	-9	3.6562	0	-7.3438	3	-1	1	1	0	0	0
0	2194.7	0.32173	1.0939	0.32173	1.0939	0	2	90	0	4.6562	-1	-9	3.6562	0	-7.3438	3	-1	1	0	0	0	0
0	2211.3	0.24129	1.5121	0.24129	1.5121	0	2	90	0	4.6562	-1	-9	3.6562	0	-7.3438	3	-1	1	0	0	0	0
0	2227.9	0.20108	1.7051	0.20108	1.7051	0	2	90	0	4.6562	-1	-9	3.6562	0	-7.3438	3	-1	1	0	0	0	0
0	2244.4	0.10054	2.0912	0.10054	2.0912	0	2	90	0	4.6562	-1	-9	3.6562	0	-7.3438	3	-1	1	0	0	0	0
0	2261	0	2.4451	0	2.4451	0	2	90	0	4.6562	-1	-9	3.6562	0	-7.3438	3	-1	1	0	0	0	0
0	2277.6	-0.080432	2.799	-0.080432	2.799	0	2	90	0	4.6562	-1	-9	3.6562	0	-7.3438	3	-1	1	0	0	0	0
0	2294.3	-0.12065	2.9921	-0.12065	2.9921	0	2	90	0	4.6562	-1	-9	3.6562	0	-7.3438	3	-1	1	0	0	0	0
0	2310.8	-0.20108	3.3138	-0.20108	3.3138	0	2	90	0	4.6562	-1	-9	3.6562	0	-7.3438	3	-1	1	0	0	0	0
0	2327.4	-0.22119	3.5068	-0.22119	3.5068	0	2	90	0	4.6562	-1	-9	3.6562	0	-7.3438	3	-1	1	0	0	0	0
0	2344	-0.2614	3.8285	-0.2614	3.8285	0	2	90	0	4.6562	-1	-9	3.6562	0	-7.3438	3	-1	1	0	0	0	0
0	2360.6	-0.28151	4.1824	-0.28151	4.1824	0	2	90	0	4.6562	-1	-9	3.6562	0	-7.3438	3	-1	1	0	0	0	0
0	2377.2	-0.28151	4.5363	-0.28151	4.5363	0	2	90	0	4.6562	-1	-9	3.6562	0	-7.3438	3	-1	1	0	0	0	0
0	2393.8	-0.2614	4.6972	-0.2614	4.6972	0	2	90	0	4.6562	-1	-9	3.6562	0	-7.3438	3	-1	1	0	0	0	0
0	2410.4	-0.24129	4.9868	-0.24129	4.9868	0	2	90	0	4.6562	-1	-9	3.6562	0	-7.3438	3	-1	1	0	0	0	0
0	2427	-0.22119	5.1476	-0.22119	5.1476	0	2	90	0	4.6562	-1	-9	3.6562	0	-7.3438	3	-1	1	0	0	0	0
0	2443.6	-0.20108	5.4372	-0.20108	5.4372	0	2	90	0	4.6562	-1	-9	3.6562	0	-7.3438	3	-1	1	0	0	0	0
0	2460.2	-0.18097	5.5659	-0.18097	5.5659	0	2	90	0	4.6562	-1	-9	3.6562	0	-7.3438	3	-1	1	0	0	0	0
0	2476.7	-0.16086	5.8232	-0.16086	5.8232	0	2	90	0	4.6562	-1	-9	3.6562	0	-7.3438	3	-1	1	0	0	0	0
0	2493.3	-0.12065	6.0485	-0.12065	6.0485	0	2	90	0	4.6562	-1	-9	3.6562	0	-7.3438	3	-1	1	0	0	0	0
0	2509.9	-0.080432	6.2415	-0.080432	6.2415	0	2	90	0	4.6562	-1	-9	3.6562	0	-7.3438	3	-1	1	0	0	0	0
0	2526.5	-0.060324	6.3058	-0.060324	6.3058	0	2	90	0	4.6562	-1	-9	3.6562	0	-7.3438	3	-1	1	0	0	0	0
0	2543.2	-0.020108	6.4345	-0.020108	6.4345	0	2	90	0	4.6562	-1	-9	3.6562	0	-7.3438	3	-1	1	0	0	0	0
0	2559.7	-0.020108	6.4667	-0.020108	6.4667	0	2	90	0	4.6562	-1	-9	3.6562	0	-7.3438	3	-1	1	0	0	0	0
0	2576.3	0	6.4989	0	6.4989	0	2	90	0	4.6562	-1	-9	3.6562	0	-7.3438	3	-1	1	0	0	0	0
0	2592.9	0	6.4989	0	6.4989	0	3	90	0	4.6562	-1	-9	3.6562	0	-7.3438	3	-1	1	0	0	0	0
1	28.364	-0.2614	-7.6571	-0.2614	-7.6571	0	1	75	3.1058	4.2473	-1	-5.8942	3.2474	0	-7.3438	3	-1	1	0	0	0	0
1	44.94	-0.22119	-7.6571	-0.22119	-7.6571	0	1	75	3.1058	4.2473	-1	-5.8942	3.2474	0	-7.3438	3	-1	1	0	0	0	0
1	61.455	-0.20108	-7.6571	-0.20108	-7.6571	0	1	75	3.1058	4.2473	-1	-5.8942	3.2474	0	-7.3438	3	-1	1	0	0	0	0
1	78.142	-0.20108	-7.6571	-0.20108	-7.6571	0	1	75	3.1058	4.2473	-1	-5.8942	3.2474	0	-7.3438	3	-1	1	0	0	0	0
1	94.726	-0.20108	-7.6571	-0.20108	-7.6571	0	1	75	3.1058	4.2473	-1	-5.8942	3.2474	0	-7.3438	3	-1	1	0	0	0	0
1	111.29	-0.18097	-7.6571	-0.18097	-7.6571	0	1	75	3.1058	4.2473	-1	-5.8942	3.2474	0	-7.3438	3	-1	1	0	0	0	0
1	127.88	-0.18097	-7.6571	-0.18097	-7.6571	0	1	75	3.1058	4.2473	-1	-5.8942	3.2474	0	-7.3438	3	-1	1	0	0	0	0
1	144.5	-0.18097	-7.6571	-0.18097	-7.6571	0	1	75	3.1058	4.2473	-1	-5.8942	3.2474	0	-7.3438	3	-1	1	0	0	0	0
1	161.11	-0.18097	-7.6571	-0.18097	-7.6571	0	1	75	3.1058	4.2473	-1	-5.8942	3.2474	0	-7.3438	3	-1	1	0	0	0	0
1	177.71	-0.18097	-7.6249	-0.18097	-7.6249	0	1	75	3.1058	4.2473	-1	-5.8942	3.2474	0	-7.3438	3	-1	1	0	0	0	0
1	194.32	-0.18097	-7.6249	-0.18097	-7.6249	0	1	75	3.1058	4.2473	-1	-5.8942	3.2474	0	-7.3438	3	-1	1	0	0	0	0
1	210.9	-0.18097	-7.6249	-0.18097	-7.6249	0	1	75	3.1058	4.2473	-1	-5.8942	3.2474	0	-7.3438	3	-1	1	0	0	0	0
1	227.44	-0.18097	-7.6249	-0.18097	-7.6249	0	1	75	3.1058	4.2473	-1	-5.8942	3.2474	0	-7.3438	3	-1	1	0	0	0	0
1	244.05	-0.18097	-7.6249	-0.18097	-7.6249	0	1	75	3.1058	4.2473	-1	-5.8942	3.2474	0	-7.3438	3	-1	1	0	0	0	0
1	260.67	-0.18097	-7.6249	-0.18097	-7.6249	0	1	75	3.1058	4.2473	-1	-5.8942	3.2474	0	-7.3438	3	-1	1	0	0	0	0
1	277.2	-0.18097	-7.6249	-0.18097	-7.6249	0	1	75	3.1058	4.2473	-1	-5.8942	3.2474	0	-7.3438	3	-1	1	0	0	0	0
1	293.86	-0.18097	-7.6249	-0.18097	-7.6249	0	1	75	3.1058	4.2473	-1	-5.8942	3.2474	0	-7.3438	3	-1	1	0	0	0	0
1	310.46	-0.18097	-7.6249	-0.18097	-7.6249	0	1	75	3.1058	4.2473	-1	-5.8942	3.2474	0	-7.3438	3	-1	1	0	0	0	0
1	327.06	-0.18097	-7.6249	-0.18097	-7.6249	0	1	75	3.1058	4.2473	-1	-5.8942	3.2474	0	-7.3438	3	-1	1	0	0	0	0
1	343.62	-0.18097	-7.6249	-0.18097	-7.6249	0	1	75	3.1058	4.2473	-1	-5.8942	3.2474	0	-7.3438	3	-1	1	0	0	0	0
1	360.19	-0.18097	-7.6249	-0.18097	-7.6249	0	1	75	3.1058	4.2473	-1	-5.8942	3.2474	0	-7.3438	3	-1	1	0	0	0	0
1	376.8	-0.18097	-7.6249	-0.18097	-7.6249	0	1	75	3.1058	4.2473	-1	-5.8942	3.2474	0	-7.3438	3	-1	1	0	0	0	0
1	393.41	-0.18097	-7.6249	-0.18097	-7.6249	0	1	75	3.1058	4.2473	-1	-5.8942	3.2474	0	-7.3438	3	-1	1	0	0	0	0
1	410	-0.18097	-7.6249	-0.18097	-7.6249	0	1	75	3.1058	4.2473	-1	-5.8942	3.2474	0	-7.3438	3	-1	1	0	0	0	0
1	426.6	-0.18097	-7.6249	-0.18097	-7.6249	0	1	75	3.1058	4.2473	-1	-5.8942	3.2474	0	-7.3438	3	-1	1	0	0	0	0
1	443.2	-0.18097	-7.6249	-0.18097	-7.6249	0	1	75	3.1058	4.2473	-1	-5.8942	3.2474	0	-7.3438	3	-1	1	0	0	0	0
1	459.73	-0.18097	-7.6249	-0.18097	-7.6249	0	1	75	3.1058	4.2473	-1	-5.8942	3.2474	0	-7.3438	3	-1	1	0	0	0	0
1	476.34	-0.18097	-7.6249	-0.18097	-7.6249	0	1	75	3.1058	4.2473	-1	-5.8942	3.2474	0	-7.3438	3	-1	1	0	0	0	0
1	492.92	-0.18097	-7.6249	-0.18097	-7.6249	0	1	75	3.1058	4.2473	-1	-5.8942	3.2474	0	-7.3438	3	-1	1	0	0	0	0
1	509.49	-0.18097	-7.6249	-0.18097	-7.6249	0	1	75	3.1058	4.2473	-1	-5.8942	3.2474	0	-7.3438	3	-1	1	0	0	0	0
1	526.15	-0.18097	-7.6249	-0.18097	-7.6249	0	1	75	3.1058	4.2473	-1	-5.8942	3.2474	0	-7.3438	3	-1	1	0	0	0	0
1	542.73	-0.18097	-7.5927	-0.18097	-7.5927	0	1	75	3.1058	4.2473	-1	-5.8942	3.2474	0	-7.3438	3	-1	1	0	0	0	0
1	559.35	-0.16086	-7.5927	-0.16086	-7.5927	0	1	75	3.1058	4.2473	-1	-5.8942	3.2474	0	-7.3438	3	-1	1	0	0	0	0
1	575.94	-0.12065	-7.5284	-0.12065	-7.5284	0	1	75	3.1058	4.2473	-1	-5.8942	3.2474	0	-7.3438	3	-1	1	1	0	0	0
1	592.59	-0.080432	-7.4962	-0.080432	-7.4962	0	1	75	3.1058	4.2473	-1	-5.8942	3.2474	0	-7.3438	3	-1	1	1	0	0	0
1	609.17	0.040216	-7.3032	0.040216	-7.3032	0	1	75	3.1058	4.2473	-1	-5.8942	3.2474	0	-7.3438	3	-1	1	1	0	0	0
1	625.72	0.10054	-7.1745	0.10054	-7.1745	0	1	75	3.1058	4.2473	-1	-5.8942	3.2474	0	-7.3438	3	-1	1	1	0	0	0
1	642.33	0.30162	-6.8206	0.30162	-6.8206	0	1	75	3.1058	4.2473	-1	-5.8942	3.2474	0	-7.3438	3	-1	1	1	0	0	0
1	658.91	0.54291	-6.338	0.54291	-6.338	0	1	75	3.1058	4.2473	-1	-5.8942	3.2474	0	-7.3438	3	-1	1	1	0	0	0
1	675.5	0.68367	-6.0806	0.68367	-6.0806	0	1	75	3.1058	4.2473	-1	-5.8942	3.2474	0	-7.3438	3	-1	1	1	0	0	0
1	692.07	0.98529	-5.5015	0.98529	-5.5015	0	1	75	3.1058	4.2473	-1	-5.8942	3.2474	0	-7.3438	3	-1	1	1	0	0	0
1	708.78	1.3271	-4.8902	1.3271	-4.8902	0	2	75	3.1058	4.2473	-1	-5.8942	3.2474	0	-7.3438	3	-1	1	1	0	0	0
1	725.31	1.5081	-4.5685	1.5081	-4.5685	0	2	75	3.1058	4.2473	-1	-5.8942	3.2474	0	-7.3438	3	-1	1	1	0	0	0
1	741.93	1.87	-3.8929	1.87	-3.8929	0	2	75	3.1058	4.2473	-1	-5.8942	3.2474	0	-7.3438	3	-1	1	1	0	0	0
1	758.49	2.232	-3.2494	2.232	-3.2494	0	2	75	3.1058	4.2473	-1	-5.8942	3.2474	0	-7.3438	3	-1	1	1	0	0	0
1	775.07	2.4129	-2.9277	2.4129	-2.9277	0	2	75	3.1058	4.2473	-1	-5.8942	3.2474	0	-7.3438	3	-1	1	1	0	1	0
1	791.66	2.7548	-2.2843	2.7548	-2.2843	0	2	75	3.1058	4.2473	-1	-5.8942	3.2474	0	-7.3438	3	-1	1	1	0	0	0
1	808.17	3.1167	-1.673	3.1167	-1.673	0	2	75	3.1058	4.2473	-1	-5.8942	3.2474	0	-7.3438	3	-1	1	1	0	0	0
1	824.85	3.2977	-1.3513	3.2977	-1.3512	0	2	75	3.1058	4.2473	-1	-5.8942	3.2474	0	-7.3438	3	-1	1	1	0	0	0
1	841.41	3.6395	-0.73997	3.6395	-0.73997	0	2	75	3.1058	4.2473	-1	-5.8942	3.2474	0	-7.3438	3	-1	1	1	0	0	0
1	858.05	3.9613	-0.19304	3.9613	-0.19304	0	2	75	3.1058	4.2473	-1	-5.8942	3.2474	0	-7.3438	3	-1	1	1	0	0	0
1	874.67	4.102	0.096518	4.102	0.096518	0	2	75	3.1058	4.2473	-1	-5.8942	3.2474	0	-7.3438	3	-1	1	1	0	0	0
1	891.21	4.3835	0.61128	4.3835	0.61128	0	2	75	3.1058	4.2473	-1	-5.8942	3.2474	0	-7.3438	3	-1	1	1	0	0	0
1	907.8	4.6248	1.0939	4.6248	1.0939	0	2	75	3.1058	4.2473	-1	-5.8942	3.2474	0	-7.3438	3	-1	1	1	0	0	0
1	924.42	4.7455	1.3191	4.7455	1.3191	0	2	75	3.1058	4.2473	-1	-5.8942	3.2474	0	-7.3438	3	-1	1	1	0	0	0
1	940.98	4.9666	1.7373	4.9666	1.7373	0	2	75	3.1058	4.2473	-1	-5.8942	3.2474	0	-7.3438	3	-1	1	1	0	0	0
1	957.64	5.1275	2.1556	5.1275	2.1556	0	2	75	3.1058	4.2473	-1	-5.8942	3.2474	0	-7.3438	3	-1	1	1	0	0	0
1	974.24	5.2079	2.3164	5.2079	2.3164	0	2	75	3.1058	4.2473	-1	-5.8942	3.2474	0	-7.3438	3	-1	1	1	0	0	0
1	990.76	5.3286	2.6703	5.3286	2.6703	0	2	75	3.1058	4.2473	-1	-5.8942	3.2474	0	-7.3438	3	-1	1	1	0	0	0
1	1007.4	5.3889	2.9599	5.3889	2.9599	0	2	75	3.1058	4.2473	-1	-5.8942	3.2474	0	-7.3438	3	-1	1	1	0	0	0
1	1024	5.4291	3.0886	5.4291	3.0886	0	2	75	3.1058	4.2473	-1	-5.8942	3.2474	0	-7.3438	3	-1	1	1	0	0	0
1	1040.7	5.4492	3.346	5.4492	3.346	0	2	75	3.1058	4.2473	-1	-5.8942	3.2474	0	-7.3438	3	-1	1	1	0	0	0
1	1057.3	5.4693	3.5712	5.4693	3.5712	0	2	75	3.1058	4.2473	-1	-5.8942	3.2474	0	-7.3438	3	-1	1	1	0	0	0
1	1073.8	5.4895	3.6677	5.4895	3.6677	0	2	75	3.1058	4.2473	-1	-5.8942	3.2474	0	-7.3438	3	-1	1	1	0	0	0
1	1090.4	5.4895	3.8607	5.4895	3.8607	0	2	75	3.1058	4.2473	-1	-5.8942	3.2474	0	-7.3438	3	-1	1	1	0	0	0
1	1106.9	5.4895	3.9572	5.4895	3.9572	0	2	75	3.1058	4.2473	-1	-5.8942	3.2474	0	-7.3438	3	-1	1	1	0	0	0
1	1123.5	5.4895	4.1181	5.4895	4.1181	0	2	75	3.1058	4.2473	-1	-5.8942	3.2474	0	-7.3438	3	-1	1	1	0	0	0
1	1140.2	5.4693	4.2146	5.4693	4.2146	0	2	75	3.1058	4.2473	-1	-5.8942	3.2474	0	-7.3438	3	-1	1	1	0	0	0
1	1156.7	5.4492	4.3433	5.4492	4.3433	0	2	75	3.1058	4.2473	-1	-5.8942	3.2474	0	-7.3438	3	-1	1	0	0	0	0
1	1173.4	5.4492	4.3755	5.4492	4.3755	0	2	75	3.1058	4.2473	-1	-5.8942	3.2474	0	-7.3438	3	-1	1	0	0	0	0
1	1189.9	5.4492	4.472	5.4492	4.472	0	2	75	3.1058	4.2473	-1	-5.8942	3.2474	0	-7.3438	3	-1	1	0	0	0	0
1	1206.5	5.4291	4.5042	5.4291	4.5042	0	3	75	3.1058	4.2473	-1	-5.8942	3.2474	0	-7.3438	3	-1	1	0	0	0	0
2	30.467	-0.58313	-7.3997	-0.58313	-7.3997	0	1	105	-3.1058	4.2473	-1	-12.106	3.2474	0	-7.3438	3	-1	1	0	0	0	0
2	46.97	-0.58313	-7.3675	-0.58313	-7.3675	0	1	105	-3.1058	4.2473	-1	-12.106	3.2474	0	-7.3438	3	-1	1	0	0	0	0
2	63.637	-0.56302	-7.3997	-0.56302	-7.3997	0	1	105	-3.1058	4.2473	-1	-12.106	3.2474	0	-7.3438	3	-1	1	0	0	0	0
2	80.204	-0.54291	-7.3997	-0.54291	-7.3997	0	1	105	-3.1058	4.2473	-1	-12.106	3.2474	0	-7.3438	3	-1	1	0	0	0	0
2	96.789	-0.52281	-7.3997	-0.52281	-7.3997	0	1	105	-3.1058	4.2473	-1	-12.106	3.2474	0	-7.3438	3	-1	1	0	0	0	0
2	113.32	-0.5027	-7.3997	-0.5027	-7.3997	0	1	105	-3.1058	4.2473	-1	-12.106	3.2474	0	-7.3438	3	-1	1	0	0	0	0
2	129.93	-0.48259	-7.4319	-0.48259	-7.4319	0	1	105	-3.1058	4.2473	-1	-12.106	3.2474	0	-7.3438	3	-1	1	0	0	0	0
2	146.53	-0.48259	-7.4319	-0.48259	-7.4319	0	1	105	-3.1058	4.2473	-1	-12.106	3.2474	0	-7.3438	3	-1	1	0	0	0	0
2	163.11	-0.46248	-7.4319	-0.46248	-7.4319	0	1	105	-3.1058	4.2473	-1	-12.106	3.2474	0	-7.3438	3	-1	1	0	0	0	0
2	179.72	-0.46248	-7.464	-0.46248	-7.464	0	1	105	-3.1058	4.2473	-1	-12.106	3.2474	0	-7.3438	3	-1	1	0	0	0	0
2	196.31	-0.44237	-7.464	-0.44237	-7.464	0	1	105	-3.1058	4.2473	-1	-12.106	3.2474	0	-7.3438	3	-1	1	0	0	0	0
2	212.9	-0.44237	-7.464	-0.44237	-7.464	0	1	105	-3.1058	4.2473	-1	-12.106	3.2474	0	-7.3438	3	-1	1	0	0	0	0
2	229.5	-0.44237	-7.4962	-0.44237	-7.4962	0	1	105	-3.1058	4.2473	-1	-12.106	3.2474	0	-7.3438	3	-1	1	0	0	0	0
2	246.07	-0.44237	-7.4962	-0.44237	-7.4962	0	1	105	-3.1058	4.2473	-1	-12.106	3.2474	0	-7.3438	3	-1	1	0	0	0	0
2	262.73	-0.44237	-7.4962	-0.44237	-7.4962	0	1	105	-3.1058	4.2473	-1	-12.106	3.2474	0	-7.3438	3	-1	1	0	0	0	0
2	279.36	-0.44237	-7.4962	-0.44237	-7.4962	0	1	105	-3.1058	4.2473	-1	-12.106	3.2474	0	-7.3438	3	-1	1	0	0	0	0
2	295.88	-0.44237	-7.4962	-0.44237	-7.4962	0	1	105	-3.1058	4.2473	-1	-12.106	3.2474	0	-7.3438	3	-1	1	0	0	0	0
2	312.49	-0.44237	-7.4962	-0.44237	-7.4962	0	1	105	-3.1058	4.2473	-1	-12.106	3.2474	0	-7.3438	3	-1	1	0	0	0	0
2	329.04	-0.44237	-7.4962	-0.44237	-7.4962	0	1	105	-3.1058	4.2473	-1	-12.106	3.2474	0	-7.3438	3	-1	1	0	0	0	0
2	345.64	-0.42227	-7.4962	-0.42227	-7.4962	0	1	105	-3.1058	4.2473	-1	-12.106	3.2474	0	-7.3438	3	-1	1	0	0	0	0
2	362.23	-0.42227	-7.4962	-0.42227	-7.4962	0	1	105	-3.1058	4.2473	-1	-12.106	3.2474	0	-7.3438	3	-1	1	0	0	0	0
2	378.88	-0.42227	-7.4962	-0.42227	-7.4962	0	1	105	-3.1058	4.2473	-1	-12.106	3.2474	0	-7.3438	3	-1	1	0	0	0	0
2	395.44	-0.42227	-7.4962	-0.42227	-7.4962	0	1	105	-3.1058	4.2473	-1	-12.106	3.2474	0	-7.3438	3	-1	1	0	0	0	0
2	412.03	-0.42227	-7.4962	-0.42227	-7.4962	0	1	105	-3.1058	4.2473	-1	-12.106	3.2474	0	-7.3438	3	-1	1	0	0	0	0
2	428.68	-0.42227	-7.4962	-0.42227	-7.4962	0	1	105	-3.1058	4.2473	-1	-12.106	3.2474	0	-7.3438	3	-1	1	0	0	0	0
2	445.25	-0.42227	-7.4962	-0.42227	-7.4962	0	1	105	-3.1058	4.2473	-1	-12.106	3.2474	0	-7.3438	3	-1	1	0	0	0	0
2	461.79	-0.42227	-7.4962	-0.42227	-7.4962	0	1	105	-3.1058	4.2473	-1	-12.106	3.2474	0	-7.3438	3	-1	1	0	0	0	0
2	478.36	-0.42227	-7.464	-0.42227	-7.464	0	1	105	-3.1058	4.2473	-1	-12.106	3.2474	0	-7.3438	3	-1	1	0	0	0	0
2	495.01	-0.44237	-7.4319	-0.44237	-7.4319	0	1	105	-3.1058	4.2473	-1	-12.106	3.2474	0	-7.3438	3	-1	1	1	0	0	0
2	511.61	-0.48259	-7.3997	-0.48259	-7.3997	0	1	105	-3.1058	4.2473	-1	-12.106	3.2474	0	-7.3438	3	-1	1	1	0	0	0
2	528.2	-0.58313	-7.2067	-0.58313	-7.2067	0	1	105	-3.1058	4.2473	-1	-12.106	3.2474	0	-7.3438	3	-1	1	1	0	0	0
2	544.79	-0.74399	-6.9171	-0.74399	-6.9171	0	1	105	-3.1058	4.2473	-1	-12.106	3.2474	0	-7.3438	3	-1	1	1	0	0	0
2	561.37	-0.82442	-6.7562	-0.82442	-6.7562	0	1	105	-3.1058	4.2473	-1	-12.106	3.2474	0	-7.3438	3	-1	1	1	0	0	0
2	577.96	-0.96518	-6.4024	-0.96518	-6.4024	0	1	105	-3.1058	4.2473	-1	-12.106	3.2474	0	-7.3438	3	-1	1	1	0	0	0
2	594.57	-1.126	-5.9519	-1.126	-5.9519	0	1	105	-3.1058	4.2473	-1	-12.106	3.2474	0	-7.3438	3	-1	1	1	0	0	0
2	611.12	-1.2266	-5.7267	-1.2266	-5.7267	0	1	105	-3.1058	4.2473	-1	-12.106	3.2474	0	-7.3438	3	-1	1	1	0	0	0
2	627.68	-1.4076	-5.2763	-1.4076	-5.2763	0	2	105	-3.1058	4.2473	-1	-12.106	3.2474	0	-7.3438	3	-1	1	1	0	0	0
2	644.4	-1.6287	-4.7937	-1.6287	-4.7937	0	2	105	-3.1058	4.2473	-1	-12.106	3.2474	0	-7.3438	3	-1	1	1	0	0	0
2	660.92	-1.7293	-4.5685	-1.7293	-4.5685	0	2	105	-3.1058	4.2473	-1	-12.106	3.2474	0	-7.3438	3	-1	1	1	0	0	0
2	677.48	-1.9907	-4.1503	-1.9907	-4.1503	0	2	105	-3.1058	4.2473	-1	-12.106	3.2474	0	-7.3438	3	-1	1	1	0	0	0
2	694.11	-2.2521	-3.6999	-2.2521	-3.6999	0	2	105	-3.1058	4.2473	-1	-12.106	3.2474	0	-7.3438	3	-1	1	1	0	0	0
2	710.7	-2.3928	-3.5068	-2.3928	-3.5068	0	2	105	-3.1058	4.2473	-1	-12.106	3.2474	0	-7.3438	3	-1	1	1	0	0	0
2	727.28	-2.6945	-3.0564	-2.6945	-3.0564	0	2	105	-3.1058	4.2473	-1	-12.106	3.2474	0	-7.3438	3	-1	1	1	0	0	0
2	743.91	-2.9961	-2.606	-2.9961	-2.606	0	2	105	-3.1058	4.2473	-1	-12.106	3.2474	0	-7.3438	3	-1	1	1	0	0	0
2	760.54	-3.1368	-2.3808	-3.1368	-2.3808	0	2	105	-3.1058	4.2473	-1	-12.106	3.2474	0	-7.3438	3	-1	1	1	0	1	0
2	777.09	-3.4183	-1.9304	-3.4183	-1.9304	0	2	105	-3.1058	4.2473	-1	-12.106	3.2474	0	-7.3438	3	-1	1	1	0	0	0
2	793.68	-3.6797	-1.4478	-3.6797	-1.4478	0	2	105	-3.1058	4.2473	-1	-12.106	3.2474	0	-7.3438	3	-1	1	1	0	0	0
2	810.28	-3.8004	-1.1904	-3.8004	-1.1904	0	2	105	-3.1058	4.2473	-1	-12.106	3.2474	0	-7.3438	3	-1	1	1	0	0	0
2	826.9	-4.0417	-0.7078	-4.0417	-0.7078	0	2	105	-3.1058	4.2473	-1	-12.106	3.2474	0	-7.3438	3	-1	1	1	0	0	0
2	843.5	-4.2629	-0.25738	-4.2629	-0.25738	0	2	105	-3.1058	4.2473	-1	-12.106	3.2474	0	-7.3438	3	-1	1	1	0	0	0
2	860.1	-4.3634	-0.032173	-4.3634	-0.032173	0	2	105	-3.1058	4.2473	-1	-12.106	3.2474	0	-7.3438	3	-1	1	1	0	0	0
2	876.69	-4.5645	0.41824	-4.5645	0.41824	0	2	105	-3.1058	4.2473	-1	-12.106	3.2474	0	-7.3438	3	-1	1	1	0	0	0
2	893.3	-4.6449	0.61128	-4.6449	0.61128	0	2	105	-3.1058	4.2473	-1	-12.106	3.2474	0	-7.3438	3	-1	1	1	0	0	0
2	909.82	-4.8058	1.0295	-4.8058	1.0295	0	2	105	-3.1058	4.2473	-1	-12.106	3.2474	0	-7.3438	3	-1	1	1	0	0	0
2	926.36	-4.9063	1.4156	-4.9063	1.4156	0	2	105	-3.1058	4.2473	-1	-12.106	3.2474	0	-7.3438	3	-1	1	1	0	0	0
2	943.01	-4.9868	1.8017	-4.9868	1.8017	0	2	105	-3.1058	4.2473	-1	-12.106	3.2474	0	-7.3438	3	-1	1	1	0	0	0
2	959.65	-5.027	1.9625	-5.027	1.9625	0	2	105	-3.1058	4.2473	-1	-12.106	3.2474	0	-7.3438	3	-1	1	1	0	0	0
2	976.21	-5.0672	2.3164	-5.0672	2.3164	0	2	105	-3.1058	4.2473	-1	-12.106	3.2474	0	-7.3438	3	-1	1	1	0	0	0
2	992.81	-5.0873	2.4451	-5.0873	2.4451	0	2	105	-3.1058	4.2473	-1	-12.106	3.2474	0	-7.3438	3	-1	1	1	0	0	0
2	1009.4	-5.1074	2.7347	-5.1074	2.7347	0	2	105	-3.1058	4.2473	-1	-12.106	3.2474	0	-7.3438	3	-1	1	1	0	0	0
2	1026	-5.1275	2.9599	-5.1275	2.9599	0	2	105	-3.1058	4.2473	-1	-12.106	3.2474	0	-7.3438	3	-1	1	1	0	0	0
2	1042.5	-5.1476	3.1529	-5.1476	3.1529	0	2	105	-3.1058	4.2473	-1	-12.106	3.2474	0	-7.3438	3	-1	1	1	0	0	0
2	1059.2	-5.1476	3.2494	-5.1476	3.2494	0	2	105	-3.1058	4.2473	-1	-12.106	3.2474	0	-7.3438	3	-1	1	1	0	0	0
2	1075.8	-5.1275	3.3781	-5.1275	3.3781	0	2	105	-3.1058	4.2473	-1	-12.106	3.2474	0	-7.3438	3	-1	1	0	0	0	0
2	1092.5	-5.1275	3.4103	-5.1275	3.4103	0	2	105	-3.1058	4.2473	-1	-12.106	3.2474	0	-7.3438	3	-1	1	0	0	0	0
2	1109	-5.1275	3.4746	-5.1275	3.4746	0	2	105	-3.1058	4.2473	-1	-12.106	3.2474	0	-7.3438	3	-1	1	0	0	0	0
2	1125.5	-5.1275	3.5068	-5.1275	3.5068	0	2	105	-3.1058	4.2473	-1	-12.106	3.2474	0	-7.3438	3	-1	1	0	0	0	0
2	1142.2	-5.1275	3.5068	-5.1275	3.5068	0	2	105	-3.1058	4.2473	-1	-12.106	3.2474	0	-7.3438	3	-1	1	0	0	0	0
2	1158.9	-5.1275	3.4746	-5.1275	3.4746	0	3	105	-3.1058	4.2473	-1	-12.106	3.2474	0	-7.3438	3	-1	1	0	0	0	0
3	30.029	0.38205	-7.5284	0.38205	-7.5284	0	1	105	-3.1058	4.2473	-1	-12.106	3.2474	0	-7.3438	3	-1	1	0	0	0	0
3	46.635	0.38205	-7.5927	0.38205	-7.5927	0	1	105	-3.1058	4.2473	-1	-12.106	3.2474	0	-7.3438	3	-1	1	0	0	0	0
3	63.29	0.40216	-7.5927	0.40216	-7.5927	0	1	105	-3.1058	4.2473	-1	-12.106	3.2474	0	-7.3438	3	-1	1	0	0	0	0
3	79.829	0.40216	-7.5927	0.40216	-7.5927	0	1	105	-3.1058	4.2473	-1	-12.106	3.2474	0	-7.3438	3	-1	1	0	0	0	0
3	96.437	0.38205	-7.5927	0.38205	-7.5927	0	1	105	-3.1058	4.2473	-1	-12.106	3.2474	0	-7.3438	3	-1	1	0	0	0	0
3	113.04	0.38205	-7.5927	0.38205	-7.5927	0	1	105	-3.1058	4.2473	-1	-12.106	3.2474	0	-7.3438	3	-1	1	0	0	0	0
3	129.62	0.38205	-7.5927	0.38205	-7.5927	0	1	105	-3.1058	4.2473	-1	-12.106	3.2474	0	-7.3438	3	-1	1	0	0	0	0
3	146.31	0.38205	-7.5927	0.38205	-7.5927	0	1	105	-3.1058	4.2473	-1	-12.106	3.2474	0	-7.3438	3	-1	1	0	0	0	0
3	162.86	0.38205	-7.5606	0.38205	-7.5606	0	1	105	-3.1058	4.2473	-1	-12.106	3.2474	0	-7.3438	3	-1	1	0	0	0	0
3	179.44	0.38205	-7.5606	0.38205	-7.5606	0	1	105	-3.1058	4.2473	-1	-12.106	3.2474	0	-7.3438	3	-1	1	0	0	0	0
3	196.03	0.38205	-7.5606	0.38205	-7.5606	0	1	105	-3.1058	4.2473	-1	-12.106	3.2474	0	-7.3438	3	-1	1	0	0	0	0
3	212.57	0.38205	-7.5606	0.38205	-7.5606	0	1	105	-3.1058	4.2473	-1	-12.106	3.2474	0	-7.3438	3	-1	1	0	0	0	0
3	229.2	0.38205	-7.5606	0.38205	-7.5606	0	1	105	-3.1058	4.2473	-1	-12.106	3.2474	0	-7.3438	3	-1	1	0	0	0	0
3	245.78	0.38205	-7.5606	0.38205	-7.5606	0	1	105	-3.1058	4.2473	-1	-12.106	3.2474	0	-7.3438	3	-1	1	0	0	0	0
3	262.39	0.38205	-7.5606	0.38205	-7.5606	0	1	105	-3.1058	4.2473	-1	-12.106	3.2474	0	-7.3438	3	-1	1	0	0	0	0
3	278.96	0.38205	-7.5606	0.38205	-7.5606	0	1	105	-3.1058	4.2473	-1	-12.106	3.2474	0	-7.3438	3	-1	1	0	0	0	0
3	295.61	0.38205	-7.5606	0.38205	-7.5606	0	1	105	-3.1058	4.2473	-1	-12.106	3.2474	0	-7.3438	3	-1	1	0	0	0	0
3	312.18	0.38205	-7.5606	0.38205	-7.5606	0	1	105	-3.1058	4.2473	-1	-12.106	3.2474	0	-7.3438	3	-1	1	0	0	0	0
3	328.73	0.38205	-7.5606	0.38205	-7.5606	0	1	105	-3.1058	4.2473	-1	-12.106	3.2474	0	-7.3438	3	-1	1	0	0	0	0
3	345.35	0.38205	-7.5606	0.38205	-7.5606	0	1	105	-3.1058	4.2473	-1	-12.106	3.2474	0	-7.3438	3	-1	1	0	0	0	0
3	361.92	0.38205	-7.5606	0.38205	-7.5606	0	1	105	-3.1058	4.2473	-1	-12.106	3.2474	0	-7.3438	3	-1	1	0	0	0	0
3	378.56	0.38205	-7.5606	0.38205	-7.5606	0	1	105	-3.1058	4.2473	-1	-12.106	3.2474	0	-7.3438	3	-1	1	0	0	0	0
3	395.15	0.38205	-7.5606	0.38205	-7.5606	0	1	105	-3.1058	4.2473	-1	-12.106	3.2474	0	-7.3438	3	-1	1	0	0	0	0
3	411.75	0.38205	-7.5606	0.38205	-7.5606	0	1	105	-3.1058	4.2473	-1	-12.106	3.2474	0	-7.3438	3	-1	1	0	0	0	0
3	428.33	0.38205	-7.5606	0.38205	-7.5606	0	1	105	-3.1058	4.2473	-1	-12.106	3.2474	0	-7.3438	3	-1	1	0	0	0	0
3	444.88	0.38205	-7.5606	0.38205	-7.5606	0	1	105	-3.1058	4.2473	-1	-12.106	3.2474	0	-7.3438	3	-1	1	0	0	0	0
3	461.49	0.36194	-7.5284	0.36194	-7.5284	0	1	105	-3.1058	4.2473	-1	-12.106	3.2474	0	-7.3438	3	-1	1	1	0	0	0
3	478.1	0.32173	-7.4962	0.32173	-7.4962	0	1	105	-3.1058	4.2473	-1	-12.106	3.2474	0	-7.3438	3	-1	1	1	0	0	0
3	494.71	0.22119	-7.3997	0.22119	-7.3997	0	1	105	-3.1058	4.2473	-1	-12.106	3.2474	0	-7.3438	3	-1	1	1	0	0	0
3	511.3	0.14076	-7.3354	0.14076	-7.3354	0	1	105	-3.1058	4.2473	-1	-12.106	3.2474	0	-7.3438	3	-1	1	1	0	0	0
3	527.91	-0.020108	-7.1101	-0.020108	-7.1101	0	1	105	-3.1058	4.2473	-1	-12.106	3.2474	0	-7.3438	3	-1	1	1	0	0	0
3	544.48	-0.12065	-6.9815	-0.12065	-6.9815	0	1	105	-3.1058	4.2473	-1	-12.106	3.2474	0	-7.3438	3	-1	1	1	0	0	0
3	561.04	-0.32173	-6.6597	-0.32173	-6.6597	0	1	105	-3.1058	4.2473	-1	-12.106	3.2474	0	-7.3438	3	-1	1	1	0	0	0
3	577.64	-0.56302	-6.2737	-0.56302	-6.2737	0	1	105	-3.1058	4.2473	-1	-12.106	3.2474	0	-7.3438	3	-1	1	1	0	0	0
3	594.24	-0.82442	-5.8554	-0.82442	-5.8554	0	1	105	-3.1058	4.2473	-1	-12.106	3.2474	0	-7.3438	3	-1	1	1	0	0	0
3	610.88	-0.96518	-5.6302	-0.96518	-5.6302	0	1	105	-3.1058	4.2473	-1	-12.106	3.2474	0	-7.3438	3	-1	1	1	0	0	0
3	627.46	-1.2869	-5.1476	-1.2869	-5.1476	0	1	105	-3.1058	4.2473	-1	-12.106	3.2474	0	-7.3438	3	-1	1	1	0	0	0
3	644.07	-1.4478	-4.8902	-1.4478	-4.8902	0	2	105	-3.1058	4.2473	-1	-12.106	3.2474	0	-7.3438	3	-1	1	1	0	0	0
3	660.63	-1.8097	-4.3433	-1.8097	-4.3433	0	2	105	-3.1058	4.2473	-1	-12.106	3.2474	0	-7.3438	3	-1	1	1	0	0	0
3	677.28	-2.2119	-3.7964	-2.2119	-3.7964	0	2	105	-3.1058	4.2473	-1	-12.106	3.2474	0	-7.3438	3	-1	1	1	0	1	0
3	693.86	-2.614	-3.2494	-2.614	-3.2494	0	2	105	-3.1058	4.2473	-1	-12.106	3.2474	0	-7.3438	3	-1	1	1	0	0	0
3	710.42	-2.8151	-2.9599	-2.8151	-2.9599	0	2	105	-3.1058	4.2473	-1	-12.106	3.2474	0	-7.3438	3	-1	1	1	0	0	0
3	727.04	-3.1972	-2.3808	-3.1972	-2.3808	0	2	105	-3.1058	4.2473	-1	-12.106	3.2474	0	-7.3438	3	-1	1	1	0	0	0
3	743.64	-3.3982	-2.0912	-3.3982	-2.0912	0	2	105	-3.1058	4.2473	-1	-12.106	3.2474	0	-7.3438	3	-1	1	1	0	0	0
3	760.22	-3.7401	-1.4799	-3.7401	-1.4799	0	2	105	-3.1058	4.2473	-1	-12.106	3.2474	0	-7.3438	3	-1	1	1	0	0	0
3	776.77	-4.0819	-0.90083	-4.0819	-0.90083	0	2	105	-3.1058	4.2473	-1	-12.106	3.2474	0	-7.3438	3	-1	1	1	0	0	0
3	793.57	-4.4036	-0.3539	-4.4036	-0.3539	0	2	105	-3.1058	4.2473	-1	-12.106	3.2474	0	-7.3438	3	-1	1	1	0	0	0
3	809.94	-4.5444	-0.096518	-4.5444	-0.096518	0	2	105	-3.1058	4.2473	-1	-12.106	3.2474	0	-7.3438	3	-1	1	1	0	0	0
3	826.6	-4.8058	0.41824	-4.8058	0.41824	0	2	105	-3.1058	4.2473	-1	-12.106	3.2474	0	-7.3438	3	-1	1	1	0	0	0
3	843.18	-4.9063	0.67563	-4.9063	0.67562	0	2	105	-3.1058	4.2473	-1	-12.106	3.2474	0	-7.3438	3	-1	1	1	0	0	0
3	859.79	-5.0471	1.1582	-5.0471	1.1582	0	2	105	-3.1058	4.2473	-1	-12.106	3.2474	0	-7.3438	3	-1	1	1	0	0	0
3	876.29	-5.1677	1.6086	-5.1677	1.6086	0	2	105	-3.1058	4.2473	-1	-12.106	3.2474	0	-7.3438	3	-1	1	1	0	0	0
3	892.92	-5.2281	1.9625	-5.2281	1.9625	0	2	105	-3.1058	4.2473	-1	-12.106	3.2474	0	-7.3438	3	-1	1	1	0	0	0
3	909.51	-5.2683	2.1556	-5.2683	2.1556	0	2	105	-3.1058	4.2473	-1	-12.106	3.2474	0	-7.3438	3	-1	1	1	0	0	0
3	926.09	-5.2884	2.4451	-5.2884	2.4451	0	2	105	-3.1058	4.2473	-1	-12.106	3.2474	0	-7.3438	3	-1	1	1	0	0	0
3	942.77	-5.3085	2.5738	-5.3085	2.5738	0	2	105	-3.1058	4.2473	-1	-12.106	3.2474	0	-7.3438	3	-1	1	1	0	0	0
3	959.36	-5.2884	2.8312	-5.2884	2.8312	0	2	105	-3.1058	4.2473	-1	-12.106	3.2474	0	-7.3438	3	-1	1	1	0	0	0
3	975.94	-5.2683	3.0242	-5.2683	3.0242	0	2	105	-3.1058	4.2473	-1	-12.106	3.2474	0	-7.3438	3	-1	1	1	0	0	0
3	992.52	-5.2482	3.2173	-5.2482	3.2173	0	2	105	-3.1058	4.2473	-1	-12.106	3.2474	0	-7.3438	3	-1	1	0	0	0	0
3	1009.1	-5.2281	3.2816	-5.2281	3.2816	0	2	105	-3.1058	4.2473	-1	-12.106	3.2474	0	-7.3438	3	-1	1	0	0	0	0
3	1025.7	-5.2079	3.3781	-5.2079	3.3781	0	2	105	-3.1058	4.2473	-1	-12.106	3.2474	0	-7.3438	3	-1	1	0	0	0	0
3	1042.3	-5.2079	3.4103	-5.2079	3.4103	0	2	105	-3.1058	4.2473	-1	-12.106	3.2474	0	-7.3438	3	-1	1	0	0	0	0
3	1058.9	-5.1878	3.4746	-5.1878	3.4746	0	2	105	-3.1058	4.2473	-1	-12.106	3.2474	0	-7.3438	3	-1	1	0	0	0	0
3	1075.5	-5.1878	3.4746	-5.1878	3.4746	0	2	105	-3.1058	4.2473	-1	-12.106	3.2474	0	-7.3438	3	-1	1	0	0	0	0
3	1092.1	-5.1878	3.4746	-5.1878	3.4746	0	3	105	-3.1058	4.2473	-1	-12.106	3.2474	0	-7.3438	3	-1	1	0	0	0	0
4	30.086	-0.32173	-7.4962	-0.32173	-7.4962	0	1	75	3.1058	4.2473	-1	-5.8942	3.2474	0	-7.3438	3	-1	1	0	0	0	0
4	46.724	-0.18097	-7.5927	-0.18097	-7.5927	0	1	75	3.1058	4.2473	-1	-5.8942	3.2474	0	-7.3438	3	-1	1	0	0	0	0
4	63.338	-0.12065	-7.6249	-0.12065	-7.6249	0	1	75	3.1058	4.2473	-1	-5.8942	3.2474	0	-7.3438	3	-1	1	0	0	0	0
4	79.971	-0.080432	-7.6249	-0.080432	-7.6249	0	1	75	3.1058	4.2473	-1	-5.8942	3.2474	0	-7.3438	3	-1	1	0	0	0	0
4	96.553	-0.080432	-7.6249	-0.080432	-7.6249	0	1	75	3.1058	4.2473	-1	-5.8942	3.2474	0	-7.3438	3	-1	1	0	0	0	0
4	113.14	-0.080432	-7.6249	-0.080432	-7.6249	0	1	75	3.1058	4.2473	-1	-5.8942	3.2474	0	-7.3438	3	-1	1	0	0	0	0
4	129.68	-0.080432	-7.6249	-0.080432	-7.6249	0	1	75	3.1058	4.2473	-1	-5.8942	3.2474	0	-7.3438	3	-1	1	0	0	0	0
4	146.31	-0.060324	-7.6249	-0.060324	-7.6249	0	1	75	3.1058	4.2473	-1	-5.8942	3.2474	0	-7.3438	3	-1	1	0	0	0	0
4	162.88	-0.060324	-7.6249	-0.060324	-7.6249	0	1	75	3.1058	4.2473	-1	-5.8942	3.2474	0	-7.3438	3	-1	1	0	0	0	0
4	179.48	-0.060324	-7.6249	-0.060324	-7.6249	0	1	75	3.1058	4.2473	-1	-5.8942	3.2474	0	-7.3438	3	-1	1	0	0	0	0
4	196.13	-0.060324	-7.6249	-0.060324	-7.6249	0	1	75	3.1058	4.2473	-1	-5.8942	3.2474	0	-7.3438	3	-1	1	0	0	0	0
4	212.72	-0.060324	-7.6249	-0.060324	-7.6249	0	1	75	3.1058	4.2473	-1	-5.8942	3.2474	0	-7.3438	3	-1	1	0	0	0	0
4	229.24	-0.060324	-7.6249	-0.060324	-7.6249	0	1	75	3.1058	4.2473	-1	-5.8942	3.2474	0	-7.3438	3	-1	1	0	0	0	0
4	245.85	-0.060324	-7.6249	-0.060324	-7.6249	0	1	75	3.1058	4.2473	-1	-5.8942	3.2474	0	-7.3438	3	-1	1	0	0	0	0
4	262.47	-0.080432	-7.6249	-0.080432	-7.6249	0	1	75	3.1058	4.2473	-1	-5.8942	3.2474	0	-7.3438	3	-1	1	0	0	0	0
4	279.06	-0.080432	-7.6249	-0.080432	-7.6249	0	1	75	3.1058	4.2473	-1	-5.8942	3.2474	0	-7.3438	3	-1	1	0	0	0	0
4	295.61	-0.080432	-7.6249	-0.080432	-7.6249	0	1	75	3.1058	4.2473	-1	-5.8942	3.2474	0	-7.3438	3	-1	1	0	0	0	0
4	312.26	-0.080432	-7.6249	-0.080432	-7.6249	0	1	75	3.1058	4.2473	-1	-5.8942	3.2474	0	-7.3438	3	-1	1	0	0	0	0
4	328.84	-0.080432	-7.6249	-0.080432	-7.6249	0	1	75	3.1058	4.2473	-1	-5.8942	3.2474	0	-7.3438	3	-1	1	0	0	0	0
4	345.43	-0.080432	-7.6249	-0.080432	-7.6249	0	1	75	3.1058	4.2473	-1	-5.8942	3.2474	0	-7.3438	3	-1	1	0	0	0	0
4	361.99	-0.080432	-7.6249	-0.080432	-7.6249	0	1	75	3.1058	4.2473	-1	-5.8942	3.2474	0	-7.3438	3	-1	1	0	0	0	0
4	378.59	-0.080432	-7.6249	-0.080432	-7.6249	0	1	75	3.1058	4.2473	-1	-5.8942	3.2474	0	-7.3438	3	-1	1	0	0	0	0
4	395.18	-0.080432	-7.6249	-0.080432	-7.6249	0	1	75	3.1058	4.2473	-1	-5.8942	3.2474	0	-7.3438	3	-1	1	0	0	0	0
4	411.81	-0.080432	-7.6249	-0.080432	-7.6249	0	1	75	3.1058	4.2473	-1	-5.8942	3.2474	0	-7.3438	3	-1	1	0	0	0	0
4	428.43	-0.060324	-7.5927	-0.060324	-7.5927	0	1	75	3.1058	4.2473	-1	-5.8942	3.2474	0	-7.3438	3	-1	1	0	0	0	0
4	445.01	-0.060324	-7.5927	-0.060324	-7.5927	0	1	75	3.1058	4.2473	-1	-5.8942	3.2474	0	-7.3438	3	-1	1	0	0	0	0
4	461.59	-0.060324	-7.5606	-0.060324	-7.5606	0	1	75	3.1058	4.2473	-1	-5.8942	3.2474	0	-7.3438	3	-1	1	1	0	0	0
4	478.33	-0.040216	-7.5284	-0.040216	-7.5284	0	1	75	3.1058	4.2473	-1	-5.8942	3.2474	0	-7.3438	3	-1	1	1	0	0	0
4	494.74	-0.020108	-7.4319	-0.020108	-7.4319	0	1	75	3.1058	4.2473	-1	-5.8942	3.2474	0	-7.3438	3	-1	1	1	0	0	0
4	511.34	0.040216	-7.2388	0.040216	-7.2388	0	1	75	3.1058	4.2473	-1	-5.8942	3.2474	0	-7.3438	3	-1	1	1	0	0	0
4	527.89	0.080432	-7.078	0.080432	-7.078	0	1	75	3.1058	4.2473	-1	-5.8942	3.2474	0	-7.3438	3	-1	1	1	0	0	0
4	544.6	0.20108	-6.7241	0.20108	-6.7241	0	1	75	3.1058	4.2473	-1	-5.8942	3.2474	0	-7.3438	3	-1	1	1	0	0	0
4	561.17	0.28151	-6.4989	0.28151	-6.4989	0	1	75	3.1058	4.2473	-1	-5.8942	3.2474	0	-7.3438	3	-1	1	1	0	0	0
4	577.77	0.44237	-6.0163	0.44237	-6.0163	0	1	75	3.1058	4.2473	-1	-5.8942	3.2474	0	-7.3438	3	-1	1	1	0	0	0
4	594.34	0.60324	-5.5337	0.60324	-5.5337	0	1	75	3.1058	4.2473	-1	-5.8942	3.2474	0	-7.3438	3	-1	1	1	0	0	0
4	610.89	0.78421	-4.9868	0.78421	-4.9868	0	1	75	3.1058	4.2473	-1	-5.8942	3.2474	0	-7.3438	3	-1	1	1	0	0	0
4	627.57	0.86464	-4.7294	0.86464	-4.7294	0	2	75	3.1058	4.2473	-1	-5.8942	3.2474	0	-7.3438	3	-1	1	1	0	0	0
4	644.15	1.0657	-4.1181	1.0657	-4.1181	0	2	75	3.1058	4.2473	-1	-5.8942	3.2474	0	-7.3438	3	-1	1	1	0	0	0
4	660.76	1.1663	-3.8285	1.1663	-3.8285	0	2	75	3.1058	4.2473	-1	-5.8942	3.2474	0	-7.3438	3	-1	1	1	0	0	0
4	677.32	1.3874	-3.2173	1.3874	-3.2173	0	2	75	3.1058	4.2473	-1	-5.8942	3.2474	0	-7.3438	3	-1	1	1	0	1	0
4	693.86	1.6287	-2.5738	1.6287	-2.5738	0	2	75	3.1058	4.2473	-1	-5.8942	3.2474	0	-7.3438	3	-1	1	1	0	0	0
4	710.48	1.8901	-1.9304	1.8901	-1.9304	0	2	75	3.1058	4.2473	-1	-5.8942	3.2474	0	-7.3438	3	-1	1	1	0	0	0
4	727.09	2.0309	-1.6408	2.0309	-1.6408	0	2	75	3.1058	4.2473	-1	-5.8942	3.2474	0	-7.3438	3	-1	1	1	0	0	0
4	743.69	2.3325	-0.99735	2.3325	-0.99735	0	2	75	3.1058	4.2473	-1	-5.8942	3.2474	0	-7.3438	3	-1	1	1	0	0	0
4	760.28	2.4733	-0.67563	2.4733	-0.67562	0	2	75	3.1058	4.2473	-1	-5.8942	3.2474	0	-7.3438	3	-1	1	1	0	0	0
4	776.89	2.795	-0.064345	2.795	-0.064345	0	2	75	3.1058	4.2473	-1	-5.8942	3.2474	0	-7.3438	3	-1	1	1	0	0	0
4	793.49	3.0966	0.51476	3.0966	0.51476	0	2	75	3.1058	4.2473	-1	-5.8942	3.2474	0	-7.3438	3	-1	1	1	0	0	0
4	810.07	3.3781	1.0617	3.3781	1.0617	0	2	75	3.1058	4.2473	-1	-5.8942	3.2474	0	-7.3438	3	-1	1	1	0	0	0
4	826.69	3.4988	1.2869	3.4988	1.2869	0	2	75	3.1058	4.2473	-1	-5.8942	3.2474	0	-7.3438	3	-1	1	1	0	0	0
4	843.29	3.7401	1.7373	3.7401	1.7373	0	2	75	3.1058	4.2473	-1	-5.8942	3.2474	0	-7.3438	3	-1	1	1	0	0	0
4	859.88	3.8607	1.9304	3.8607	1.9304	0	2	75	3.1058	4.2473	-1	-5.8942	3.2474	0	-7.3438	3	-1	1	1	0	0	0
4	876.47	4.0618	2.3164	4.0618	2.3164	0	2	75	3.1058	4.2473	-1	-5.8942	3.2474	0	-7.3438	3	-1	1	1	0	0	0
4	893.08	4.2428	2.6382	4.2428	2.6382	0	2	75	3.1058	4.2473	-1	-5.8942	3.2474	0	-7.3438	3	-1	1	1	0	0	0
4	909.63	4.3835	2.8634	4.3835	2.8634	0	2	75	3.1058	4.2473	-1	-5.8942	3.2474	0	-7.3438	3	-1	1	1	0	0	0
4	926.21	4.4237	2.9599	4.4237	2.9599	0	2	75	3.1058	4.2473	-1	-5.8942	3.2474	0	-7.3438	3	-1	1	1	0	0	0
4	942.85	4.464	3.0886	4.464	3.0886	0	2	75	3.1058	4.2473	-1	-5.8942	3.2474	0	-7.3438	3	-1	1	0	0	0	0
4	959.42	4.4841	3.1207	4.4841	3.1207	0	2	75	3.1058	4.2473	-1	-5.8942	3.2474	0	-7.3438	3	-1	1	0	0	0	0
4	975.98	4.5042	3.1529	4.5042	3.1529	0	2	75	3.1058	4.2473	-1	-5.8942	3.2474	0	-7.3438	3	-1	1	0	0	0	0
4	992.64	4.5042	3.1851	4.5042	3.1851	0	2	75	3.1058	4.2473	-1	-5.8942	3.2474	0	-7.3438	3	-1	1	0	0	0	0
4	1009.2	4.5042	3.1851	4.5042	3.1851	0	2	75	3.1058	4.2473	-1	-5.8942	3.2474	0	-7.3438	3	-1	1	0	0	0	0
4	1025.8	4.5042	3.1851	4.5042	3.1851	0	2	75	3.1058	4.2473	-1	-5.8942	3.2474	0	-7.3438	3	-1	1	0	0	0	0
4	1042.4	4.5042	3.1851	4.5042	3.1851	0	2	75	3.1058	4.2473	-1	-5.8942	3.2474	0	-7.3438	3	-1	1	0	0	0	0
4	1058.9	4.5042	3.1851	4.5042	3.1851	0	3	75	3.1058	4.2473	-1	-5.8942	3.2474	0	-7.3438	3	-1	1	0	0	0	0
5	30.778	-0.16086	-7.6571	-0.16086	-7.6571	0	1	90	0	4.6562	-1	-9	3.6562	0	-7.3438	3	-1	1	0	0	0	0
5	47.394	-0.16086	-7.6571	-0.16086	-7.6571	0	1	90	0	4.6562	-1	-9	3.6562	0	-7.3438	3	-1	1	0	0	0	0
5	64.011	-0.14076	-7.6249	-0.14076	-7.6249	0	1	90	0	4.6562	-1	-9	3.6562	0	-7.3438	3	-1	1	0	0	0	0
5	80.638	-0.14076	-7.6249	-0.14076	-7.6249	0	1	90	0	4.6562	-1	-9	3.6562	0	-7.3438	3	-1	1	0	0	0	0
5	97.204	-0.14076	-7.6249	-0.14076	-7.6249	0	1	90	0	4.6562	-1	-9	3.6562	0	-7.3438	3	-1	1	0	0	0	0
5	113.76	-0.14076	-7.6249	-0.14076	-7.6249	0	1	90	0	4.6562	-1	-9	3.6562	0	-7.3438	3	-1	1	0	0	0	0
5	130.39	-0.14076	-7.6249	-0.14076	-7.6249	0	1	90	0	4.6562	-1	-9	3.6562	0	-7.3438	3	-1	1	0	0	0	0
5	146.99	-0.14076	-7.5927	-0.14076	-7.5927	0	1	90	0	4.6562	-1	-9	3.6562	0	-7.3438	3	-1	1	0	0	0	0
5	163.58	-0.14076	-7.5927	-0.14076	-7.5927	0	1	90	0	4.6562	-1	-9	3.6562	0	-7.3438	3	-1	1	0	0	0	0
5	180.17	-0.14076	-7.5927	-0.14076	-7.5927	0	1	90	0	4.6562	-1	-9	3.6562	0	-7.3438	3	-1	1	0	0	0	0
5	196.79	-0.14076	-7.5927	-0.14076	-7.5927	0	1	90	0	4.6562	-1	-9	3.6562	0	-7.3438	3	-1	1	0	0	0	0
5	213.38	-0.14076	-7.5927	-0.14076	-7.5927	0	1	90	0	4.6562	-1	-9	3.6562	0	-7.3438	3	-1	1	0	0	0	0
5	229.94	-0.14076	-7.5927	-0.14076	-7.5927	0	1	90	0	4.6562	-1	-9	3.6562	0	-7.3438	3	-1	1	0	0	0	0
5	246.49	-0.14076	-7.5927	-0.14076	-7.5927	0	1	90	0	4.6562	-1	-9	3.6562	0	-7.3438	3	-1	1	0	0	0	0
5	263.15	-0.14076	-7.5927	-0.14076	-7.5927	0	1	90	0	4.6562	-1	-9	3.6562	0	-7.3438	3	-1	1	0	0	0	0
5	279.78	-0.14076	-7.5927	-0.14076	-7.5927	0	1	90	0	4.6562	-1	-9	3.6562	0	-7.3438	3	-1	1	0	0	0	0
5	296.36	-0.14076	-7.5927	-0.14076	-7.5927	0	1	90	0	4.6562	-1	-9	3.6562	0	-7.3438	3	-1	1	0	0	0	0
5	312.88	-0.14076	-7.5927	-0.14076	-7.5927	0	1	90	0	4.6562	-1	-9	3.6562	0	-7.3438	3	-1	1	0	0	0	0
5	329.52	-0.14076	-7.5927	-0.14076	-7.5927	0	1	90	0	4.6562	-1	-9	3.6562	0	-7.3438	3	-1	1	0	0	0	0
5	346.18	-0.14076	-7.5927	-0.14076	-7.5927	0	1	90	0	4.6562	-1	-9	3.6562	0	-7.3438	3	-1	1	0	0	0	0
5	362.7	-0.14076	-7.5927	-0.14076	-7.5927	0	1	90	0	4.6562	-1	-9	3.6562	0	-7.3438	3	-1	1	0	0	0	0
5	379.27	-0.14076	-7.5927	-0.14076	-7.5927	0	1	90	0	4.6562	-1	-9	3.6562	0	-7.3438	3	-1	1	0	0	0	0
5	395.88	-0.14076	-7.5927	-0.14076	-7.5927	0	1	90	0	4.6562	-1	-9	3.6562	0	-7.3438	3	-1	1	0	0	0	0
5	412.52	-0.14076	-7.5927	-0.14076	-7.5927	0	1	90	0	4.6562	-1	-9	3.6562	0	-7.3438	3	-1	1	1	0	0	0
5	429.11	-0.14076	-7.5606	-0.14076	-7.5606	0	1	90	0	4.6562	-1	-9	3.6562	0	-7.3438	3	-1	1	1	0	0	0
5	445.7	-0.18097	-7.464	-0.18097	-7.464	0	1	90	0	4.6562	-1	-9	3.6562	0	-7.3438	3	-1	1	1	0	0	0
5	462.22	-0.20108	-7.3675	-0.20108	-7.3675	0	1	90	0	4.6562	-1	-9	3.6562	0	-7.3438	3	-1	1	1	0	0	0
5	478.86	-0.28151	-7.078	-0.28151	-7.078	0	1	90	0	4.6562	-1	-9	3.6562	0	-7.3438	3	-1	1	1	0	0	0
5	495.46	-0.34183	-6.7241	-0.34183	-6.7241	0	1	90	0	4.6562	-1	-9	3.6562	0	-7.3438	3	-1	1	1	0	0	0
5	512	-0.38205	-6.4989	-0.38205	-6.4989	0	1	90	0	4.6562	-1	-9	3.6562	0	-7.3438	3	-1	1	1	0	0	0
5	528.63	-0.46248	-5.9841	-0.46248	-5.9841	0	1	90	0	4.6562	-1	-9	3.6562	0	-7.3438	3	-1	1	1	0	0	0
5	545.23	-0.48259	-5.7267	-0.48259	-5.7267	0	1	90	0	4.6562	-1	-9	3.6562	0	-7.3438	3	-1	1	1	0	0	0
5	561.83	-0.52281	-5.1154	-0.52281	-5.1154	0	1	90	0	4.6562	-1	-9	3.6562	0	-7.3438	3	-1	1	1	0	0	0
5	578.43	-0.56302	-4.5042	-0.56302	-4.5042	0	2	90	0	4.6562	-1	-9	3.6562	0	-7.3438	3	-1	1	1	0	0	0
5	595.05	-0.60324	-3.8285	-0.60324	-3.8285	0	2	90	0	4.6562	-1	-9	3.6562	0	-7.3438	3	-1	1	1	0	0	0
5	611.62	-0.64345	-3.5068	-0.64345	-3.5068	0	2	90	0	4.6562	-1	-9	3.6562	0	-7.3438	3	-1	1	1	0	0	0
5	628.25	-0.68367	-2.8312	-0.68367	-2.8312	0	2	90	0	4.6562	-1	-9	3.6562	0	-7.3438	3	-1	1	1	0	0	0
5	644.83	-0.68367	-2.5095	-0.68367	-2.5095	0	2	90	0	4.6562	-1	-9	3.6562	0	-7.3438	3	-1	1	1	0	0	0
5	661.4	-0.70378	-1.7695	-0.70378	-1.7695	0	2	90	0	4.6562	-1	-9	3.6562	0	-7.3438	3	-1	1	1	0	1	0
5	677.98	-0.68367	-1.0617	-0.68367	-1.0617	0	2	90	0	4.6562	-1	-9	3.6562	0	-7.3438	3	-1	1	1	0	0	0
5	694.58	-0.66356	-0.38607	-0.66356	-0.38607	0	2	90	0	4.6562	-1	-9	3.6562	0	-7.3438	3	-1	1	1	0	0	0
5	711.21	-0.64345	-0.032173	-0.64345	-0.032173	0	2	90	0	4.6562	-1	-9	3.6562	0	-7.3438	3	-1	1	1	0	0	0
5	727.85	-0.60324	0.64345	-0.60324	0.64345	0	2	90	0	4.6562	-1	-9	3.6562	0	-7.3438	3	-1	1	1	0	0	0
5	744.4	-0.56302	0.96518	-0.56302	0.96518	0	2	90	0	4.6562	-1	-9	3.6562	0	-7.3438	3	-1	1	1	0	0	0
5	760.98	-0.46248	1.6086	-0.46248	1.6086	0	2	90	0	4.6562	-1	-9	3.6562	0	-7.3438	3	-1	1	1	0	0	0
5	777.58	-0.36194	2.1877	-0.36194	2.1877	0	2	90	0	4.6562	-1	-9	3.6562	0	-7.3438	3	-1	1	1	0	0	0
5	794.12	-0.2614	2.7025	-0.2614	2.7025	0	2	90	0	4.6562	-1	-9	3.6562	0	-7.3438	3	-1	1	1	0	0	0
5	810.72	-0.22119	2.9277	-0.22119	2.9277	0	2	90	0	4.6562	-1	-9	3.6562	0	-7.3438	3	-1	1	1	0	0	0
5	827.36	-0.12065	3.346	-0.12065	3.346	0	2	90	0	4.6562	-1	-9	3.6562	0	-7.3438	3	-1	1	1	0	0	0
5	843.93	-0.060324	3.539	-0.060324	3.539	0	2	90	0	4.6562	-1	-9	3.6562	0	-7.3438	3	-1	1	1	0	0	0
5	860.57	0.060324	3.8607	0.060324	3.8607	0	2	90	0	4.6562	-1	-9	3.6562	0	-7.3438	3	-1	1	1	0	0	0
5	877.14	0.16086	4.1181	0.16086	4.1181	0	2	90	0	4.6562	-1	-9	3.6562	0	-7.3438	3	-1	1	1	0	0	0
5	893.73	0.22119	4.279	0.22119	4.279	0	2	90	0	4.6562	-1	-9	3.6562	0	-7.3438	3	-1	1	0	0	0	0
5	910.32	0.24129	4.3111	0.24129	4.3111	0	2	90	0	4.6562	-1	-9	3.6562	0	-7.3438	3	-1	1	0	0	0	0
5	926.88	0.2614	4.3433	0.2614	4.3433	0	2	90	0	4.6562	-1	-9	3.6562	0	-7.3438	3	-1	1	0	0	0	0
5	943.46	0.2614	4.3433	0.2614	4.3433	0	2	90	0	4.6562	-1	-9	3.6562	0	-7.3438	3	-1	1	0	0	0	0
5	960.1	0.2614	4.3433	0.2614	4.3433	0	2	90	0	4.6562	-1	-9	3.6562	0	-7.3438	3	-1	1	0	0	0	0
5	976.71	0.2614	4.3433	0.2614	4.3433	0	2	90	0	4.6562	-1	-9	3.6562	0	-7.3438	3	-1	1	0	0	0	0
5	993.26	0.2614	4.3433	0.2614	4.3433	0	2	90	0	4.6562	-1	-9	3.6562	0	-7.3438	3	-1	1	0	0	0	0
5	1009.9	0.2614	4.3433	0.2614	4.3433	0	3	90	0	4.6562	-1	-9	3.6562	0	-7.3438	3	-1	1	0	0	0	0
6	30.62	-0.36194	-7.5927	-0.36194	-7.5927	0	1	75	3.1058	4.2473	-1	-5.8942	3.2474	0	-7.3438	3	-1	1	0	0	0	0
6	47.242	-0.34183	-7.5927	-0.34183	-7.5927	0	1	75	3.1058	4.2473	-1	-5.8942	3.2474	0	-7.3438	3	-1	1	0	0	0	0
6	63.801	-0.34183	-7.5927	-0.34183	-7.5927	0	1	75	3.1058	4.2473	-1	-5.8942	3.2474	0	-7.3438	3	-1	1	0	0	0	0
6	80.386	-0.32173	-7.5927	-0.32173	-7.5927	0	1	75	3.1058	4.2473	-1	-5.8942	3.2474	0	-7.3438	3	-1	1	0	0	0	0
6	96.912	-0.32173	-7.5927	-0.32173	-7.5927	0	1	75	3.1058	4.2473	-1	-5.8942	3.2474	0	-7.3438	3	-1	1	0	0	0	0
6	113.54	-0.32173	-7.5927	-0.32173	-7.5927	0	1	75	3.1058	4.2473	-1	-5.8942	3.2474	0	-7.3438	3	-1	1	0	0	0	0
6	130.12	-0.32173	-7.5927	-0.32173	-7.5927	0	1	75	3.1058	4.2473	-1	-5.8942	3.2474	0	-7.3438	3	-1	1	0	0	0	0
6	146.74	-0.32173	-7.5927	-0.32173	-7.5927	0	1	75	3.1058	4.2473	-1	-5.8942	3.2474	0	-7.3438	3	-1	1	0	0	0	0
6	163.4	-0.32173	-7.5927	-0.32173	-7.5927	0	1	75	3.1058	4.2473	-1	-5.8942	3.2474	0	-7.3438	3	-1	1	0	0	0	0
6	179.99	-0.32173	-7.5927	-0.32173	-7.5927	0	1	75	3.1058	4.2473	-1	-5.8942	3.2474	0	-7.3438	3	-1	1	0	0	0	0
6	196.73	-0.32173	-7.5927	-0.32173	-7.5927	0	1	75	3.1058	4.2473	-1	-5.8942	3.2474	0	-7.3438	3	-1	1	0	0	0	0
6	213.11	-0.32173	-7.6249	-0.32173	-7.6249	0	1	75	3.1058	4.2473	-1	-5.8942	3.2474	0	-7.3438	3	-1	1	0	0	0	0
6	229.73	-0.32173	-7.6249	-0.32173	-7.6249	0	1	75	3.1058	4.2473	-1	-5.8942	3.2474	0	-7.3438	3	-1	1	0	0	0	0
6	246.3	-0.32173	-7.6249	-0.32173	-7.6249	0	1	75	3.1058	4.2473	-1	-5.8942	3.2474	0	-7.3438	3	-1	1	0	0	0	0
6	262.93	-0.32173	-7.6249	-0.32173	-7.6249	0	1	75	3.1058	4.2473	-1	-5.8942	3.2474	0	-7.3438	3	-1	1	0	0	0	0
6	279.5	-0.32173	-7.6249	-0.32173	-7.6249	0	1	75	3.1058	4.2473	-1	-5.8942	3.2474	0	-7.3438	3	-1	1	0	0	0	0
6	296.14	-0.32173	-7.6249	-0.32173	-7.6249	0	1	75	3.1058	4.2473	-1	-5.8942	3.2474	0	-7.3438	3	-1	1	0	0	0	0
6	312.73	-0.32173	-7.6249	-0.32173	-7.6249	0	1	75	3.1058	4.2473	-1	-5.8942	3.2474	0	-7.3438	3	-1	1	0	0	0	0
6	329.28	-0.32173	-7.6249	-0.32173	-7.6249	0	1	75	3.1058	4.2473	-1	-5.8942	3.2474	0	-7.3438	3	-1	1	0	0	0	0
6	345.89	-0.32173	-7.6249	-0.32173	-7.6249	0	1	75	3.1058	4.2473	-1	-5.8942	3.2474	0	-7.3438	3	-1	1	0	0	0	0
6	362.46	-0.32173	-7.5927	-0.32173	-7.5927	0	1	75	3.1058	4.2473	-1	-5.8942	3.2474	0	-7.3438	3	-1	1	0	0	0	0
6	379.12	-0.32173	-7.5927	-0.32173	-7.5927	0	1	75	3.1058	4.2473	-1	-5.8942	3.2474	0	-7.3438	3	-1	1	0	0	0	0
6	395.7	-0.32173	-7.5927	-0.32173	-7.5927	0	1	75	3.1058	4.2473	-1	-5.8942	3.2474	0	-7.3438	3	-1	1	0	0	0	0
6	412.29	-0.32173	-7.5927	-0.32173	-7.5927	0	1	75	3.1058	4.2473	-1	-5.8942	3.2474	0	-7.3438	3	-1	1	0	0	0	0
6	428.89	-0.32173	-7.5606	-0.32173	-7.5606	0	1	75	3.1058	4.2473	-1	-5.8942	3.2474	0	-7.3438	3	-1	1	0	0	0	0
6	445.46	-0.30162	-7.464	-0.30162	-7.464	0	1	75	3.1058	4.2473	-1	-5.8942	3.2474	0	-7.3438	3	-1	1	1	0	0	0
6	462.08	-0.28151	-7.3997	-0.28151	-7.3997	0	1	75	3.1058	4.2473	-1	-5.8942	3.2474	0	-7.3438	3	-1	1	1	0	0	0
6	478.65	-0.22119	-7.1101	-0.22119	-7.1101	0	1	75	3.1058	4.2473	-1	-5.8942	3.2474	0	-7.3438	3	-1	1	1	0	0	0
6	495.28	-0.16086	-6.8849	-0.16086	-6.8849	0	1	75	3.1058	4.2473	-1	-5.8942	3.2474	0	-7.3438	3	-1	1	1	0	0	0
6	511.85	0.040216	-6.3702	0.040216	-6.3702	0	1	75	3.1058	4.2473	-1	-5.8942	3.2474	0	-7.3438	3	-1	1	1	0	0	0
6	528.41	0.34183	-5.6946	0.34183	-5.6946	0	1	75	3.1058	4.2473	-1	-5.8942	3.2474	0	-7.3438	3	-1	1	1	0	0	0
6	544.99	0.52281	-5.3085	0.52281	-5.3085	0	1	75	3.1058	4.2473	-1	-5.8942	3.2474	0	-7.3438	3	-1	1	1	0	0	0
6	561.59	0.94507	-4.5363	0.94507	-4.5363	0	2	75	3.1058	4.2473	-1	-5.8942	3.2474	0	-7.3438	3	-1	1	1	0	0	0
6	578.22	1.3874	-3.732	1.3874	-3.732	0	2	75	3.1058	4.2473	-1	-5.8942	3.2474	0	-7.3438	3	-1	1	1	0	0	0
6	594.88	1.6287	-3.3138	1.6287	-3.3138	0	2	75	3.1058	4.2473	-1	-5.8942	3.2474	0	-7.3438	3	-1	1	1	0	0	0
6	611.42	2.1515	-2.5095	2.1515	-2.5095	0	2	75	3.1058	4.2473	-1	-5.8942	3.2474	0	-7.3438	3	-1	1	1	0	1	0
6	628.01	2.7146	-1.7373	2.7146	-1.7373	0	2	75	3.1058	4.2473	-1	-5.8942	3.2474	0	-7.3438	3	-1	1	1	0	0	0
6	644.59	3.0162	-1.3513	3.0162	-1.3512	0	2	75	3.1058	4.2473	-1	-5.8942	3.2474	0	-7.3438	3	-1	1	1	0	0	0
6	661.15	3.6395	-0.57911	3.6395	-0.57911	0	2	75	3.1058	4.2473	-1	-5.8942	3.2474	0	-7.3438	3	-1	1	1	0	0	0
6	677.77	4.283	0.12869	4.283	0.12869	0	2	75	3.1058	4.2473	-1	-5.8942	3.2474	0	-7.3438	3	-1	1	1	0	0	0
6	694.38	4.6248	0.45042	4.6248	0.45042	0	2	75	3.1058	4.2473	-1	-5.8942	3.2474	0	-7.3438	3	-1	1	1	0	0	0
6	710.97	5.2281	1.0295	5.2281	1.0295	0	2	75	3.1058	4.2473	-1	-5.8942	3.2474	0	-7.3438	3	-1	1	1	0	0	0
6	727.59	5.5297	1.2869	5.5297	1.2869	0	2	75	3.1058	4.2473	-1	-5.8942	3.2474	0	-7.3438	3	-1	1	1	0	0	0
6	744.17	6.0324	1.7051	6.0324	1.7051	0	2	75	3.1058	4.2473	-1	-5.8942	3.2474	0	-7.3438	3	-1	1	1	0	0	0
6	760.75	6.4546	2.0269	6.4546	2.0269	0	2	75	3.1058	4.2473	-1	-5.8942	3.2474	0	-7.3438	3	-1	1	1	0	0	0
6	777.31	6.7764	2.2521	6.7764	2.2521	0	2	75	3.1058	4.2473	-1	-5.8942	3.2474	0	-7.3438	3	-1	1	1	0	0	0
6	793.93	6.9171	2.3164	6.9171	2.3164	0	2	75	3.1058	4.2473	-1	-5.8942	3.2474	0	-7.3438	3	-1	1	1	0	0	0
6	810.51	7.0981	2.4451	7.0981	2.4451	0	2	75	3.1058	4.2473	-1	-5.8942	3.2474	0	-7.3438	3	-1	1	0	0	0	0
6	827.12	7.1584	2.4773	7.1584	2.4773	0	2	75	3.1058	4.2473	-1	-5.8942	3.2474	0	-7.3438	3	-1	1	0	0	0	0
6	843.74	7.1986	2.5095	7.1986	2.5095	0	2	75	3.1058	4.2473	-1	-5.8942	3.2474	0	-7.3438	3	-1	1	0	0	0	0
6	860.27	7.2187	2.5095	7.2187	2.5095	0	2	75	3.1058	4.2473	-1	-5.8942	3.2474	0	-7.3438	3	-1	1	0	0	0	0
6	876.93	7.1986	2.5095	7.1986	2.5095	0	2	75	3.1058	4.2473	-1	-5.8942	3.2474	0	-7.3438	3	-1	1	0	0	0	0
6	893.49	7.1986	2.5095	7.1986	2.5095	0	2	75	3.1058	4.2473	-1	-5.8942	3.2474	0	-7.3438	3	-1	1	0	0	0	0
6	910.09	7.1986	2.5095	7.1986	2.5095	0	2	75	3.1058	4.2473	-1	-5.8942	3.2474	0	-7.3438	3	-1	1	0	0	0	0
6	926.69	7.1986	2.5095	7.1986	2.5095	0	2	75	3.1058	4.2473	-1	-5.8942	3.2474	0	-7.3438	3	-1	1	0	0	0	0
6	943.32	7.1785	2.4773	7.1785	2.4773	0	2	75	3.1058	4.2473	-1	-5.8942	3.2474	0	-7.3438	3	-1	1	0	0	0	0
6	959.87	7.1584	2.4773	7.1584	2.4773	0	3	75	3.1058	4.2473	-1	-5.8942	3.2474	0	-7.3438	3	-1	1	0	0	0	0
7	30.966	0.48259	-7.5927	0.48259	-7.5927	0	1	90	0	4.6562	-1	-9	3.6562	0	-7.3438	3	-1	1	0	0	0	0
7	47.558	0.48259	-7.5927	0.48259	-7.5927	0	1	90	0	4.6562	-1	-9	3.6562	0	-7.3438	3	-1	1	0	0	0	0
7	64.135	0.46248	-7.5927	0.46248	-7.5927	0	1	90	0	4.6562	-1	-9	3.6562	0	-7.3438	3	-1	1	0	0	0	0
7	80.78	0.44237	-7.5606	0.44237	-7.5606	0	1	90	0	4.6562	-1	-9	3.6562	0	-7.3438	3	-1	1	0	0	0	0
7	97.326	0.44237	-7.5606	0.44237	-7.5606	0	1	90	0	4.6562	-1	-9	3.6562	0	-7.3438	3	-1	1	0	0	0	0
7	113.95	0.42227	-7.5606	0.42227	-7.5606	0	1	90	0	4.6562	-1	-9	3.6562	0	-7.3438	3	-1	1	0	0	0	0
7	130.51	0.42227	-7.5606	0.42227	-7.5606	0	1	90	0	4.6562	-1	-9	3.6562	0	-7.3438	3	-1	1	0	0	0	0
7	147.16	0.42227	-7.5606	0.42227	-7.5606	0	1	90	0	4.6562	-1	-9	3.6562	0	-7.3438	3	-1	1	0	0	0	0
7	163.83	0.40216	-7.5606	0.40216	-7.5606	0	1	90	0	4.6562	-1	-9	3.6562	0	-7.3438	3	-1	1	0	0	0	0
7	180.24	0.40216	-7.5606	0.40216	-7.5606	0	1	90	0	4.6562	-1	-9	3.6562	0	-7.3438	3	-1	1	0	0	0	0
7	196.88	0.40216	-7.5606	0.40216	-7.5606	0	1	90	0	4.6562	-1	-9	3.6562	0	-7.3438	3	-1	1	0	0	0	0
7	213.49	0.40216	-7.5606	0.40216	-7.5606	0	1	90	0	4.6562	-1	-9	3.6562	0	-7.3438	3	-1	1	0	0	0	0
7	230.06	0.40216	-7.5606	0.40216	-7.5606	0	1	90	0	4.6562	-1	-9	3.6562	0	-7.3438	3	-1	1	0	0	0	0
7	246.67	0.40216	-7.5606	0.40216	-7.5606	0	1	90	0	4.6562	-1	-9	3.6562	0	-7.3438	3	-1	1	0	0	0	0
7	263.29	0.40216	-7.5606	0.40216	-7.5606	0	1	90	0	4.6562	-1	-9	3.6562	0	-7.3438	3	-1	1	0	0	0	0
7	279.85	0.40216	-7.5606	0.40216	-7.5606	0	1	90	0	4.6562	-1	-9	3.6562	0	-7.3438	3	-1	1	0	0	0	0
7	296.46	0.40216	-7.5606	0.40216	-7.5606	0	1	90	0	4.6562	-1	-9	3.6562	0	-7.3438	3	-1	1	0	0	0	0
7	313.05	0.38205	-7.5606	0.38205	-7.5606	0	1	90	0	4.6562	-1	-9	3.6562	0	-7.3438	3	-1	1	0	0	0	0
7	329.66	0.38205	-7.5606	0.38205	-7.5606	0	1	90	0	4.6562	-1	-9	3.6562	0	-7.3438	3	-1	1	0	0	0	0
7	346.25	0.38205	-7.5606	0.38205	-7.5606	0	1	90	0	4.6562	-1	-9	3.6562	0	-7.3438	3	-1	1	0	0	0	0
7	362.88	0.34183	-7.5284	0.34183	-7.5284	0	1	90	0	4.6562	-1	-9	3.6562	0	-7.3438	3	-1	1	1	0	0	0
7	379.46	0.34183	-7.5284	0.34183	-7.5284	0	1	90	0	4.6562	-1	-9	3.6562	0	-7.3438	3	-1	1	1	0	0	0
7	395.99	0.2614	-7.464	0.2614	-7.464	0	1	90	0	4.6562	-1	-9	3.6562	0	-7.3438	3	-1	1	1	0	0	0
7	412.6	0.16086	-7.3032	0.16086	-7.3032	0	1	90	0	4.6562	-1	-9	3.6562	0	-7.3438	3	-1	1	1	0	0	0
7	429.24	0.040216	-7.078	0.040216	-7.078	0	1	90	0	4.6562	-1	-9	3.6562	0	-7.3438	3	-1	1	1	0	0	0
7	445.85	0	-6.9171	0	-6.9171	0	1	90	0	4.6562	-1	-9	3.6562	0	-7.3438	3	-1	1	1	0	0	0
7	462.43	-0.10054	-6.531	-0.10054	-6.531	0	1	90	0	4.6562	-1	-9	3.6562	0	-7.3438	3	-1	1	1	0	0	0
7	479.02	-0.14076	-6.2737	-0.14076	-6.2737	0	1	90	0	4.6562	-1	-9	3.6562	0	-7.3438	3	-1	1	1	0	0	0
7	495.62	-0.20108	-5.7589	-0.20108	-5.7589	0	1	90	0	4.6562	-1	-9	3.6562	0	-7.3438	3	-1	1	1	0	0	0
7	512.2	-0.2614	-5.1798	-0.2614	-5.1798	0	1	90	0	4.6562	-1	-9	3.6562	0	-7.3438	3	-1	1	1	0	0	0
7	528.75	-0.30162	-4.5363	-0.30162	-4.5363	0	2	90	0	4.6562	-1	-9	3.6562	0	-7.3438	3	-1	1	1	0	0	0
7	545.39	-0.30162	-4.1824	-0.30162	-4.1824	0	2	90	0	4.6562	-1	-9	3.6562	0	-7.3438	3	-1	1	1	0	0	0
7	562	-0.30162	-3.539	-0.30162	-3.539	0	2	90	0	4.6562	-1	-9	3.6562	0	-7.3438	3	-1	1	1	0	0	0
7	578.6	-0.30162	-3.1851	-0.30162	-3.1851	0	2	90	0	4.6562	-1	-9	3.6562	0	-7.3438	3	-1	1	1	0	0	0
7	595.16	-0.30162	-2.5095	-0.30162	-2.5095	0	2	90	0	4.6562	-1	-9	3.6562	0	-7.3438	3	-1	1	1	0	1	0
7	611.73	-0.28151	-1.8338	-0.28151	-1.8338	0	2	90	0	4.6562	-1	-9	3.6562	0	-7.3438	3	-1	1	1	0	0	0
7	628.33	-0.20108	-1.1582	-0.20108	-1.1582	0	2	90	0	4.6562	-1	-9	3.6562	0	-7.3438	3	-1	1	1	0	0	0
7	644.92	-0.16086	-0.80432	-0.16086	-0.80432	0	2	90	0	4.6562	-1	-9	3.6562	0	-7.3438	3	-1	1	1	0	0	0
7	661.51	-0.020108	-0.096518	-0.020108	-0.096518	0	2	90	0	4.6562	-1	-9	3.6562	0	-7.3438	3	-1	1	1	0	0	0
7	678.11	0.060324	0.25738	0.060324	0.25738	0	2	90	0	4.6562	-1	-9	3.6562	0	-7.3438	3	-1	1	1	0	0	0
7	694.76	0.24129	0.90083	0.24129	0.90083	0	2	90	0	4.6562	-1	-9	3.6562	0	-7.3438	3	-1	1	1	0	0	0
7	711.35	0.42227	1.5443	0.42227	1.5443	0	2	90	0	4.6562	-1	-9	3.6562	0	-7.3438	3	-1	1	1	0	0	0
7	727.91	0.52281	1.8017	0.52281	1.8017	0	2	90	0	4.6562	-1	-9	3.6562	0	-7.3438	3	-1	1	1	0	0	0
7	744.48	0.72388	2.3486	0.72388	2.3486	0	2	90	0	4.6562	-1	-9	3.6562	0	-7.3438	3	-1	1	1	0	0	0
7	761.1	0.90485	2.8312	0.90485	2.8312	0	2	90	0	4.6562	-1	-9	3.6562	0	-7.3438	3	-1	1	1	0	0	0
7	777.69	0.98529	3.0242	0.98529	3.0242	0	2	90	0	4.6562	-1	-9	3.6562	0	-7.3438	3	-1	1	1	0	0	0
7	794.29	1.1461	3.4103	1.1461	3.4103	0	2	90	0	4.6562	-1	-9	3.6562	0	-7.3438	3	-1	1	1	0	0	0
7	810.9	1.2065	3.539	1.2065	3.539	0	2	90	0	4.6562	-1	-9	3.6562	0	-7.3438	3	-1	1	1	0	0	0
7	827.5	1.307	3.8285	1.307	3.8285	0	2	90	0	4.6562	-1	-9	3.6562	0	-7.3438	3	-1	1	1	0	0	0
7	844.1	1.4076	4.0216	1.4076	4.0216	0	2	90	0	4.6562	-1	-9	3.6562	0	-7.3438	3	-1	1	1	0	0	0
7	860.64	1.4679	4.1824	1.4679	4.1824	0	2	90	0	4.6562	-1	-9	3.6562	0	-7.3438	3	-1	1	0	0	0	0
7	877.23	1.488	4.2468	1.488	4.2468	0	2	90	0	4.6562	-1	-9	3.6562	0	-7.3438	3	-1	1	0	0	0	0
7	893.85	1.5081	4.3111	1.5081	4.3111	0	2	90	0	4.6562	-1	-9	3.6562	0	-7.3438	3	-1	1	0	0	0	0
7	910.48	1.5081	4.3111	1.5081	4.3111	0	2	90	0	4.6562	-1	-9	3.6562	0	-7.3438	3	-1	1	0	0	0	0
7	927.04	1.5081	4.3111	1.5081	4.3111	0	2	90	0	4.6562	-1	-9	3.6562	0	-7.3438	3	-1	1	0	0	0	0
7	943.62	1.5081	4.3111	1.5081	4.3111	0	2	90	0	4.6562	-1	-9	3.6562	0	-7.3438	3	-1	1	0	0	0	0
7	960.25	1.5081	4.3111	1.5081	4.3111	0	2	90	0	4.6562	-1	-9	3.6562	0	-7.3438	3	-1	1	0	0	0	0
7	976.82	1.5081	4.3111	1.5081	4.3111	0	3	90	0	4.6562	-1	-9	3.6562	0	-7.3438	3	-1	1	0	0	0	0
8	31.057	-0.32173	-7.6249	-0.32173	-7.6249	0	1	105	-3.1058	4.2473	-1	-12.106	3.2474	0	-7.3438	3	-1	1	0	0	0	0
8	47.586	-0.24129	-7.6249	-0.24129	-7.6249	0	1	105	-3.1058	4.2473	-1	-12.106	3.2474	0	-7.3438	3	-1	1	1	0	0	0
8	64.196	-0.20108	-7.6249	-0.20108	-7.6249	0	1	105	-3.1058	4.2473	-1	-12.106	3.2474	0	-7.3438	3	-1	1	1	0	0	0
8	80.78	-0.14076	-7.6249	-0.14076	-7.6249	0	1	105	-3.1058	4.2473	-1	-12.106	3.2474	0	-7.3438	3	-1	1	1	0	0	0
8	97.41	-0.12065	-7.6249	-0.12065	-7.6249	0	1	105	-3.1058	4.2473	-1	-12.106	3.2474	0	-7.3438	3	-1	1	1	0	0	0
8	113.97	-0.12065	-7.6249	-0.12065	-7.6249	0	1	105	-3.1058	4.2473	-1	-12.106	3.2474	0	-7.3438	3	-1	1	1	0	0	0
8	130.56	-0.12065	-7.6249	-0.12065	-7.6249	0	1	105	-3.1058	4.2473	-1	-12.106	3.2474	0	-7.3438	3	-1	1	1	0	0	0
8	147.27	-0.12065	-7.6249	-0.12065	-7.6249	0	1	105	-3.1058	4.2473	-1	-12.106	3.2474	0	-7.3438	3	-1	1	1	0	0	0
8	163.78	-0.12065	-7.6249	-0.12065	-7.6249	0	1	105	-3.1058	4.2473	-1	-12.106	3.2474	0	-7.3438	3	-1	1	1	0	0	0
8	180.37	-0.12065	-7.6249	-0.12065	-7.6249	0	1	105	-3.1058	4.2473	-1	-12.106	3.2474	0	-7.3438	3	-1	1	1	0	0	0
8	196.93	-0.12065	-7.6249	-0.12065	-7.6249	0	1	105	-3.1058	4.2473	-1	-12.106	3.2474	0	-7.3438	3	-1	1	1	0	0	0
8	213.63	-0.12065	-7.6249	-0.12065	-7.6249	0	1	105	-3.1058	4.2473	-1	-12.106	3.2474	0	-7.3438	3	-1	1	1	0	0	0
8	230.19	-0.12065	-7.6249	-0.12065	-7.6249	0	1	105	-3.1058	4.2473	-1	-12.106	3.2474	0	-7.3438	3	-1	1	1	0	0	0
8	246.79	-0.12065	-7.6249	-0.12065	-7.6249	0	1	105	-3.1058	4.2473	-1	-12.106	3.2474	0	-7.3438	3	-1	1	1	0	0	0
8	263.4	-0.12065	-7.6249	-0.12065	-7.6249	0	1	105	-3.1058	4.2473	-1	-12.106	3.2474	0	-7.3438	3	-1	1	1	0	0	0
8	279.96	-0.12065	-7.6249	-0.12065	-7.6249	0	1	105	-3.1058	4.2473	-1	-12.106	3.2474	0	-7.3438	3	-1	1	1	0	0	0
8	296.53	-0.12065	-7.6249	-0.12065	-7.6249	0	1	105	-3.1058	4.2473	-1	-12.106	3.2474	0	-7.3438	3	-1	1	1	0	0	0
8	313.15	-0.12065	-7.6249	-0.12065	-7.6249	0	1	105	-3.1058	4.2473	-1	-12.106	3.2474	0	-7.3438	3	-1	1	1	0	0	0
8	329.78	-0.12065	-7.5927	-0.12065	-7.5927	0	1	105	-3.1058	4.2473	-1	-12.106	3.2474	0	-7.3438	3	-1	1	1	0	0	0
8	346.34	-0.14076	-7.5927	-0.14076	-7.5927	0	1	105	-3.1058	4.2473	-1	-12.106	3.2474	0	-7.3438	3	-1	1	1	0	0	0
8	362.93	-0.14076	-7.5606	-0.14076	-7.5606	0	1	105	-3.1058	4.2473	-1	-12.106	3.2474	0	-7.3438	3	-1	1	1	0	0	0
8	379.53	-0.18097	-7.4962	-0.18097	-7.4962	0	1	105	-3.1058	4.2473	-1	-12.106	3.2474	0	-7.3438	3	-1	1	1	0	0	0
8	396.12	-0.20108	-7.4319	-0.20108	-7.4319	0	1	105	-3.1058	4.2473	-1	-12.106	3.2474	0	-7.3438	3	-1	1	1	0	0	0
8	412.68	-0.28151	-7.2067	-0.28151	-7.2067	0	1	105	-3.1058	4.2473	-1	-12.106	3.2474	0	-7.3438	3	-1	1	1	0	0	0
8	429.27	-0.36194	-6.9171	-0.36194	-6.9171	0	1	105	-3.1058	4.2473	-1	-12.106	3.2474	0	-7.3438	3	-1	1	1	0	0	0
8	445.91	-0.46248	-6.5632	-0.46248	-6.5632	0	1	105	-3.1058	4.2473	-1	-12.106	3.2474	0	-7.3438	3	-1	1	1	0	0	0
8	462.39	-0.5027	-6.3702	-0.5027	-6.3702	0	1	105	-3.1058	4.2473	-1	-12.106	3.2474	0	-7.3438	3	-1	1	1	0	0	0
8	479.09	-0.64345	-5.9519	-0.64345	-5.9519	0	1	105	-3.1058	4.2473	-1	-12.106	3.2474	0	-7.3438	3	-1	1	1	0	0	0
8	495.67	-0.72388	-5.7267	-0.72388	-5.7267	0	1	105	-3.1058	4.2473	-1	-12.106	3.2474	0	-7.3438	3	-1	1	1	0	0	0
8	512.24	-0.88475	-5.2763	-0.88475	-5.2763	0	1	105	-3.1058	4.2473	-1	-12.106	3.2474	0	-7.3438	3	-1	1	1	0	0	0
8	528.84	-1.0657	-4.7937	-1.0657	-4.7937	0	2	105	-3.1058	4.2473	-1	-12.106	3.2474	0	-7.3438	3	-1	1	1	0	0	0
8	545.43	-1.2467	-4.279	-1.2467	-4.279	0	2	105	-3.1058	4.2473	-1	-12.106	3.2474	0	-7.3438	3	-1	1	1	0	0	0
8	562.01	-1.3472	-4.0216	-1.3472	-4.0216	0	2	105	-3.1058	4.2473	-1	-12.106	3.2474	0	-7.3438	3	-1	1	1	0	0	0
8	578.67	-1.5483	-3.4746	-1.5483	-3.4746	0	2	105	-3.1058	4.2473	-1	-12.106	3.2474	0	-7.3438	3	-1	1	1	0	0	0
8	595.27	-1.6488	-3.2173	-1.6488	-3.2173	0	2	105	-3.1058	4.2473	-1	-12.106	3.2474	0	-7.3438	3	-1	1	1	0	0	0
8	611.84	-1.8901	-2.6703	-1.8901	-2.6703	0	2	105	-3.1058	4.2473	-1	-12.106	3.2474	0	-7.3438	3	-1	1	1	0	1	0
8	628.41	-2.1314	-2.1877	-2.1314	-2.1877	0	2	105	-3.1058	4.2473	-1	-12.106	3.2474	0	-7.3438	3	-1	1	1	0	0	0
8	644.99	-2.3727	-1.7051	-2.3727	-1.7051	0	2	105	-3.1058	4.2473	-1	-12.106	3.2474	0	-7.3438	3	-1	1	1	0	0	0
8	661.58	-2.5135	-1.4799	-2.5135	-1.4799	0	2	105	-3.1058	4.2473	-1	-12.106	3.2474	0	-7.3438	3	-1	1	1	0	0	0
8	678.18	-2.7548	-1.0295	-2.7548	-1.0295	0	2	105	-3.1058	4.2473	-1	-12.106	3.2474	0	-7.3438	3	-1	1	1	0	0	0
8	694.81	-2.8754	-0.83649	-2.8754	-0.83649	0	2	105	-3.1058	4.2473	-1	-12.106	3.2474	0	-7.3438	3	-1	1	1	0	0	0
8	711.43	-3.1167	-0.38607	-3.1167	-0.38607	0	2	105	-3.1058	4.2473	-1	-12.106	3.2474	0	-7.3438	3	-1	1	1	0	0	0
8	728.01	-3.3379	0.032173	-3.3379	0.032173	0	2	105	-3.1058	4.2473	-1	-12.106	3.2474	0	-7.3438	3	-1	1	1	0	0	0
8	744.58	-3.5591	0.41824	-3.5591	0.41824	0	2	105	-3.1058	4.2473	-1	-12.106	3.2474	0	-7.3438	3	-1	1	1	0	0	0
8	761.13	-3.6596	0.57911	-3.6596	0.57911	0	2	105	-3.1058	4.2473	-1	-12.106	3.2474	0	-7.3438	3	-1	1	1	0	0	0
8	777.77	-3.8607	0.93301	-3.8607	0.93301	0	2	105	-3.1058	4.2473	-1	-12.106	3.2474	0	-7.3438	3	-1	1	1	0	0	0
8	794.36	-3.9411	1.0939	-3.9411	1.0939	0	2	105	-3.1058	4.2473	-1	-12.106	3.2474	0	-7.3438	3	-1	1	1	0	0	0
8	810.97	-4.102	1.4156	-4.102	1.4156	0	2	105	-3.1058	4.2473	-1	-12.106	3.2474	0	-7.3438	3	-1	1	1	0	0	0
8	827.56	-4.2428	1.673	-4.2428	1.673	0	2	105	-3.1058	4.2473	-1	-12.106	3.2474	0	-7.3438	3	-1	1	1	0	0	0
8	844.16	-4.3031	1.7695	-4.3031	1.7695	0	2	105	-3.1058	4.2473	-1	-12.106	3.2474	0	-7.3438	3	-1	1	1	0	0	0
8	860.71	-4.3835	1.9625	-4.3835	1.9625	0	2	105	-3.1058	4.2473	-1	-12.106	3.2474	0	-7.3438	3	-1	1	1	0	0	0
8	877.33	-4.464	2.1234	-4.464	2.1234	0	2	105	-3.1058	4.2473	-1	-12.106	3.2474	0	-7.3438	3	-1	1	0	0	0	0
8	893.89	-4.4841	2.1556	-4.4841	2.1556	0	2	105	-3.1058	4.2473	-1	-12.106	3.2474	0	-7.3438	3	-1	1	0	0	0	0
8	910.46	-4.5243	2.2521	-4.5243	2.2521	0	2	105	-3.1058	4.2473	-1	-12.106	3.2474	0	-7.3438	3	-1	1	0	0	0	0
8	927.13	-4.5444	2.2843	-4.5444	2.2843	0	2	105	-3.1058	4.2473	-1	-12.106	3.2474	0	-7.3438	3	-1	1	0	0	0	0
8	943.72	-4.5645	2.2843	-4.5645	2.2843	0	2	105	-3.1058	4.2473	-1	-12.106	3.2474	0	-7.3438	3	-1	1	0	0	0	0
8	960.26	-4.5645	2.3164	-4.5645	2.3164	0	2	105	-3.1058	4.2473	-1	-12.106	3.2474	0	-7.3438	3	-1	1	0	0	0	0
8	976.89	-4.5645	2.3164	-4.5645	2.3164	0	3	105	-3.1058	4.2473	-1	-12.106	3.2474	0	-7.3438	3	-1	1	0	0	0	0
9	30.562	0.24129	-7.6571	0.24129	-7.6571	0	1	75	3.1058	4.2473	-1	-5.8942	3.2474	0	-7.3438	3	-1	1	0	0	0	0
9	47.178	0.2614	-7.6571	0.2614	-7.6571	0	1	75	3.1058	4.2473	-1	-5.8942	3.2474	0	-7.3438	3	-1	1	0	0	0	0
9	63.771	0.28151	-7.6571	0.28151	-7.6571	0	1	75	3.1058	4.2473	-1	-5.8942	3.2474	0	-7.3438	3	-1	1	0	0	0	0
9	80.419	0.30162	-7.6571	0.30162	-7.6571	0	1	75	3.1058	4.2473	-1	-5.8942	3.2474	0	-7.3438	3	-1	1	0	0	0	0
9	96.991	0.30162	-7.6571	0.30162	-7.6571	0	1	75	3.1058	4.2473	-1	-5.8942	3.2474	0	-7.3438	3	-1	1	0	0	0	0
9	113.55	0.30162	-7.6571	0.30162	-7.6571	0	1	75	3.1058	4.2473	-1	-5.8942	3.2474	0	-7.3438	3	-1	1	0	0	0	0
9	130.12	0.30162	-7.6571	0.30162	-7.6571	0	1	75	3.1058	4.2473	-1	-5.8942	3.2474	0	-7.3438	3	-1	1	0	0	0	0
9	146.78	0.30162	-7.6571	0.30162	-7.6571	0	1	75	3.1058	4.2473	-1	-5.8942	3.2474	0	-7.3438	3	-1	1	0	0	0	0
9	163.34	0.30162	-7.6571	0.30162	-7.6571	0	1	75	3.1058	4.2473	-1	-5.8942	3.2474	0	-7.3438	3	-1	1	0	0	0	0
9	179.96	0.28151	-7.6571	0.28151	-7.6571	0	1	75	3.1058	4.2473	-1	-5.8942	3.2474	0	-7.3438	3	-1	1	0	0	0	0
9	196.55	0.28151	-7.6249	0.28151	-7.6249	0	1	75	3.1058	4.2473	-1	-5.8942	3.2474	0	-7.3438	3	-1	1	0	0	0	0
9	213.14	0.28151	-7.6249	0.28151	-7.6249	0	1	75	3.1058	4.2473	-1	-5.8942	3.2474	0	-7.3438	3	-1	1	0	0	0	0
9	229.71	0.28151	-7.6249	0.28151	-7.6249	0	1	75	3.1058	4.2473	-1	-5.8942	3.2474	0	-7.3438	3	-1	1	0	0	0	0
9	246.32	0.28151	-7.6249	0.28151	-7.6249	0	1	75	3.1058	4.2473	-1	-5.8942	3.2474	0	-7.3438	3	-1	1	0	0	0	0
9	262.94	0.28151	-7.6249	0.28151	-7.6249	0	1	75	3.1058	4.2473	-1	-5.8942	3.2474	0	-7.3438	3	-1	1	0	0	0	0
9	279.55	0.28151	-7.6249	0.28151	-7.6249	0	1	75	3.1058	4.2473	-1	-5.8942	3.2474	0	-7.3438	3	-1	1	0	0	0	0
9	296.12	0.28151	-7.6249	0.28151	-7.6249	0	1	75	3.1058	4.2473	-1	-5.8942	3.2474	0	-7.3438	3	-1	1	0	0	0	0
9	312.73	0.28151	-7.6249	0.28151	-7.6249	0	1	75	3.1058	4.2473	-1	-5.8942	3.2474	0	-7.3438	3	-1	1	0	0	0	0
9	329.26	0.28151	-7.6249	0.28151	-7.6249	0	1	75	3.1058	4.2473	-1	-5.8942	3.2474	0	-7.3438	3	-1	1	0	0	0	0
9	345.87	0.30162	-7.6249	0.30162	-7.6249	0	1	75	3.1058	4.2473	-1	-5.8942	3.2474	0	-7.3438	3	-1	1	1	0	0	0
9	362.45	0.30162	-7.5927	0.30162	-7.5927	0	1	75	3.1058	4.2473	-1	-5.8942	3.2474	0	-7.3438	3	-1	1	1	0	0	0
9	379.05	0.34183	-7.464	0.34183	-7.464	0	1	75	3.1058	4.2473	-1	-5.8942	3.2474	0	-7.3438	3	-1	1	1	0	0	0
9	395.58	0.36194	-7.3675	0.36194	-7.3675	0	1	75	3.1058	4.2473	-1	-5.8942	3.2474	0	-7.3438	3	-1	1	1	0	0	0
9	412.3	0.44237	-7.0136	0.44237	-7.0136	0	1	75	3.1058	4.2473	-1	-5.8942	3.2474	0	-7.3438	3	-1	1	1	0	0	0
9	428.89	0.5027	-6.7884	0.5027	-6.7884	0	1	75	3.1058	4.2473	-1	-5.8942	3.2474	0	-7.3438	3	-1	1	1	0	0	0
9	445.47	0.64345	-6.1771	0.64345	-6.1771	0	1	75	3.1058	4.2473	-1	-5.8942	3.2474	0	-7.3438	3	-1	1	1	0	0	0
9	461.98	0.84453	-5.5015	0.84453	-5.5015	0	1	75	3.1058	4.2473	-1	-5.8942	3.2474	0	-7.3438	3	-1	1	1	0	0	0
9	478.65	1.0657	-4.7615	1.0657	-4.7615	0	2	75	3.1058	4.2473	-1	-5.8942	3.2474	0	-7.3438	3	-1	1	1	0	0	0
9	495.28	1.1864	-4.3755	1.1864	-4.3755	0	2	75	3.1058	4.2473	-1	-5.8942	3.2474	0	-7.3438	3	-1	1	1	0	0	0
9	511.82	1.4478	-3.6355	1.4478	-3.6355	0	2	75	3.1058	4.2473	-1	-5.8942	3.2474	0	-7.3438	3	-1	1	1	0	0	0
9	528.42	1.5885	-3.2494	1.5885	-3.2494	0	2	75	3.1058	4.2473	-1	-5.8942	3.2474	0	-7.3438	3	-1	1	1	0	0	0
9	545.01	1.87	-2.5095	1.87	-2.5095	0	2	75	3.1058	4.2473	-1	-5.8942	3.2474	0	-7.3438	3	-1	1	1	0	1	0
9	561.58	2.1717	-1.7695	2.1717	-1.7695	0	2	75	3.1058	4.2473	-1	-5.8942	3.2474	0	-7.3438	3	-1	1	1	0	0	0
9	578.14	2.5135	-1.0295	2.5135	-1.0295	0	2	75	3.1058	4.2473	-1	-5.8942	3.2474	0	-7.3438	3	-1	1	1	0	0	0
9	594.77	2.6743	-0.64345	2.6743	-0.64345	0	2	75	3.1058	4.2473	-1	-5.8942	3.2474	0	-7.3438	3	-1	1	1	0	0	0
9	611.38	2.976	0.032173	2.976	0.032173	0	2	75	3.1058	4.2473	-1	-5.8942	3.2474	0	-7.3438	3	-1	1	1	0	0	0
9	627.99	3.1368	0.3539	3.1368	0.3539	0	2	75	3.1058	4.2473	-1	-5.8942	3.2474	0	-7.3438	3	-1	1	1	0	0	0
9	644.62	3.3982	0.93301	3.3982	0.93301	0	2	75	3.1058	4.2473	-1	-5.8942	3.2474	0	-7.3438	3	-1	1	1	0	0	0
9	661.15	3.6395	1.4478	3.6395	1.4478	0	2	75	3.1058	4.2473	-1	-5.8942	3.2474	0	-7.3438	3	-1	1	1	0	0	0
9	677.76	3.8406	1.866	3.8406	1.866	0	2	75	3.1058	4.2473	-1	-5.8942	3.2474	0	-7.3438	3	-1	1	1	0	0	0
9	694.36	3.9411	2.059	3.9411	2.059	0	2	75	3.1058	4.2473	-1	-5.8942	3.2474	0	-7.3438	3	-1	1	1	0	0	0
9	710.92	4.102	2.3808	4.102	2.3808	0	2	75	3.1058	4.2473	-1	-5.8942	3.2474	0	-7.3438	3	-1	1	1	0	0	0
9	727.56	4.1623	2.4773	4.1623	2.4773	0	2	75	3.1058	4.2473	-1	-5.8942	3.2474	0	-7.3438	3	-1	1	1	0	0	0
9	744.14	4.2428	2.6703	4.2428	2.6703	0	2	75	3.1058	4.2473	-1	-5.8942	3.2474	0	-7.3438	3	-1	1	1	0	0	0
9	760.77	4.283	2.7668	4.283	2.7668	0	2	75	3.1058	4.2473	-1	-5.8942	3.2474	0	-7.3438	3	-1	1	0	0	0	0
9	777.35	4.3031	2.799	4.3031	2.799	0	2	75	3.1058	4.2473	-1	-5.8942	3.2474	0	-7.3438	3	-1	1	0	0	0	0
9	793.92	4.3031	2.799	4.3031	2.799	0	2	75	3.1058	4.2473	-1	-5.8942	3.2474	0	-7.3438	3	-1	1	0	0	0	0
9	810.49	4.3031	2.799	4.3031	2.799	0	2	75	3.1058	4.2473	-1	-5.8942	3.2474	0	-7.3438	3	-1	1	0	0	0	0
9	827.06	4.3031	2.799	4.3031	2.799	0	2	75	3.1058	4.2473	-1	-5.8942	3.2474	0	-7.3438	3	-1	1	0	0	0	0
9	843.66	4.3031	2.799	4.3031	2.799	0	2	75	3.1058	4.2473	-1	-5.8942	3.2474	0	-7.3438	3	-1	1	0	0	0	0
9	860.3	4.283	2.799	4.283	2.799	0	2	75	3.1058	4.2473	-1	-5.8942	3.2474	0	-7.3438	3	-1	1	0	0	0	0
9	876.9	4.283	2.799	4.283	2.799	0	3	75	3.1058	4.2473	-1	-5.8942	3.2474	0	-7.3438	3	-1	1	0	0	0	0
10	30.876	-0.10054	-7.6893	-0.10054	-7.6893	0	1	90	0	4.6562	-1	-9	3.6562	0	-7.3438	3	-1	1	0	0	0	0
10	47.46	-0.10054	-7.6893	-0.10054	-7.6893	0	1	90	0	4.6562	-1	-9	3.6562	0	-7.3438	3	-1	1	0	0	0	0
10	64.003	-0.10054	-7.6893	-0.10054	-7.6893	0	1	90	0	4.6562	-1	-9	3.6562	0	-7.3438	3	-1	1	0	0	0	0
10	80.643	-0.10054	-7.6571	-0.10054	-7.6571	0	1	90	0	4.6562	-1	-9	3.6562	0	-7.3438	3	-1	1	0	0	0	0
10	97.193	-0.10054	-7.6571	-0.10054	-7.6571	0	1	90	0	4.6562	-1	-9	3.6562	0	-7.3438	3	-1	1	0	0	0	0
10	113.84	-0.10054	-7.6571	-0.10054	-7.6571	0	1	90	0	4.6562	-1	-9	3.6562	0	-7.3438	3	-1	1	0	0	0	0
10	130.45	-0.10054	-7.6571	-0.10054	-7.6571	0	1	90	0	4.6562	-1	-9	3.6562	0	-7.3438	3	-1	1	0	0	0	0
10	147.03	-0.10054	-7.6571	-0.10054	-7.6571	0	1	90	0	4.6562	-1	-9	3.6562	0	-7.3438	3	-1	1	0	0	0	0
10	163.6	-0.10054	-7.6571	-0.10054	-7.6571	0	1	90	0	4.6562	-1	-9	3.6562	0	-7.3438	3	-1	1	0	0	0	0
10	180.17	-0.10054	-7.6571	-0.10054	-7.6571	0	1	90	0	4.6562	-1	-9	3.6562	0	-7.3438	3	-1	1	0	0	0	0
10	196.81	-0.10054	-7.6571	-0.10054	-7.6571	0	1	90	0	4.6562	-1	-9	3.6562	0	-7.3438	3	-1	1	0	0	0	0
10	213.42	-0.10054	-7.6571	-0.10054	-7.6571	0	1	90	0	4.6562	-1	-9	3.6562	0	-7.3438	3	-1	1	0	0	0	0
10	230.03	-0.10054	-7.6571	-0.10054	-7.6571	0	1	90	0	4.6562	-1	-9	3.6562	0	-7.3438	3	-1	1	0	0	0	0
10	246.63	-0.10054	-7.6571	-0.10054	-7.6571	0	1	90	0	4.6562	-1	-9	3.6562	0	-7.3438	3	-1	1	0	0	0	0
10	263.16	-0.10054	-7.6571	-0.10054	-7.6571	0	1	90	0	4.6562	-1	-9	3.6562	0	-7.3438	3	-1	1	0	0	0	0
10	279.75	-0.10054	-7.6571	-0.10054	-7.6571	0	1	90	0	4.6562	-1	-9	3.6562	0	-7.3438	3	-1	1	0	0	0	0
10	296.34	-0.10054	-7.6249	-0.10054	-7.6249	0	1	90	0	4.6562	-1	-9	3.6562	0	-7.3438	3	-1	1	0	0	0	0
10	312.97	-0.10054	-7.6249	-0.10054	-7.6249	0	1	90	0	4.6562	-1	-9	3.6562	0	-7.3438	3	-1	1	1	0	0	0
10	329.59	-0.12065	-7.5606	-0.12065	-7.5606	0	1	90	0	4.6562	-1	-9	3.6562	0	-7.3438	3	-1	1	1	0	0	0
10	346.17	-0.20108	-7.4319	-0.20108	-7.4319	0	1	90	0	4.6562	-1	-9	3.6562	0	-7.3438	3	-1	1	1	0	0	0
10	362.77	-0.2614	-7.3032	-0.2614	-7.3032	0	1	90	0	4.6562	-1	-9	3.6562	0	-7.3438	3	-1	1	1	0	0	0
10	379.32	-0.36194	-6.9815	-0.36194	-6.9815	0	1	90	0	4.6562	-1	-9	3.6562	0	-7.3438	3	-1	1	1	0	0	0
10	395.87	-0.44237	-6.531	-0.44237	-6.531	0	1	90	0	4.6562	-1	-9	3.6562	0	-7.3438	3	-1	1	1	0	0	0
10	412.52	-0.48259	-6.2737	-0.48259	-6.2737	0	1	90	0	4.6562	-1	-9	3.6562	0	-7.3438	3	-1	1	1	0	0	0
10	429.13	-0.54291	-5.6624	-0.54291	-5.6624	0	1	90	0	4.6562	-1	-9	3.6562	0	-7.3438	3	-1	1	1	0	0	0
10	445.71	-0.60324	-5.0189	-0.60324	-5.0189	0	1	90	0	4.6562	-1	-9	3.6562	0	-7.3438	3	-1	1	1	0	0	0
10	462.33	-0.62334	-4.6972	-0.62334	-4.6972	0	2	90	0	4.6562	-1	-9	3.6562	0	-7.3438	3	-1	1	1	0	0	0
10	478.91	-0.66356	-4.0216	-0.66356	-4.0216	0	2	90	0	4.6562	-1	-9	3.6562	0	-7.3438	3	-1	1	1	0	0	0
10	495.48	-0.68367	-3.6677	-0.68367	-3.6677	0	2	90	0	4.6562	-1	-9	3.6562	0	-7.3438	3	-1	1	1	0	0	0
10	512.06	-0.70378	-2.9921	-0.70378	-2.9921	0	2	90	0	4.6562	-1	-9	3.6562	0	-7.3438	3	-1	1	1	0	1	0
10	528.65	-0.68367	-2.2843	-0.68367	-2.2843	0	2	90	0	4.6562	-1	-9	3.6562	0	-7.3438	3	-1	1	1	0	0	0
10	545.32	-0.60324	-1.5443	-0.60324	-1.5443	0	2	90	0	4.6562	-1	-9	3.6562	0	-7.3438	3	-1	1	1	0	0	0
10	561.9	-0.54291	-1.1582	-0.54291	-1.1582	0	2	90	0	4.6562	-1	-9	3.6562	0	-7.3438	3	-1	1	1	0	0	0
10	578.5	-0.40216	-0.38607	-0.40216	-0.38607	0	2	90	0	4.6562	-1	-9	3.6562	0	-7.3438	3	-1	1	1	0	0	0
10	595.08	-0.30162	0	-0.30162	0	0	2	90	0	4.6562	-1	-9	3.6562	0	-7.3438	3	-1	1	1	0	0	0
10	611.68	-0.10054	0.7078	-0.10054	0.7078	0	2	90	0	4.6562	-1	-9	3.6562	0	-7.3438	3	-1	1	1	0	0	0
10	628.18	0.10054	1.3834	0.10054	1.3834	0	2	90	0	4.6562	-1	-9	3.6562	0	-7.3438	3	-1	1	1	0	0	0
10	644.87	0.30162	1.9625	0.30162	1.9625	0	2	90	0	4.6562	-1	-9	3.6562	0	-7.3438	3	-1	1	1	0	0	0
10	661.45	0.38205	2.2199	0.38205	2.2199	0	2	90	0	4.6562	-1	-9	3.6562	0	-7.3438	3	-1	1	1	0	0	0
10	678.02	0.54291	2.6382	0.54291	2.6382	0	2	90	0	4.6562	-1	-9	3.6562	0	-7.3438	3	-1	1	1	0	0	0
10	694.66	0.62334	2.8312	0.62334	2.8312	0	2	90	0	4.6562	-1	-9	3.6562	0	-7.3438	3	-1	1	1	0	0	0
10	711.22	0.72388	3.1207	0.72388	3.1207	0	2	90	0	4.6562	-1	-9	3.6562	0	-7.3438	3	-1	1	1	0	0	0
10	727.8	0.80432	3.346	0.80432	3.346	0	2	90	0	4.6562	-1	-9	3.6562	0	-7.3438	3	-1	1	1	0	0	0
10	744.35	0.86464	3.4746	0.86464	3.4746	0	2	90	0	4.6562	-1	-9	3.6562	0	-7.3438	3	-1	1	0	0	0	0
10	760.98	0.88475	3.5068	0.88475	3.5068	0	2	90	0	4.6562	-1	-9	3.6562	0	-7.3438	3	-1	1	0	0	0	0
10	777.57	0.88475	3.539	0.88475	3.539	0	2	90	0	4.6562	-1	-9	3.6562	0	-7.3438	3	-1	1	0	0	0	0
10	794.22	0.88475	3.5712	0.88475	3.5712	0	2	90	0	4.6562	-1	-9	3.6562	0	-7.3438	3	-1	1	0	0	0	0
10	810.8	0.88475	3.5712	0.88475	3.5712	0	2	90	0	4.6562	-1	-9	3.6562	0	-7.3438	3	-1	1	0	0	0	0
10	827.39	0.88475	3.539	0.88475	3.539	0	2	90	0	4.6562	-1	-9	3.6562	0	-7.3438	3	-1	1	0	0	0	0
10	843.93	0.88475	3.539	0.88475	3.539	0	2	90	0	4.6562	-1	-9	3.6562	0	-7.3438	3	-1	1	0	0	0	0
10	860.55	0.88475	3.539	0.88475	3.539	0	3	90	0	4.6562	-1	-9	3.6562	0	-7.3438	3	-1	1	0	0	0	0
11	31.02	-0.080432	-7.7214	-0.080432	-7.7214	0	1	105	-3.1058	4.2473	-1	-12.106	3.2474	0	-7.3438	3	-1	1	0	0	0	0
11	47.638	-0.060324	-7.6893	-0.060324	-7.6893	0	1	105	-3.1058	4.2473	-1	-12.106	3.2474	0	-7.3438	3	-1	1	0	0	0	0
11	64.209	0	-7.6893	0	-7.6893	0	1	105	-3.1058	4.2473	-1	-12.106	3.2474	0	-7.3438	3	-1	1	0	0	0	0
11	80.855	0.020108	-7.6893	0.020108	-7.6893	0	1	105	-3.1058	4.2473	-1	-12.106	3.2474	0	-7.3438	3	-1	1	0	0	0	0
11	97.392	0.020108	-7.6893	0.020108	-7.6893	0	1	105	-3.1058	4.2473	-1	-12.106	3.2474	0	-7.3438	3	-1	1	0	0	0	0
11	113.99	0.020108	-7.6571	0.020108	-7.6571	0	1	105	-3.1058	4.2473	-1	-12.106	3.2474	0	-7.3438	3	-1	1	0	0	0	0
11	130.6	0.020108	-7.6571	0.020108	-7.6571	0	1	105	-3.1058	4.2473	-1	-12.106	3.2474	0	-7.3438	3	-1	1	0	0	0	0
11	147.2	0.020108	-7.6571	0.020108	-7.6571	0	1	105	-3.1058	4.2473	-1	-12.106	3.2474	0	-7.3438	3	-1	1	0	0	0	0
11	163.75	0.020108	-7.6571	0.020108	-7.6571	0	1	105	-3.1058	4.2473	-1	-12.106	3.2474	0	-7.3438	3	-1	1	0	0	0	0
11	180.35	0.020108	-7.6571	0.020108	-7.6571	0	1	105	-3.1058	4.2473	-1	-12.106	3.2474	0	-7.3438	3	-1	1	0	0	0	0
11	196.95	0.020108	-7.6571	0.020108	-7.6571	0	1	105	-3.1058	4.2473	-1	-12.106	3.2474	0	-7.3438	3	-1	1	0	0	0	0
11	213.47	0.020108	-7.6571	0.020108	-7.6571	0	1	105	-3.1058	4.2473	-1	-12.106	3.2474	0	-7.3438	3	-1	1	0	0	0	0
11	230.21	0.020108	-7.6571	0.020108	-7.6571	0	1	105	-3.1058	4.2473	-1	-12.106	3.2474	0	-7.3438	3	-1	1	0	0	0	0
11	246.74	0.020108	-7.6571	0.020108	-7.6571	0	1	105	-3.1058	4.2473	-1	-12.106	3.2474	0	-7.3438	3	-1	1	0	0	0	0
11	263.37	0.020108	-7.6571	0.020108	-7.6571	0	1	105	-3.1058	4.2473	-1	-12.106	3.2474	0	-7.3438	3	-1	1	0	0	0	0
11	279.89	0.020108	-7.6571	0.020108	-7.6571	0	1	105	-3.1058	4.2473	-1	-12.106	3.2474	0	-7.3438	3	-1	1	0	0	0	0
11	296.48	0.020108	-7.6571	0.020108	-7.6571	0	1	105	-3.1058	4.2473	-1	-12.106	3.2474	0	-7.3438	3	-1	1	0	0	0	0
11	313.11	0	-7.6249	0	-7.6249	0	1	105	-3.1058	4.2473	-1	-12.106	3.2474	0	-7.3438	3	-1	1	1	0	0	0
11	329.75	-0.020108	-7.5927	-0.020108	-7.5927	0	1	105	-3.1058	4.2473	-1	-12.106	3.2474	0	-7.3438	3	-1	1	1	0	0	0
11	346.35	-0.040216	-7.5284	-0.040216	-7.5284	0	1	105	-3.1058	4.2473	-1	-12.106	3.2474	0	-7.3438	3	-1	1	1	0	0	0
11	362.92	-0.16086	-7.3675	-0.16086	-7.3675	0	1	105	-3.1058	4.2473	-1	-12.106	3.2474	0	-7.3438	3	-1	1	1	0	0	0
11	379.49	-0.22119	-7.2067	-0.22119	-7.2067	0	1	105	-3.1058	4.2473	-1	-12.106	3.2474	0	-7.3438	3	-1	1	1	0	0	0
11	396.09	-0.38205	-6.8528	-0.38205	-6.8528	0	1	105	-3.1058	4.2473	-1	-12.106	3.2474	0	-7.3438	3	-1	1	1	0	0	0
11	412.67	-0.54291	-6.4024	-0.54291	-6.4024	0	1	105	-3.1058	4.2473	-1	-12.106	3.2474	0	-7.3438	3	-1	1	1	0	0	0
11	429.3	-0.70378	-5.8554	-0.70378	-5.8554	0	1	105	-3.1058	4.2473	-1	-12.106	3.2474	0	-7.3438	3	-1	1	1	0	0	0
11	445.87	-0.80432	-5.5659	-0.80432	-5.5659	0	1	105	-3.1058	4.2473	-1	-12.106	3.2474	0	-7.3438	3	-1	1	1	0	0	0
11	462.48	-1.0054	-4.9546	-1.0054	-4.9546	0	1	105	-3.1058	4.2473	-1	-12.106	3.2474	0	-7.3438	3	-1	1	1	0	0	0
11	479.06	-1.1059	-4.665	-1.1059	-4.665	0	2	105	-3.1058	4.2473	-1	-12.106	3.2474	0	-7.3438	3	-1	1	1	0	0	0
11	495.64	-1.3472	-4.0859	-1.3472	-4.0859	0	2	105	-3.1058	4.2473	-1	-12.106	3.2474	0	-7.3438	3	-1	1	1	0	1	0
11	512.23	-1.5885	-3.5068	-1.5885	-3.5068	0	2	105	-3.1058	4.2473	-1	-12.106	3.2474	0	-7.3438	3	-1	1	1	0	0	0
11	528.83	-1.8097	-2.9277	-1.8097	-2.9277	0	2	105	-3.1058	4.2473	-1	-12.106	3.2474	0	-7.3438	3	-1	1	1	0	0	0
11	545.46	-1.9102	-2.606	-1.9102	-2.606	0	2	105	-3.1058	4.2473	-1	-12.106	3.2474	0	-7.3438	3	-1	1	1	0	0	0
11	562.02	-2.0912	-1.9625	-2.0912	-1.9625	0	2	105	-3.1058	4.2473	-1	-12.106	3.2474	0	-7.3438	3	-1	1	1	0	0	0
11	578.63	-2.1918	-1.6408	-2.1918	-1.6408	0	2	105	-3.1058	4.2473	-1	-12.106	3.2474	0	-7.3438	3	-1	1	1	0	0	0
11	595.2	-2.3727	-1.0295	-2.3727	-1.0295	0	2	105	-3.1058	4.2473	-1	-12.106	3.2474	0	-7.3438	3	-1	1	1	0	0	0
11	611.8	-2.5537	-0.48259	-2.5537	-0.48259	0	2	105	-3.1058	4.2473	-1	-12.106	3.2474	0	-7.3438	3	-1	1	1	0	0	0
11	628.41	-2.7548	0	-2.7548	0	0	2	105	-3.1058	4.2473	-1	-12.106	3.2474	0	-7.3438	3	-1	1	1	0	0	0
11	644.95	-2.8553	0.22521	-2.8553	0.22521	0	2	105	-3.1058	4.2473	-1	-12.106	3.2474	0	-7.3438	3	-1	1	1	0	0	0
11	661.59	-3.0564	0.64345	-3.0564	0.64345	0	2	105	-3.1058	4.2473	-1	-12.106	3.2474	0	-7.3438	3	-1	1	1	0	0	0
11	678.23	-3.1569	0.83649	-3.1569	0.83649	0	2	105	-3.1058	4.2473	-1	-12.106	3.2474	0	-7.3438	3	-1	1	1	0	0	0
11	694.77	-3.3379	1.1904	-3.3379	1.1904	0	2	105	-3.1058	4.2473	-1	-12.106	3.2474	0	-7.3438	3	-1	1	1	0	0	0
11	711.35	-3.4586	1.5443	-3.4586	1.5443	0	2	105	-3.1058	4.2473	-1	-12.106	3.2474	0	-7.3438	3	-1	1	1	0	0	0
11	727.91	-3.5189	1.7051	-3.5189	1.7051	0	2	105	-3.1058	4.2473	-1	-12.106	3.2474	0	-7.3438	3	-1	1	1	0	0	0
11	744.57	-3.6395	1.9947	-3.6395	1.9947	0	2	105	-3.1058	4.2473	-1	-12.106	3.2474	0	-7.3438	3	-1	1	1	0	0	0
11	761.17	-3.72	2.1877	-3.72	2.1877	0	2	105	-3.1058	4.2473	-1	-12.106	3.2474	0	-7.3438	3	-1	1	1	0	0	0
11	777.77	-3.7401	2.2521	-3.7401	2.2521	0	2	105	-3.1058	4.2473	-1	-12.106	3.2474	0	-7.3438	3	-1	1	1	0	0	0
11	794.39	-3.7803	2.3808	-3.7803	2.3808	0	2	105	-3.1058	4.2473	-1	-12.106	3.2474	0	-7.3438	3	-1	1	0	0	0	0
11	810.94	-3.8004	2.4129	-3.8004	2.4129	0	2	105	-3.1058	4.2473	-1	-12.106	3.2474	0	-7.3438	3	-1	1	0	0	0	0
11	827.56	-3.8004	2.4773	-3.8004	2.4773	0	2	105	-3.1058	4.2473	-1	-12.106	3.2474	0	-7.3438	3	-1	1	0	0	0	0
11	844.12	-3.8205	2.4773	-3.8205	2.4773	0	2	105	-3.1058	4.2473	-1	-12.106	3.2474	0	-7.3438	3	-1	1	0	0	0	0
11	860.72	-3.8205	2.4773	-3.8205	2.4773	0	2	105	-3.1058	4.2473	-1	-12.106	3.2474	0	-7.3438	3	-1	1	0	0	0	0
11	877.37	-3.8205	2.4773	-3.8205	2.4773	0	3	105	-3.1058	4.2473	-1	-12.106	3.2474	0	-7.3438	3	-1	1	0	0	0	0
