0	6.1929	0.24129	-7.5284	0.24129	-7.5284	0	1	90	0	4.6562	1	9	3.6562	0	-7.3438	3	-1	1	0	0	0	0
0	23.054	0.24129	-7.5284	0.24129	-7.5284	0	1	90	0	4.6562	1	9	3.6562	0	-7.3438	3	-1	1	0	0	0	0
0	39.651	0.22119	-7.5284	0.22119	-7.5284	0	1	90	0	4.6562	1	9	3.6562	0	-7.3438	3	-1	1	0	0	0	0
0	56.194	0.22119	-7.5284	0.22119	-7.5284	0	1	90	0	4.6562	1	9	3.6562	0	-7.3438	3	-1	1	0	0	0	0
0	72.82	0.20108	-7.5284	0.20108	-7.5284	0	1	90	0	4.6562	1	9	3.6562	0	-7.3438	3	-1	1	0	0	0	0
0	89.451	0.20108	-7.5284	0.20108	-7.5284	0	1	90	0	4.6562	1	9	3.6562	0	-7.3438	3	-1	1	0	0	0	0
0	106.05	0.20108	-7.5284	0.20108	-7.5284	0	1	90	0	4.6562	1	9	3.6562	0	-7.3438	3	-1	1	0	0	0	0
0	122.69	0.18097	-7.5284	0.18097	-7.5284	0	1	90	0	4.6562	1	9	3.6562	0	-7.3438	3	-1	1	0	0	0	0
0	139.21	0.16086	-7.5284	0.16086	-7.5284	0	1	90	0	4.6562	1	9	3.6562	0	-7.3438	3	-1	1	0	0	0	0
0	155.82	0.14076	-7.5284	0.14076	-7.5284	0	1	90	0	4.6562	1	9	3.6562	0	-7.3438	3	-1	1	0	0	0	0
0	172.41	0.10054	-7.464	0.10054	-7.464	0	1	90	0	4.6562	1	9	3.6562	0	-7.3438	3	-1	1	0	0	0	0
0	189.03	0.060324	-7.3675	0.060324	-7.3675	0	1	90	0	4.6562	1	9	3.6562	0	-7.3438	3	-1	1	0	0	0	0
0	205.57	0.020108	-7.271	0.020108	-7.271	0	1	90	0	4.6562	1	9	3.6562	0	-7.3438	3	-1	1	0	0	0	0
0	222.2	0.020108	-7.2388	0.020108	-7.2388	0	1	90	0	4.6562	1	9	3.6562	0	-7.3438	3	-1	1	0	0	0	0
0	238.81	0	-7.2067	0	-7.2067	0	1	90	0	4.6562	1	9	3.6562	0	-7.3438	3	-1	1	0	0	0	0
0	255.52	0	-7.2067	0	-7.2067	0	1	90	0	4.6562	1	9	3.6562	0	-7.3438	3	-1	1	0	0	0	0
0	272.09	0.020108	-7.2388	0.020108	-7.2388	0	1	90	0	4.6562	1	9	3.6562	0	-7.3438	3	-1	1	0	0	0	0
0	288.66	0.020108	-7.271	0.020108	-7.271	0	1	90	0	4.6562	1	9	3.6562	0	-7.3438	3	-1	1	0	0	0	0
0	305.25	0.020108	-7.3032	0.020108	-7.3032	0	1	90	0	4.6562	1	9	3.6562	0	-7.3438	3	-1	1	0	0	0	0
0	321.87	0	-7.3354	0	-7.3354	0	1	90	0	4.6562	1	9	3.6562	0	-7.3438	3	-1	1	0	0	0	0
0	338.46	-0.020108	-7.3354	-0.020108	-7.3354	0	1	90	0	4.6562	1	9	3.6562	0	-7.3438	3	-1	1	0	0	0	0
0	355.06	-0.040216	-7.3675	-0.040216	-7.3675	0	1	90	0	4.6562	1	9	3.6562	0	-7.3438	3	-1	1	0	0	0	0
0	371.66	-0.060324	-7.3675	-0.060324	-7.3675	0	1	90	0	4.6562	1	9	3.6562	0	-7.3438	3	-1	1	0	0	0	0
0	388.24	-0.080432	-7.3675	-0.080432	-7.3675	0	1	90	0	4.6562	1	9	3.6562	0	-7.3438	3	-1	1	0	0	0	0
0	404.82	-0.060324	-7.3354	-0.060324	-7.3354	0	1	90	0	4.6562	1	9	3.6562	0	-7.3438	3	-1	1	0	0	0	0
0	421.4	-0.040216	-7.3032	-0.040216	-7.3032	0	1	90	0	4.6562	1	9	3.6562	0	-7.3438	3	-1	1	0	0	0	0
0	437.99	0	-7.2388	0	-7.2388	0	1	90	0	4.6562	1	9	3.6562	0	-7.3438	3	-1	1	0	0	0	0
0	454.62	0.020108	-7.2388	0.020108	-7.2388	0	1	90	0	4.6562	1	9	3.6562	0	-7.3438	3	-1	1	0	0	0	0
0	471.19	0.060324	-7.2067	0.060324	-7.2067	0	1	90	0	4.6562	1	9	3.6562	0	-7.3438	3	-1	1	0	0	0	0
0	487.8	0.060324	-7.2067	0.060324	-7.2067	0	1	90	0	4.6562	1	9	3.6562	0	-7.3438	3	-1	1	0	0	0	0
0	504.41	0.060324	-7.1745	0.060324	-7.1745	0	1	90	0	4.6562	1	9	3.6562	0	-7.3438	3	-1	1	0	0	0	0
0	520.98	0.060324	-7.1423	0.060324	-7.1423	0	1	90	0	4.6562	1	9	3.6562	0	-7.3438	3	-1	1	0	0	0	0
0	537.6	0.060324	-7.078	0.060324	-7.078	0	1	90	0	4.6562	1	9	3.6562	0	-7.3438	3	-1	1	0	0	0	0
0	554.2	0.040216	-7.078	0.040216	-7.078	0	1	90	0	4.6562	1	9	3.6562	0	-7.3438	3	-1	1	0	0	0	0
0	570.75	0.040216	-7.0136	0.040216	-7.0136	0	1	90	0	4.6562	1	9	3.6562	0	-7.3438	3	-1	1	0	0	0	0
0	587.35	0.040216	-6.9815	0.040216	-6.9815	0	1	90	0	4.6562	1	9	3.6562	0	-7.3438	3	-1	1	0	0	0	0
0	604.01	0.020108	-6.8849	0.020108	-6.8849	0	1	90	0	4.6562	1	9	3.6562	0	-7.3438	3	-1	1	0	0	0	0
0	620.56	0.020108	-6.8206	0.020108	-6.8206	0	1	90	0	4.6562	1	9	3.6562	0	-7.3438	3	-1	1	0	0	0	0
0	637.13	0	-6.7884	0	-6.7884	0	1	90	0	4.6562	1	9	3.6562	0	-7.3438	3	-1	1	0	0	0	0
0	653.69	-0.020108	-6.7241	-0.020108	-6.7241	0	1	90	0	4.6562	1	9	3.6562	0	-7.3438	3	-1	1	0	0	0	0
0	670.38	-0.020108	-6.7241	-0.020108	-6.7241	0	1	90	0	4.6562	1	9	3.6562	0	-7.3438	3	-1	1	0	0	0	0
0	686.96	-0.020108	-6.7241	-0.020108	-6.7241	0	1	90	0	4.6562	1	9	3.6562	0	-7.3438	3	-1	1	0	0	0	0
0	703.56	-0.040216	-6.7562	-0.040216	-6.7562	0	1	90	0	4.6562	1	9	3.6562	0	-7.3438	3	-1	1	0	0	0	0
0	720.18	-0.040216	-6.8206	-0.040216	-6.8206	0	1	90	0	4.6562	1	9	3.6562	0	-7.3438	3	-1	1	0	0	0	0
0	736.84	-0.060324	-6.8528	-0.060324	-6.8528	0	1	90	0	4.6562	1	9	3.6562	0	-7.3438	3	-1	1	0	0	0	0
0	753.42	-0.060324	-6.9493	-0.060324	-6.9493	0	1	90	0	4.6562	1	9	3.6562	0	-7.3438	3	-1	1	0	0	0	0
0	770.09	-0.060324	-7.078	-0.060324	-7.078	0	1	90	0	4.6562	1	9	3.6562	0	-7.3438	3	-1	1	0	0	0	0
0	786.67	-0.040216	-7.1423	-0.040216	-7.1423	0	1	90	0	4.6562	1	9	3.6562	0	-7.3438	3	-1	1	0	0	0	0
0	803.11	0	-7.2388	0	-7.2388	0	1	90	0	4.6562	1	9	3.6562	0	-7.3438	3	-1	1	0	0	0	0
0	819.81	0.040216	-7.3354	0.040216	-7.3354	0	1	90	0	4.6562	1	9	3.6562	0	-7.3438	3	-1	1	0	0	0	0
0	836.37	0.060324	-7.3675	0.060324	-7.3675	0	1	90	0	4.6562	1	9	3.6562	0	-7.3438	3	-1	1	0	0	0	0
0	852.97	0.10054	-7.464	0.10054	-7.464	0	1	90	0	4.6562	1	9	3.6562	0	-7.3438	3	-1	1	0	0	0	0
0	869.56	0.10054	-7.5284	0.10054	-7.5284	0	1	90	0	4.6562	1	9	3.6562	0	-7.3438	3	-1	1	0	0	0	0
0	886.21	0.12065	-7.5284	0.12065	-7.5284	0	1	90	0	4.6562	1	9	3.6562	0	-7.3438	3	-1	1	0	0	0	0
0	902.83	0.12065	-7.5284	0.12065	-7.5284	0	1	90	0	4.6562	1	9	3.6562	0	-7.3438	3	-1	1	0	0	0	0
0	919.3	0.12065	-7.5284	0.12065	-7.5284	0	1	90	0	4.6562	1	9	3.6562	0	-7.3438	3	-1	1	0	0	0	0
0	935.94	0.12065	-7.5284	0.12065	-7.5284	0	1	90	0	4.6562	1	9	3.6562	0	-7.3438	3	-1	1	0	0	0	0
0	952.53	0.12065	-7.5284	0.12065	-7.5284	0	1	90	0	4.6562	1	9	3.6562	0	-7.3438	3	-1	1	0	0	0	0
0	969.12	0.12065	-7.5284	0.12065	-7.5284	0	1	90	0	4.6562	1	9	3.6562	0	-7.3438	3	-1	1	0	0	0	0
0	985.69	0.12065	-7.5284	0.12065	-7.5284	0	1	90	0	4.6562	1	9	3.6562	0	-7.3438	3	-1	1	0	0	0	0
0	1002.3	0.12065	-7.5284	0.12065	-7.5284	0	1	90	0	4.6562	1	9	3.6562	0	-7.3438	3	-1	1	0	0	0	0
0	1018.9	0.12065	-7.4962	0.12065	-7.4962	0	1	90	0	4.6562	1	9	3.6562	0	-7.3438	3	-1	1	0	0	0	0
0	1035.5	0.12065	-7.4962	0.12065	-7.4962	0	1	90	0	4.6562	1	9	3.6562	0	-7.3438	3	-1	1	0	0	0	0
0	1052.1	0.12065	-7.4962	0.12065	-7.4962	0	1	90	0	4.6562	1	9	3.6562	0	-7.3438	3	-1	1	0	0	0	0
0	1068.7	0.12065	-7.4962	0.12065	-7.4962	0	1	90	0	4.6562	1	9	3.6562	0	-7.3438	3	-1	1	0	0	0	0
0	1085.3	0.12065	-7.464	0.12065	-7.464	0	1	90	0	4.6562	1	9	3.6562	0	-7.3438	3	-1	1	0	0	0	0
0	1101.9	0.12065	-7.464	0.12065	-7.464	0	1	90	0	4.6562	1	9	3.6562	0	-7.3438	3	-1	1	0	0	0	0
0	1118.6	0.12065	-7.464	0.12065	-7.464	0	1	90	0	4.6562	1	9	3.6562	0	-7.3438	3	-1	1	0	0	0	0
0	1135.1	0.12065	-7.4319	0.12065	-7.4319	0	1	90	0	4.6562	1	9	3.6562	0	-7.3438	3	-1	1	0	0	0	0
0	1151.7	0.12065	-7.4319	0.12065	-7.4319	0	1	90	0	4.6562	1	9	3.6562	0	-7.3438	3	-1	1	0	0	0	0
0	1168.2	0.12065	-7.4319	0.12065	-7.4319	0	1	90	0	4.6562	1	9	3.6562	0	-7.3438	3	-1	1	0	0	0	0
0	1184.8	0.12065	-7.4319	0.12065	-7.4319	0	1	90	0	4.6562	1	9	3.6562	0	-7.3438	3	-1	1	0	0	0	0
0	1201.4	0.12065	-7.4319	0.12065	-7.4319	0	1	90	0	4.6562	1	9	3.6562	0	-7.3438	3	-1	1	0	0	0	0
0	1218	0.12065	-7.4319	0.12065	-7.4319	0	1	90	0	4.6562	1	9	3.6562	0	-7.3438	3	-1	1	0	0	0	0
0	1234.6	0.12065	-7.4319	0.12065	-7.4319	0	1	90	0	4.6562	1	9	3.6562	0	-7.3438	3	-1	1	0	0	0	0
0	1251.5	0.12065	-7.4319	0.12065	-7.4319	0	1	90	0	4.6562	1	9	3.6562	0	-7.3438	3	-1	1	0	0	0	0
0	1267.8	0.10054	-7.4319	0.10054	-7.4319	0	1	90	0	4.6562	1	9	3.6562	0	-7.3438	3	-1	1	1	0	0	0
0	1284.4	0.10054	-7.3997	0.10054	-7.3997	0	1	90	0	4.6562	1	9	3.6562	0	-7.3438	3	-1	1	1	0	0	0
0	1301	0.060324	-7.3675	0.060324	-7.3675	0	1	90	0	4.6562	1	9	3.6562	0	-7.3438	3	-1	1	1	0	0	0
0	1317.6	0	-7.271	0	-7.271	0	1	90	0	4.6562	1	9	3.6562	0	-7.3438	3	-1	1	1	0	0	0
0	1334.2	-0.040216	-7.1745	-0.040216	-7.1745	0	1	90	0	4.6562	1	9	3.6562	0	-7.3438	3	-1	1	1	0	0	0
0	1350.8	-0.12065	-6.9171	-0.12065	-6.9171	0	1	90	0	4.6562	1	9	3.6562	0	-7.3438	3	-1	1	1	0	0	0
0	1367.4	-0.16086	-6.7241	-0.16086	-6.7241	0	1	90	0	4.6562	1	9	3.6562	0	-7.3438	3	-1	1	1	0	0	0
0	1384	-0.2614	-6.2737	-0.2614	-6.2737	0	1	90	0	4.6562	1	9	3.6562	0	-7.3438	3	-1	1	1	0	0	0
0	1400.6	-0.32173	-5.7589	-0.32173	-5.7589	0	1	90	0	4.6562	1	9	3.6562	0	-7.3438	3	-1	1	1	0	0	0
0	1417.2	-0.36194	-5.5015	-0.36194	-5.5015	0	1	90	0	4.6562	1	9	3.6562	0	-7.3438	3	-1	1	1	0	0	0
0	1433.8	-0.42227	-4.9546	-0.42227	-4.9546	0	1	90	0	4.6562	1	9	3.6562	0	-7.3438	3	-1	1	1	0	0	0
0	1450.3	-0.48259	-4.4076	-0.48259	-4.4076	0	2	90	0	4.6562	1	9	3.6562	0	-7.3438	3	-1	1	1	0	0	0
0	1467	-0.5027	-4.1181	-0.5027	-4.1181	0	2	90	0	4.6562	1	9	3.6562	0	-7.3438	3	-1	1	1	0	0	0
0	1483.5	-0.58313	-3.539	-0.58313	-3.539	0	2	90	0	4.6562	1	9	3.6562	0	-7.3438	3	-1	1	1	0	0	0
0	1500.1	-0.62334	-2.9599	-0.62334	-2.9599	0	2	90	0	4.6562	1	9	3.6562	0	-7.3438	3	-1	1	1	0	0	0
0	1516.7	-0.64345	-2.6703	-0.64345	-2.6703	0	2	90	0	4.6562	1	9	3.6562	0	-7.3438	3	-1	1	1	0	0	0
0	1533.3	-0.66356	-2.0912	-0.66356	-2.0912	0	2	90	0	4.6562	1	9	3.6562	0	-7.3438	3	-1	1	1	0	1	0
0	1549.9	-0.62334	-1.4478	-0.62334	-1.4478	0	2	90	0	4.6562	1	9	3.6562	0	-7.3438	3	-1	1	1	0	0	0
0	1566.6	-0.60324	-1.126	-0.60324	-1.126	0	2	90	0	4.6562	1	9	3.6562	0	-7.3438	3	-1	1	1	0	0	0
0	1583.1	-0.54291	-0.51476	-0.54291	-0.51476	0	2	90	0	4.6562	1	9	3.6562	0	-7.3438	3	-1	1	1	0	0	0
0	1599.7	-0.5027	-0.22521	-0.5027	-0.22521	0	2	90	0	4.6562	1	9	3.6562	0	-7.3438	3	-1	1	1	0	0	0
0	1616.3	-0.42227	0.3539	-0.42227	0.3539	0	2	90	0	4.6562	1	9	3.6562	0	-7.3438	3	-1	1	1	0	0	0
0	1632.9	-0.32173	0.90083	-0.32173	0.90083	0	2	90	0	4.6562	1	9	3.6562	0	-7.3438	3	-1	1	1	0	0	0
0	1649.5	-0.22119	1.3834	-0.22119	1.3834	0	2	90	0	4.6562	1	9	3.6562	0	-7.3438	3	-1	1	1	0	0	0
0	1666	-0.18097	1.6086	-0.18097	1.6086	0	2	90	0	4.6562	1	9	3.6562	0	-7.3438	3	-1	1	1	0	0	0
0	1682.7	-0.10054	2.0269	-0.10054	2.0269	0	2	90	0	4.6562	1	9	3.6562	0	-7.3438	3	-1	1	1	0	0	0
0	1699.3	-0.060324	2.2199	-0.060324	2.2199	0	2	90	0	4.6562	1	9	3.6562	0	-7.3438	3	-1	1	1	0	0	0
0	1715.8	0.020108	2.5416	0.020108	2.5416	0	2	90	0	4.6562	1	9	3.6562	0	-7.3438	3	-1	1	1	0	0	0
0	1732.5	0.10054	2.8312	0.10054	2.8312	0	2	90	0	4.6562	1	9	3.6562	0	-7.3438	3	-1	1	1	0	0	0
0	1749.1	0.16086	3.0886	0.16086	3.0886	0	2	90	0	4.6562	1	9	3.6562	0	-7.3438	3	-1	1	1	0	0	0
0	1765.7	0.18097	3.1851	0.18097	3.1851	0	2	90	0	4.6562	1	9	3.6562	0	-7.3438	3	-1	1	1	0	0	0
0	1782.2	0.24129	3.3781	0.24129	3.3781	0	2	90	0	4.6562	1	9	3.6562	0	-7.3438	3	-1	1	1	0	0	0
0	1798.8	0.28151	3.4425	0.28151	3.4425	0	2	90	0	4.6562	1	9	3.6562	0	-7.3438	3	-1	1	1	0	0	0
0	1815.5	0.34183	3.6355	0.34183	3.6355	0	2	90	0	4.6562	1	9	3.6562	0	-7.3438	3	-1	1	1	0	0	0
0	1832.1	0.44237	3.7964	0.44237	3.7964	0	2	90	0	4.6562	1	9	3.6562	0	-7.3438	3	-1	1	1	0	0	0
0	1848.6	0.48259	3.8607	0.48259	3.8607	0	2	90	0	4.6562	1	9	3.6562	0	-7.3438	3	-1	1	1	0	0	0
0	1865.2	0.58313	4.0216	0.58313	4.0216	0	2	90	0	4.6562	1	9	3.6562	0	-7.3438	3	-1	1	1	0	0	0
0	1881.8	0.68367	4.1181	0.68367	4.1181	0	2	90	0	4.6562	1	9	3.6562	0	-7.3438	3	-1	1	1	0	0	0
0	1898.4	0.74399	4.1824	0.74399	4.1824	0	2	90	0	4.6562	1	9	3.6562	0	-7.3438	3	-1	1	1	0	0	0
0	1915.1	0.82442	4.279	0.82442	4.279	0	2	90	0	4.6562	1	9	3.6562	0	-7.3438	3	-1	1	1	0	0	0
0	1931.6	0.92496	4.3755	0.92496	4.3755	0	3	90	0	4.6562	1	9	3.6562	0	-7.3438	3	-1	1	0	0	0	0
1	29.98	0.080432	-7.5284	0.080432	-7.5284	0	1	75	3.1058	4.2473	1	12.106	3.2474	0	-7.3438	3	-1	1	0	0	0	0
1	46.573	0.080432	-7.5606	0.080432	-7.5606	0	1	75	3.1058	4.2473	1	12.106	3.2474	0	-7.3438	3	-1	1	0	0	0	0
1	63.206	0.080432	-7.5606	0.080432	-7.5606	0	1	75	3.1058	4.2473	1	12.106	3.2474	0	-7.3438	3	-1	1	0	0	0	0
1	79.797	0.080432	-7.5606	0.080432	-7.5606	0	1	75	3.1058	4.2473	1	12.106	3.2474	0	-7.3438	3	-1	1	0	0	0	0
1	96.364	0.10054	-7.5606	0.10054	-7.5606	0	1	75	3.1058	4.2473	1	12.106	3.2474	0	-7.3438	3	-1	1	0	0	0	0
1	112.97	0.10054	-7.5606	0.10054	-7.5606	0	1	75	3.1058	4.2473	1	12.106	3.2474	0	-7.3438	3	-1	1	0	0	0	0
1	129.54	0.10054	-7.5606	0.10054	-7.5606	0	1	75	3.1058	4.2473	1	12.106	3.2474	0	-7.3438	3	-1	1	0	0	0	0
1	146.13	0.10054	-7.5606	0.10054	-7.5606	0	1	75	3.1058	4.2473	1	12.106	3.2474	0	-7.3438	3	-1	1	0	0	0	0
1	162.73	0.10054	-7.5606	0.10054	-7.5606	0	1	75	3.1058	4.2473	1	12.106	3.2474	0	-7.3438	3	-1	1	0	0	0	0
1	179.31	0.10054	-7.5606	0.10054	-7.5606	0	1	75	3.1058	4.2473	1	12.106	3.2474	0	-7.3438	3	-1	1	0	0	0	0
1	195.95	0.10054	-7.5284	0.10054	-7.5284	0	1	75	3.1058	4.2473	1	12.106	3.2474	0	-7.3438	3	-1	1	0	0	0	0
1	212.56	0.10054	-7.5284	0.10054	-7.5284	0	1	75	3.1058	4.2473	1	12.106	3.2474	0	-7.3438	3	-1	1	0	0	0	0
1	229.12	0.10054	-7.5284	0.10054	-7.5284	0	1	75	3.1058	4.2473	1	12.106	3.2474	0	-7.3438	3	-1	1	0	0	0	0
1	245.67	0.10054	-7.5284	0.10054	-7.5284	0	1	75	3.1058	4.2473	1	12.106	3.2474	0	-7.3438	3	-1	1	0	0	0	0
1	262.29	0.10054	-7.5284	0.10054	-7.5284	0	1	75	3.1058	4.2473	1	12.106	3.2474	0	-7.3438	3	-1	1	0	0	0	0
1	278.91	0.10054	-7.5284	0.10054	-7.5284	0	1	75	3.1058	4.2473	1	12.106	3.2474	0	-7.3438	3	-1	1	0	0	0	0
1	295.48	0.10054	-7.5284	0.10054	-7.5284	0	1	75	3.1058	4.2473	1	12.106	3.2474	0	-7.3438	3	-1	1	0	0	0	0
1	312.11	0.10054	-7.4962	0.10054	-7.4962	0	1	75	3.1058	4.2473	1	12.106	3.2474	0	-7.3438	3	-1	1	0	0	0	0
1	328.67	0.10054	-7.464	0.10054	-7.464	0	1	75	3.1058	4.2473	1	12.106	3.2474	0	-7.3438	3	-1	1	0	0	0	0
1	345.25	0.060324	-7.3354	0.060324	-7.3354	0	1	75	3.1058	4.2473	1	12.106	3.2474	0	-7.3438	3	-1	1	1	0	0	0
1	361.82	0.020108	-7.078	0.020108	-7.078	0	1	75	3.1058	4.2473	1	12.106	3.2474	0	-7.3438	3	-1	1	1	0	0	0
1	378.48	-0.020108	-6.6919	-0.020108	-6.6919	0	1	75	3.1058	4.2473	1	12.106	3.2474	0	-7.3438	3	-1	1	1	0	0	0
1	395.08	-0.040216	-6.4667	-0.040216	-6.4667	0	1	75	3.1058	4.2473	1	12.106	3.2474	0	-7.3438	3	-1	1	1	0	0	0
1	411.69	-0.040216	-5.9841	-0.040216	-5.9841	0	1	75	3.1058	4.2473	1	12.106	3.2474	0	-7.3438	3	-1	1	1	0	0	0
1	428.26	-0.020108	-5.7267	-0.020108	-5.7267	0	1	75	3.1058	4.2473	1	12.106	3.2474	0	-7.3438	3	-1	1	1	0	0	0
1	444.83	0.020108	-5.1798	0.020108	-5.1798	0	1	75	3.1058	4.2473	1	12.106	3.2474	0	-7.3438	3	-1	1	1	0	0	0
1	461.35	0.10054	-4.5685	0.10054	-4.5685	0	2	75	3.1058	4.2473	1	12.106	3.2474	0	-7.3438	3	-1	1	1	0	0	0
1	478.01	0.22119	-3.9251	0.22119	-3.9251	0	2	75	3.1058	4.2473	1	12.106	3.2474	0	-7.3438	3	-1	1	1	0	0	0
1	494.62	0.30162	-3.6033	0.30162	-3.6033	0	2	75	3.1058	4.2473	1	12.106	3.2474	0	-7.3438	3	-1	1	1	0	0	0
1	511.23	0.44237	-2.9921	0.44237	-2.9921	0	2	75	3.1058	4.2473	1	12.106	3.2474	0	-7.3438	3	-1	1	1	0	0	0
1	527.8	0.52281	-2.6703	0.52281	-2.6703	0	2	75	3.1058	4.2473	1	12.106	3.2474	0	-7.3438	3	-1	1	1	0	0	0
1	544.43	0.72388	-2.059	0.72388	-2.059	0	2	75	3.1058	4.2473	1	12.106	3.2474	0	-7.3438	3	-1	1	1	0	1	0
1	560.99	0.92496	-1.4478	0.92496	-1.4478	0	2	75	3.1058	4.2473	1	12.106	3.2474	0	-7.3438	3	-1	1	1	0	0	0
1	577.57	1.126	-0.83649	1.126	-0.83649	0	2	75	3.1058	4.2473	1	12.106	3.2474	0	-7.3438	3	-1	1	1	0	0	0
1	594.18	1.2266	-0.54693	1.2266	-0.54693	0	2	75	3.1058	4.2473	1	12.106	3.2474	0	-7.3438	3	-1	1	1	0	0	0
1	610.8	1.4076	0.032173	1.4076	0.032173	0	2	75	3.1058	4.2473	1	12.106	3.2474	0	-7.3438	3	-1	1	1	0	0	0
1	627.36	1.488	0.28955	1.488	0.28955	0	2	75	3.1058	4.2473	1	12.106	3.2474	0	-7.3438	3	-1	1	1	0	0	0
1	643.96	1.6488	0.80432	1.6488	0.80432	0	2	75	3.1058	4.2473	1	12.106	3.2474	0	-7.3438	3	-1	1	1	0	0	0
1	660.58	1.7896	1.2869	1.7896	1.2869	0	2	75	3.1058	4.2473	1	12.106	3.2474	0	-7.3438	3	-1	1	1	0	0	0
1	677.15	1.87	1.5121	1.87	1.5121	0	2	75	3.1058	4.2473	1	12.106	3.2474	0	-7.3438	3	-1	1	1	0	0	0
1	693.74	1.9907	1.9304	1.9907	1.9304	0	2	75	3.1058	4.2473	1	12.106	3.2474	0	-7.3438	3	-1	1	1	0	0	0
1	710.31	2.1113	2.3486	2.1113	2.3486	0	2	75	3.1058	4.2473	1	12.106	3.2474	0	-7.3438	3	-1	1	1	0	0	0
1	726.88	2.1515	2.5416	2.1515	2.5416	0	2	75	3.1058	4.2473	1	12.106	3.2474	0	-7.3438	3	-1	1	1	0	0	0
1	743.44	2.2521	2.9277	2.2521	2.9277	0	2	75	3.1058	4.2473	1	12.106	3.2474	0	-7.3438	3	-1	1	1	0	0	0
1	760.12	2.3526	3.2816	2.3526	3.2816	0	2	75	3.1058	4.2473	1	12.106	3.2474	0	-7.3438	3	-1	1	1	0	0	0
1	776.7	2.3727	3.4103	2.3727	3.4103	0	2	75	3.1058	4.2473	1	12.106	3.2474	0	-7.3438	3	-1	1	1	0	0	0
1	793.26	2.4331	3.6677	2.4331	3.6677	0	2	75	3.1058	4.2473	1	12.106	3.2474	0	-7.3438	3	-1	1	1	0	0	0
1	809.92	2.4733	3.8607	2.4733	3.8607	0	2	75	3.1058	4.2473	1	12.106	3.2474	0	-7.3438	3	-1	1	1	0	0	0
1	826.5	2.4934	3.9572	2.4934	3.9572	0	2	75	3.1058	4.2473	1	12.106	3.2474	0	-7.3438	3	-1	1	1	0	0	0
1	843.09	2.5135	4.0859	2.5135	4.0859	0	2	75	3.1058	4.2473	1	12.106	3.2474	0	-7.3438	3	-1	1	1	0	0	0
1	859.72	2.5135	4.1181	2.5135	4.1181	0	2	75	3.1058	4.2473	1	12.106	3.2474	0	-7.3438	3	-1	1	1	0	0	0
1	876.32	2.5135	4.1824	2.5135	4.1824	0	2	75	3.1058	4.2473	1	12.106	3.2474	0	-7.3438	3	-1	1	1	0	0	0
1	892.9	2.5135	4.2468	2.5135	4.2468	0	2	75	3.1058	4.2473	1	12.106	3.2474	0	-7.3438	3	-1	1	0	0	0	0
1	909.44	2.4934	4.279	2.4934	4.279	0	2	75	3.1058	4.2473	1	12.106	3.2474	0	-7.3438	3	-1	1	0	0	0	0
1	926.06	2.4934	4.3111	2.4934	4.3111	0	3	75	3.1058	4.2473	1	12.106	3.2474	0	-7.3438	3	-1	1	0	0	0	0
2	30.973	0.44237	-7.4319	0.44237	-7.4319	0	1	105	-3.1058	4.2473	1	5.8942	3.2474	0	-7.3438	3	-1	1	0	0	0	1
2	47.604	0.44237	-7.4319	0.44237	-7.4319	0	1	105	-3.1058	4.2473	1	5.8942	3.2474	0	-7.3438	3	-1	1	0	0	0	1
2	64.176	0.44237	-7.4319	0.44237	-7.4319	0	1	105	-3.1058	4.2473	1	5.8942	3.2474	0	-7.3438	3	-1	1	0	0	0	1
2	80.789	0.44237	-7.4319	0.44237	-7.4319	0	1	105	-3.1058	4.2473	1	5.8942	3.2474	0	-7.3438	3	-1	1	0	0	0	1
2	97.367	0.44237	-7.4319	0.44237	-7.4319	0	1	105	-3.1058	4.2473	1	5.8942	3.2474	0	-7.3438	3	-1	1	0	0	0	1
2	113.92	0.44237	-7.4319	0.44237	-7.4319	0	1	105	-3.1058	4.2473	1	5.8942	3.2474	0	-7.3438	3	-1	1	0	0	0	1
2	130.54	0.44237	-7.4319	0.44237	-7.4319	0	1	105	-3.1058	4.2473	1	5.8942	3.2474	0	-7.3438	3	-1	1	0	0	0	1
2	147.16	0.44237	-7.4319	0.44237	-7.4319	0	1	105	-3.1058	4.2473	1	5.8942	3.2474	0	-7.3438	3	-1	1	0	0	0	1
2	163.7	0.44237	-7.4319	0.44237	-7.4319	0	1	105	-3.1058	4.2473	1	5.8942	3.2474	0	-7.3438	3	-1	1	0	0	0	1
2	180.34	0.44237	-7.4319	0.44237	-7.4319	0	1	105	-3.1058	4.2473	1	5.8942	3.2474	0	-7.3438	3	-1	1	0	0	0	1
2	196.92	0.44237	-7.4319	0.44237	-7.4319	0	1	105	-3.1058	4.2473	1	5.8942	3.2474	0	-7.3438	3	-1	1	0	0	0	1
2	213.49	0.42227	-7.4319	0.42227	-7.4319	0	1	105	-3.1058	4.2473	1	5.8942	3.2474	0	-7.3438	3	-1	1	0	0	0	1
2	230.11	0.42227	-7.4319	0.42227	-7.4319	0	1	105	-3.1058	4.2473	1	5.8942	3.2474	0	-7.3438	3	-1	1	0	0	0	1
2	246.66	0.40216	-7.3997	0.40216	-7.3997	0	1	105	-3.1058	4.2473	1	5.8942	3.2474	0	-7.3438	3	-1	1	0	0	0	1
2	263.21	0.38205	-7.3675	0.38205	-7.3675	0	1	105	-3.1058	4.2473	1	5.8942	3.2474	0	-7.3438	3	-1	1	0	0	0	1
2	279.9	0.32173	-7.3032	0.32173	-7.3032	0	1	105	-3.1058	4.2473	1	5.8942	3.2474	0	-7.3438	3	-1	1	0	0	0	1
2	296.49	0.24129	-7.1101	0.24129	-7.1101	0	1	105	-3.1058	4.2473	1	5.8942	3.2474	0	-7.3438	3	-1	1	0	0	0	1
2	313.06	0.20108	-6.9815	0.20108	-6.9815	0	1	105	-3.1058	4.2473	1	5.8942	3.2474	0	-7.3438	3	-1	1	1	0	0	1
2	329.67	0.10054	-6.6597	0.10054	-6.6597	0	1	105	-3.1058	4.2473	1	5.8942	3.2474	0	-7.3438	3	-1	1	1	0	0	1
2	346.26	-0.020108	-6.2415	-0.020108	-6.2415	0	1	105	-3.1058	4.2473	1	5.8942	3.2474	0	-7.3438	3	-1	1	1	0	0	1
2	362.82	-0.080432	-5.9841	-0.080432	-5.9841	0	1	105	-3.1058	4.2473	1	5.8942	3.2474	0	-7.3438	3	-1	1	1	0	0	1
2	379.46	-0.24129	-5.5015	-0.24129	-5.5015	0	1	105	-3.1058	4.2473	1	5.8942	3.2474	0	-7.3438	3	-1	1	1	0	0	1
2	396.07	-0.44237	-4.9868	-0.44237	-4.9868	0	1	105	-3.1058	4.2473	1	5.8942	3.2474	0	-7.3438	3	-1	1	1	0	0	1
2	412.67	-0.54291	-4.7294	-0.54291	-4.7294	0	2	105	-3.1058	4.2473	1	5.8942	3.2474	0	-7.3438	3	-1	1	1	0	0	1
2	429.25	-0.7641	-4.1503	-0.7641	-4.1503	0	2	105	-3.1058	4.2473	1	5.8942	3.2474	0	-7.3438	3	-1	1	1	0	0	1
2	445.79	-1.0054	-3.6033	-1.0054	-3.6033	0	2	105	-3.1058	4.2473	1	5.8942	3.2474	0	-7.3438	3	-1	1	1	0	0	1
2	462.39	-1.1461	-3.3138	-1.1461	-3.3138	0	2	105	-3.1058	4.2473	1	5.8942	3.2474	0	-7.3438	3	-1	1	1	0	0	1
2	479.02	-1.4478	-2.799	-1.4478	-2.799	0	2	105	-3.1058	4.2473	1	5.8942	3.2474	0	-7.3438	3	-1	1	1	0	0	1
2	495.63	-1.7896	-2.2843	-1.7896	-2.2843	0	2	105	-3.1058	4.2473	1	5.8942	3.2474	0	-7.3438	3	-1	1	1	0	0	1
2	512.23	-1.9706	-2.059	-1.9706	-2.059	0	2	105	-3.1058	4.2473	1	5.8942	3.2474	0	-7.3438	3	-1	1	1	0	0	1
2	528.8	-2.3124	-1.5443	-2.3124	-1.5443	0	2	105	-3.1058	4.2473	1	5.8942	3.2474	0	-7.3438	3	-1	1	1	0	0	1
2	545.41	-2.4934	-1.2869	-2.4934	-1.2869	0	2	105	-3.1058	4.2473	1	5.8942	3.2474	0	-7.3438	3	-1	1	1	0	0	1
2	561.98	-2.8352	-0.80432	-2.8352	-0.80432	0	2	105	-3.1058	4.2473	1	5.8942	3.2474	0	-7.3438	3	-1	1	1	0	1	1
2	578.57	-3.1569	-0.28955	-3.1569	-0.28955	0	2	105	-3.1058	4.2473	1	5.8942	3.2474	0	-7.3438	3	-1	1	1	0	0	1
2	595.16	-3.4586	0.22521	-3.4586	0.22521	0	2	105	-3.1058	4.2473	1	5.8942	3.2474	0	-7.3438	3	-1	1	1	0	0	1
2	611.72	-3.5993	0.51476	-3.5993	0.51476	0	2	105	-3.1058	4.2473	1	5.8942	3.2474	0	-7.3438	3	-1	1	1	0	0	1
2	628.39	-3.8607	1.0617	-3.8607	1.0617	0	2	105	-3.1058	4.2473	1	5.8942	3.2474	0	-7.3438	3	-1	1	1	0	0	1
2	644.98	-3.9814	1.3191	-3.9814	1.3191	0	2	105	-3.1058	4.2473	1	5.8942	3.2474	0	-7.3438	3	-1	1	1	0	0	1
2	661.54	-4.1824	1.8338	-4.1824	1.8338	0	2	105	-3.1058	4.2473	1	5.8942	3.2474	0	-7.3438	3	-1	1	1	0	0	1
2	678.13	-4.3634	2.2843	-4.3634	2.2843	0	2	105	-3.1058	4.2473	1	5.8942	3.2474	0	-7.3438	3	-1	1	1	0	0	1
2	694.77	-4.5042	2.7025	-4.5042	2.7025	0	2	105	-3.1058	4.2473	1	5.8942	3.2474	0	-7.3438	3	-1	1	1	0	0	1
2	711.36	-4.5846	2.8955	-4.5846	2.8955	0	2	105	-3.1058	4.2473	1	5.8942	3.2474	0	-7.3438	3	-1	1	1	0	0	1
2	727.94	-4.6851	3.2494	-4.6851	3.2494	0	2	105	-3.1058	4.2473	1	5.8942	3.2474	0	-7.3438	3	-1	1	1	0	0	1
2	744.55	-4.7254	3.4103	-4.7254	3.4103	0	2	105	-3.1058	4.2473	1	5.8942	3.2474	0	-7.3438	3	-1	1	1	0	0	1
2	761.13	-4.8058	3.6355	-4.8058	3.6355	0	2	105	-3.1058	4.2473	1	5.8942	3.2474	0	-7.3438	3	-1	1	1	0	0	1
2	777.66	-4.8661	3.8285	-4.8661	3.8285	0	2	105	-3.1058	4.2473	1	5.8942	3.2474	0	-7.3438	3	-1	1	1	0	0	1
2	794.29	-4.9264	3.9572	-4.9264	3.9572	0	2	105	-3.1058	4.2473	1	5.8942	3.2474	0	-7.3438	3	-1	1	1	0	0	1
2	810.9	-4.9465	4.0216	-4.9465	4.0216	0	2	105	-3.1058	4.2473	1	5.8942	3.2474	0	-7.3438	3	-1	1	1	0	0	1
2	827.53	-4.9868	4.1181	-4.9868	4.1181	0	2	105	-3.1058	4.2473	1	5.8942	3.2474	0	-7.3438	3	-1	1	1	0	0	1
2	844.07	-4.9868	4.1503	-4.9868	4.1503	0	2	105	-3.1058	4.2473	1	5.8942	3.2474	0	-7.3438	3	-1	1	1	0	0	1
2	860.7	-5.0069	4.2146	-5.0069	4.2146	0	2	105	-3.1058	4.2473	1	5.8942	3.2474	0	-7.3438	3	-1	1	1	0	0	1
2	877.27	-5.027	4.2468	-5.027	4.2468	0	2	105	-3.1058	4.2473	1	5.8942	3.2474	0	-7.3438	3	-1	1	0	0	0	1
2	893.86	-5.027	4.279	-5.027	4.279	0	2	105	-3.1058	4.2473	1	5.8942	3.2474	0	-7.3438	3	-1	1	0	0	0	1
2	910.45	-5.027	4.279	-5.027	4.279	0	3	105	-3.1058	4.2473	1	5.8942	3.2474	0	-7.3438	3	-1	1	0	0	0	1
3	31.127	0.70378	-7.3354	0.70378	-7.3354	0	1	75	3.1058	4.2473	1	12.106	3.2474	0	-7.3438	3	-1	1	0	0	0	0
3	47.719	0.70378	-7.3032	0.70378	-7.3032	0	1	75	3.1058	4.2473	1	12.106	3.2474	0	-7.3438	3	-1	1	0	0	0	0
3	64.284	0.70378	-7.3354	0.70378	-7.3354	0	1	75	3.1058	4.2473	1	12.106	3.2474	0	-7.3438	3	-1	1	0	0	0	0
3	80.852	0.70378	-7.3032	0.70378	-7.3032	0	1	75	3.1058	4.2473	1	12.106	3.2474	0	-7.3438	3	-1	1	0	0	0	0
3	97.426	0.70378	-7.3032	0.70378	-7.3032	0	1	75	3.1058	4.2473	1	12.106	3.2474	0	-7.3438	3	-1	1	0	0	0	0
3	114.04	0.68367	-7.3032	0.68367	-7.3032	0	1	75	3.1058	4.2473	1	12.106	3.2474	0	-7.3438	3	-1	1	0	0	0	0
3	130.69	0.66356	-7.3032	0.66356	-7.3032	0	1	75	3.1058	4.2473	1	12.106	3.2474	0	-7.3438	3	-1	1	0	0	0	0
3	147.28	0.64345	-7.3354	0.64345	-7.3354	0	1	75	3.1058	4.2473	1	12.106	3.2474	0	-7.3438	3	-1	1	0	0	0	0
3	163.87	0.60324	-7.3032	0.60324	-7.3032	0	1	75	3.1058	4.2473	1	12.106	3.2474	0	-7.3438	3	-1	1	0	0	0	0
3	180.41	0.58313	-7.271	0.58313	-7.271	0	1	75	3.1058	4.2473	1	12.106	3.2474	0	-7.3438	3	-1	1	0	0	0	0
3	197.01	0.48259	-7.1423	0.48259	-7.1423	0	1	75	3.1058	4.2473	1	12.106	3.2474	0	-7.3438	3	-1	1	0	0	0	0
3	213.63	0.38205	-6.8849	0.38205	-6.8849	0	1	75	3.1058	4.2473	1	12.106	3.2474	0	-7.3438	3	-1	1	0	0	0	0
3	230.22	0.34183	-6.7562	0.34183	-6.7562	0	1	75	3.1058	4.2473	1	12.106	3.2474	0	-7.3438	3	-1	1	0	0	0	0
3	246.83	0.2614	-6.4667	0.2614	-6.4667	0	1	75	3.1058	4.2473	1	12.106	3.2474	0	-7.3438	3	-1	1	0	0	0	0
3	263.44	0.18097	-6.0806	0.18097	-6.0806	0	1	75	3.1058	4.2473	1	12.106	3.2474	0	-7.3438	3	-1	1	0	0	0	0
3	280.02	0.16086	-5.8876	0.16086	-5.8876	0	1	75	3.1058	4.2473	1	12.106	3.2474	0	-7.3438	3	-1	1	0	0	0	0
3	296.54	0.12065	-5.3728	0.12065	-5.3728	0	1	75	3.1058	4.2473	1	12.106	3.2474	0	-7.3438	3	-1	1	0	0	0	0
3	313.18	0.14076	-4.7937	0.14076	-4.7937	0	1	75	3.1058	4.2473	1	12.106	3.2474	0	-7.3438	3	-1	1	0	0	0	0
3	329.76	0.16086	-4.5042	0.16086	-4.5042	0	2	75	3.1058	4.2473	1	12.106	3.2474	0	-7.3438	3	-1	1	0	0	0	0
3	346.39	0.24129	-3.8607	0.24129	-3.8607	0	2	75	3.1058	4.2473	1	12.106	3.2474	0	-7.3438	3	-1	1	0	0	0	0
3	362.98	0.38205	-3.1851	0.38205	-3.1851	0	2	75	3.1058	4.2473	1	12.106	3.2474	0	-7.3438	3	-1	1	0	0	0	0
3	379.54	0.46248	-2.8312	0.46248	-2.8312	0	2	75	3.1058	4.2473	1	12.106	3.2474	0	-7.3438	3	-1	1	0	0	0	0
3	396.16	0.66356	-2.1877	0.66356	-2.1877	0	2	75	3.1058	4.2473	1	12.106	3.2474	0	-7.3438	3	-1	1	0	0	0	0
3	412.75	0.88475	-1.5765	0.88475	-1.5765	0	2	75	3.1058	4.2473	1	12.106	3.2474	0	-7.3438	3	-1	1	0	0	0	0
3	429.35	1.0054	-1.2869	1.0054	-1.2869	0	2	75	3.1058	4.2473	1	12.106	3.2474	0	-7.3438	3	-1	1	0	0	0	0
3	445.91	1.2869	-0.73997	1.2869	-0.73997	0	2	75	3.1058	4.2473	1	12.106	3.2474	0	-7.3438	3	-1	1	0	0	0	0
3	462.55	1.5684	-0.19304	1.5684	-0.19304	0	2	75	3.1058	4.2473	1	12.106	3.2474	0	-7.3438	3	-1	1	0	0	0	0
3	479.15	1.7293	0.064345	1.7293	0.064345	0	2	75	3.1058	4.2473	1	12.106	3.2474	0	-7.3438	3	-1	1	0	0	0	0
3	495.76	2.0108	0.48259	2.0108	0.48259	0	2	75	3.1058	4.2473	1	12.106	3.2474	0	-7.3438	3	-1	1	0	0	0	0
3	512.31	2.3124	0.86866	2.3124	0.86866	0	2	75	3.1058	4.2473	1	12.106	3.2474	0	-7.3438	3	-1	1	0	0	0	0
3	528.9	2.4532	1.0617	2.4532	1.0617	0	2	75	3.1058	4.2473	1	12.106	3.2474	0	-7.3438	3	-1	1	0	0	0	0
3	545.51	2.7548	1.3834	2.7548	1.3834	0	2	75	3.1058	4.2473	1	12.106	3.2474	0	-7.3438	3	-1	1	0	0	0	0
3	562.1	3.0564	1.7373	3.0564	1.7373	0	2	75	3.1058	4.2473	1	12.106	3.2474	0	-7.3438	3	-1	1	0	0	0	0
3	578.7	3.1972	1.8982	3.1972	1.8982	0	2	75	3.1058	4.2473	1	12.106	3.2474	0	-7.3438	3	-1	1	0	0	0	0
3	595.3	3.4787	2.1556	3.4787	2.1556	0	2	75	3.1058	4.2473	1	12.106	3.2474	0	-7.3438	3	-1	1	0	0	0	0
3	611.83	3.6194	2.2843	3.6194	2.2843	0	2	75	3.1058	4.2473	1	12.106	3.2474	0	-7.3438	3	-1	1	0	0	0	0
3	628.47	3.9009	2.5416	3.9009	2.5416	0	2	75	3.1058	4.2473	1	12.106	3.2474	0	-7.3438	3	-1	1	0	0	0	0
3	645.08	4.1824	2.799	4.1824	2.799	0	2	75	3.1058	4.2473	1	12.106	3.2474	0	-7.3438	3	-1	1	0	0	0	0
3	661.67	4.3031	2.8955	4.3031	2.8955	0	2	75	3.1058	4.2473	1	12.106	3.2474	0	-7.3438	3	-1	1	0	0	0	0
3	678.31	4.5645	3.1207	4.5645	3.1207	0	2	75	3.1058	4.2473	1	12.106	3.2474	0	-7.3438	3	-1	1	0	0	0	0
3	694.88	4.7656	3.2816	4.7656	3.2816	0	2	75	3.1058	4.2473	1	12.106	3.2474	0	-7.3438	3	-1	1	0	0	0	0
3	711.45	4.8661	3.3781	4.8661	3.3781	0	2	75	3.1058	4.2473	1	12.106	3.2474	0	-7.3438	3	-1	1	0	0	0	0
3	728.06	5.0471	3.5068	5.0471	3.5068	0	2	75	3.1058	4.2473	1	12.106	3.2474	0	-7.3438	3	-1	1	0	0	0	0
3	744.63	5.1878	3.6033	5.1878	3.6033	0	2	75	3.1058	4.2473	1	12.106	3.2474	0	-7.3438	3	-1	1	0	0	0	0
3	761.23	5.2482	3.6677	5.2482	3.6677	0	2	75	3.1058	4.2473	1	12.106	3.2474	0	-7.3438	3	-1	1	0	0	0	0
3	777.8	5.3487	3.732	5.3487	3.732	0	2	75	3.1058	4.2473	1	12.106	3.2474	0	-7.3438	3	-1	1	0	0	0	0
3	794.45	5.4291	3.7964	5.4291	3.7964	0	2	75	3.1058	4.2473	1	12.106	3.2474	0	-7.3438	3	-1	1	0	0	0	0
3	811.05	5.4492	3.7964	5.4492	3.7964	0	2	75	3.1058	4.2473	1	12.106	3.2474	0	-7.3438	3	-1	1	0	0	0	0
3	827.64	5.4693	3.8285	5.4693	3.8285	0	2	75	3.1058	4.2473	1	12.106	3.2474	0	-7.3438	3	-1	1	0	0	0	0
3	844.21	5.4895	3.8285	5.4895	3.8285	0	2	75	3.1058	4.2473	1	12.106	3.2474	0	-7.3438	3	-1	1	0	0	0	0
3	860.75	5.4895	3.8285	5.4895	3.8285	0	3	75	3.1058	4.2473	1	12.106	3.2474	0	-7.3438	3	-1	1	0	0	0	0
3	1375.2	4.1422	1.7695	4.1422	1.7695	0	2	75	3.1058	4.2473	1	12.106	3.2474	0	-7.3438	3	-1	1	0	0	0	0
3	1391.8	3.921	1.3513	3.921	1.3512	0	2	75	3.1058	4.2473	1	12.106	3.2474	0	-7.3438	3	-1	1	0	0	0	0
3	1408.4	3.4384	0.51476	3.4384	0.51476	0	2	75	3.1058	4.2473	1	12.106	3.2474	0	-7.3438	3	-1	1	0	0	0	0
3	1425	2.9156	-0.45042	2.9156	-0.45042	0	2	75	3.1058	4.2473	1	12.106	3.2474	0	-7.3438	3	-1	1	0	0	0	0
3	1441.6	2.6341	-0.93301	2.6341	-0.93301	0	2	75	3.1058	4.2473	1	12.106	3.2474	0	-7.3438	3	-1	1	0	0	0	0
3	1458.2	2.0912	-1.9625	2.0912	-1.9625	0	2	75	3.1058	4.2473	1	12.106	3.2474	0	-7.3438	3	-1	1	0	0	0	0
3	1474.8	1.6086	-2.8634	1.6086	-2.8634	0	2	75	3.1058	4.2473	1	12.106	3.2474	0	-7.3438	3	-1	1	0	0	0	0
3	1491.4	1.4076	-3.2494	1.4076	-3.2494	0	2	75	3.1058	4.2473	1	12.106	3.2474	0	-7.3438	3	-1	1	0	0	0	0
3	1508	1.0456	-3.9251	1.0456	-3.9251	0	2	75	3.1058	4.2473	1	12.106	3.2474	0	-7.3438	3	-1	1	0	0	0	0
3	1524.5	0.7641	-4.472	0.7641	-4.472	0	2	75	3.1058	4.2473	1	12.106	3.2474	0	-7.3438	3	-1	1	0	0	0	0
3	1541.1	0.66356	-4.7615	0.66356	-4.7615	0	2	75	3.1058	4.2473	1	12.106	3.2474	0	-7.3438	3	-1	1	0	0	0	0
3	1557.8	0.44237	-5.2763	0.44237	-5.2763	0	2	75	3.1058	4.2473	1	12.106	3.2474	0	-7.3438	3	-1	1	0	0	0	0
3	1574.3	0.24129	-5.7911	0.24129	-5.7911	0	2	75	3.1058	4.2473	1	12.106	3.2474	0	-7.3438	3	-1	1	0	0	0	0
3	1591	0.14076	-6.0485	0.14076	-6.0485	0	2	75	3.1058	4.2473	1	12.106	3.2474	0	-7.3438	3	-1	1	0	0	0	0
3	1607.5	-0.020108	-6.531	-0.020108	-6.531	0	2	75	3.1058	4.2473	1	12.106	3.2474	0	-7.3438	3	-1	1	0	0	0	0
3	1624.1	-0.18097	-7.0136	-0.18097	-7.0136	0	2	75	3.1058	4.2473	1	12.106	3.2474	0	-7.3438	3	-1	1	0	0	0	0
3	1640.7	-0.24129	-7.2388	-0.24129	-7.2388	0	2	75	3.1058	4.2473	1	12.106	3.2474	0	-7.3438	3	-1	1	0	0	0	0
3	1657.5	-0.30162	-7.464	-0.30162	-7.464	0	2	75	3.1058	4.2473	1	12.106	3.2474	0	-7.3438	3	-1	1	0	0	0	0
3	1673.9	-0.30162	-7.4962	-0.30162	-7.4962	0	2	75	3.1058	4.2473	1	12.106	3.2474	0	-7.3438	3	-1	1	0	0	0	0
3	1690.5	-0.30162	-7.4962	-0.30162	-7.4962	0	2	75	3.1058	4.2473	1	12.106	3.2474	0	-7.3438	3	-1	1	0	0	0	0
3	1707.1	-0.30162	-7.4962	-0.30162	-7.4962	0	2	75	3.1058	4.2473	1	12.106	3.2474	0	-7.3438	3	-1	1	0	0	0	0
3	1723.6	-0.30162	-7.4962	-0.30162	-7.4962	0	2	75	3.1058	4.2473	1	12.106	3.2474	0	-7.3438	3	-1	1	0	0	0	0
3	1740.2	-0.30162	-7.464	-0.30162	-7.464	0	2	75	3.1058	4.2473	1	12.106	3.2474	0	-7.3438	3	-1	1	0	0	0	0
3	1756.8	-0.28151	-7.464	-0.28151	-7.464	0	2	75	3.1058	4.2473	1	12.106	3.2474	0	-7.3438	3	-1	1	0	0	0	0
3	1773.5	-0.28151	-7.464	-0.28151	-7.464	0	2	75	3.1058	4.2473	1	12.106	3.2474	0	-7.3438	3	-1	1	0	0	0	0
3	1790	-0.28151	-7.464	-0.28151	-7.464	0	2	75	3.1058	4.2473	1	12.106	3.2474	0	-7.3438	3	-1	1	0	0	0	0
3	1806.7	-0.28151	-7.464	-0.28151	-7.464	0	2	75	3.1058	4.2473	1	12.106	3.2474	0	-7.3438	3	-1	1	0	0	0	0
3	1823.2	-0.28151	-7.464	-0.28151	-7.464	0	2	75	3.1058	4.2473	1	12.106	3.2474	0	-7.3438	3	-1	1	0	0	0	0
3	1839.8	-0.28151	-7.464	-0.28151	-7.464	0	2	75	3.1058	4.2473	1	12.106	3.2474	0	-7.3438	3	-1	1	0	0	0	0
3	1856.4	-0.28151	-7.464	-0.28151	-7.464	0	2	75	3.1058	4.2473	1	12.106	3.2474	0	-7.3438	3	-1	1	0	0	0	0
3	1873	-0.28151	-7.464	-0.28151	-7.464	0	2	75	3.1058	4.2473	1	12.106	3.2474	0	-7.3438	3	-1	1	0	0	0	0
3	1889.6	-0.28151	-7.464	-0.28151	-7.464	0	2	75	3.1058	4.2473	1	12.106	3.2474	0	-7.3438	3	-1	1	0	0	0	0
3	1906.2	-0.28151	-7.464	-0.28151	-7.464	0	2	75	3.1058	4.2473	1	12.106	3.2474	0	-7.3438	3	-1	1	0	0	0	0
3	1922.8	-0.28151	-7.464	-0.28151	-7.464	0	2	75	3.1058	4.2473	1	12.106	3.2474	0	-7.3438	3	-1	1	0	0	0	0
3	1939.4	-0.28151	-7.464	-0.28151	-7.464	0	2	75	3.1058	4.2473	1	12.106	3.2474	0	-7.3438	3	-1	1	0	0	0	0
3	1956	-0.28151	-7.464	-0.28151	-7.464	0	2	75	3.1058	4.2473	1	12.106	3.2474	0	-7.3438	3	-1	1	0	0	0	0
3	1972.6	-0.28151	-7.464	-0.28151	-7.464	0	2	75	3.1058	4.2473	1	12.106	3.2474	0	-7.3438	3	-1	1	0	0	0	0
3	1989.2	-0.28151	-7.464	-0.28151	-7.464	0	2	75	3.1058	4.2473	1	12.106	3.2474	0	-7.3438	3	-1	1	0	0	0	0
3	2005.7	-0.28151	-7.464	-0.28151	-7.464	0	2	75	3.1058	4.2473	1	12.106	3.2474	0	-7.3438	3	-1	1	0	0	0	0
3	2022.3	-0.28151	-7.464	-0.28151	-7.464	0	2	75	3.1058	4.2473	1	12.106	3.2474	0	-7.3438	3	-1	1	0	0	0	0
3	2039	-0.28151	-7.464	-0.28151	-7.464	0	2	75	3.1058	4.2473	1	12.106	3.2474	0	-7.3438	3	-1	1	0	0	0	0
3	2055.5	-0.28151	-7.464	-0.28151	-7.464	0	2	75	3.1058	4.2473	1	12.106	3.2474	0	-7.3438	3	-1	1	0	0	0	0
3	2072.2	-0.28151	-7.464	-0.28151	-7.464	0	2	75	3.1058	4.2473	1	12.106	3.2474	0	-7.3438	3	-1	1	0	0	0	0
3	2088.7	-0.28151	-7.4319	-0.28151	-7.4319	0	2	75	3.1058	4.2473	1	12.106	3.2474	0	-7.3438	3	-1	1	0	0	0	0
3	2105.3	-0.2614	-7.3675	-0.2614	-7.3675	0	2	75	3.1058	4.2473	1	12.106	3.2474	0	-7.3438	3	-1	1	1	0	0	0
3	2121.9	-0.2614	-7.271	-0.2614	-7.271	0	2	75	3.1058	4.2473	1	12.106	3.2474	0	-7.3438	3	-1	1	1	0	0	0
3	2138.5	-0.24129	-6.9493	-0.24129	-6.9493	0	2	75	3.1058	4.2473	1	12.106	3.2474	0	-7.3438	3	-1	1	1	0	0	0
3	2155.1	-0.22119	-6.7562	-0.22119	-6.7562	0	2	75	3.1058	4.2473	1	12.106	3.2474	0	-7.3438	3	-1	1	1	0	0	0
3	2171.7	-0.18097	-6.2737	-0.18097	-6.2737	0	2	75	3.1058	4.2473	1	12.106	3.2474	0	-7.3438	3	-1	1	1	0	0	0
3	2188.3	-0.080432	-5.7911	-0.080432	-5.7911	0	2	75	3.1058	4.2473	1	12.106	3.2474	0	-7.3438	3	-1	1	1	0	0	0
3	2204.9	0.020108	-5.2441	0.020108	-5.2441	0	2	75	3.1058	4.2473	1	12.106	3.2474	0	-7.3438	3	-1	1	1	0	0	0
3	2221.5	0.10054	-4.9224	0.10054	-4.9224	0	2	75	3.1058	4.2473	1	12.106	3.2474	0	-7.3438	3	-1	1	1	0	0	0
3	2238.1	0.2614	-4.1503	0.2614	-4.1503	0	2	75	3.1058	4.2473	1	12.106	3.2474	0	-7.3438	3	-1	1	1	0	0	0
3	2254.7	0.34183	-3.7642	0.34183	-3.7642	0	2	75	3.1058	4.2473	1	12.106	3.2474	0	-7.3438	3	-1	1	1	0	0	0
3	2271.3	0.54291	-2.9921	0.54291	-2.9921	0	2	75	3.1058	4.2473	1	12.106	3.2474	0	-7.3438	3	-1	1	1	0	1	0
3	2287.9	0.74399	-2.2521	0.74399	-2.2521	0	2	75	3.1058	4.2473	1	12.106	3.2474	0	-7.3438	3	-1	1	1	0	0	0
3	2304.4	0.96518	-1.5121	0.96518	-1.5121	0	2	75	3.1058	4.2473	1	12.106	3.2474	0	-7.3438	3	-1	1	1	0	0	0
3	2321.1	1.0858	-1.1582	1.0858	-1.1582	0	2	75	3.1058	4.2473	1	12.106	3.2474	0	-7.3438	3	-1	1	1	0	0	0
3	2337.6	1.3271	-0.45042	1.3271	-0.45042	0	2	75	3.1058	4.2473	1	12.106	3.2474	0	-7.3438	3	-1	1	1	0	0	0
3	2354.2	1.4478	-0.096518	1.4478	-0.096518	0	2	75	3.1058	4.2473	1	12.106	3.2474	0	-7.3438	3	-1	1	1	0	0	0
3	2370.8	1.7092	0.54693	1.7092	0.54693	0	2	75	3.1058	4.2473	1	12.106	3.2474	0	-7.3438	3	-1	1	1	0	0	0
3	2387.5	1.9304	1.0939	1.9304	1.0939	0	2	75	3.1058	4.2473	1	12.106	3.2474	0	-7.3438	3	-1	1	1	0	0	0
3	2404.1	2.1515	1.5765	2.1515	1.5765	0	2	75	3.1058	4.2473	1	12.106	3.2474	0	-7.3438	3	-1	1	1	0	0	0
3	2420.6	2.2521	1.8017	2.2521	1.8017	0	2	75	3.1058	4.2473	1	12.106	3.2474	0	-7.3438	3	-1	1	1	0	0	0
3	2437.2	2.4532	2.2521	2.4532	2.2521	0	2	75	3.1058	4.2473	1	12.106	3.2474	0	-7.3438	3	-1	1	1	0	0	0
3	2453.8	2.5537	2.4451	2.5537	2.4451	0	2	75	3.1058	4.2473	1	12.106	3.2474	0	-7.3438	3	-1	1	1	0	0	0
3	2470.4	2.7146	2.799	2.7146	2.799	0	2	75	3.1058	4.2473	1	12.106	3.2474	0	-7.3438	3	-1	1	1	0	0	0
3	2487	2.8352	3.0886	2.8352	3.0886	0	2	75	3.1058	4.2473	1	12.106	3.2474	0	-7.3438	3	-1	1	1	0	0	0
3	2503.6	2.8754	3.1851	2.8754	3.1851	0	2	75	3.1058	4.2473	1	12.106	3.2474	0	-7.3438	3	-1	1	1	0	0	0
3	2520.2	2.9559	3.4103	2.9559	3.4103	0	2	75	3.1058	4.2473	1	12.106	3.2474	0	-7.3438	3	-1	1	1	0	0	0
3	2536.7	3.0162	3.6033	3.0162	3.6033	0	2	75	3.1058	4.2473	1	12.106	3.2474	0	-7.3438	3	-1	1	1	0	0	0
3	2553.4	3.0564	3.6677	3.0564	3.6677	0	2	75	3.1058	4.2473	1	12.106	3.2474	0	-7.3438	3	-1	1	1	0	0	0
3	2570	3.0966	3.8285	3.0966	3.8285	0	2	75	3.1058	4.2473	1	12.106	3.2474	0	-7.3438	3	-1	1	1	0	0	0
3	2586.5	3.1167	3.9894	3.1167	3.9894	0	2	75	3.1058	4.2473	1	12.106	3.2474	0	-7.3438	3	-1	1	0	0	0	0
3	2603.2	3.1368	4.0538	3.1368	4.0537	0	2	75	3.1058	4.2473	1	12.106	3.2474	0	-7.3438	3	-1	1	0	0	0	0
3	2619.7	3.1368	4.1503	3.1368	4.1503	0	2	75	3.1058	4.2473	1	12.106	3.2474	0	-7.3438	3	-1	1	0	0	0	0
3	2636.3	3.1368	4.2468	3.1368	4.2468	0	2	75	3.1058	4.2473	1	12.106	3.2474	0	-7.3438	3	-1	1	0	0	0	0
3	2652.9	3.1167	4.3111	3.1167	4.3111	0	2	75	3.1058	4.2473	1	12.106	3.2474	0	-7.3438	3	-1	1	0	0	0	0
3	2669.5	3.1167	4.4076	3.1167	4.4076	0	3	75	3.1058	4.2473	1	12.106	3.2474	0	-7.3438	3	-1	1	0	0	0	0
4	28.471	-0.58313	-7.3032	-0.58313	-7.3032	0	1	90	0	4.6562	1	9	3.6562	0	-7.3438	3	-1	1	0	0	0	0
4	45.084	-0.44237	-7.3997	-0.44237	-7.3997	0	1	90	0	4.6562	1	9	3.6562	0	-7.3438	3	-1	1	0	0	0	0
4	61.619	-0.38205	-7.4319	-0.38205	-7.4319	0	1	90	0	4.6562	1	9	3.6562	0	-7.3438	3	-1	1	0	0	0	0
4	78.196	-0.32173	-7.4962	-0.32173	-7.4962	0	1	90	0	4.6562	1	9	3.6562	0	-7.3438	3	-1	1	0	0	0	0
4	94.817	-0.28151	-7.4962	-0.28151	-7.4962	0	1	90	0	4.6562	1	9	3.6562	0	-7.3438	3	-1	1	0	0	0	0
4	111.44	-0.24129	-7.5284	-0.24129	-7.5284	0	1	90	0	4.6562	1	9	3.6562	0	-7.3438	3	-1	1	0	0	0	0
4	127.94	-0.20108	-7.5284	-0.20108	-7.5284	0	1	90	0	4.6562	1	9	3.6562	0	-7.3438	3	-1	1	0	0	0	0
4	144.66	-0.16086	-7.5284	-0.16086	-7.5284	0	1	90	0	4.6562	1	9	3.6562	0	-7.3438	3	-1	1	0	0	0	0
4	161.23	-0.14076	-7.5284	-0.14076	-7.5284	0	1	90	0	4.6562	1	9	3.6562	0	-7.3438	3	-1	1	0	0	0	0
4	177.84	-0.12065	-7.5284	-0.12065	-7.5284	0	1	90	0	4.6562	1	9	3.6562	0	-7.3438	3	-1	1	0	0	0	0
4	194.4	-0.12065	-7.5284	-0.12065	-7.5284	0	1	90	0	4.6562	1	9	3.6562	0	-7.3438	3	-1	1	0	0	0	0
4	210.95	-0.10054	-7.5284	-0.10054	-7.5284	0	1	90	0	4.6562	1	9	3.6562	0	-7.3438	3	-1	1	0	0	0	0
4	227.65	-0.10054	-7.5606	-0.10054	-7.5606	0	1	90	0	4.6562	1	9	3.6562	0	-7.3438	3	-1	1	0	0	0	0
4	244.17	-0.10054	-7.5606	-0.10054	-7.5606	0	1	90	0	4.6562	1	9	3.6562	0	-7.3438	3	-1	1	0	0	0	0
4	260.83	-0.10054	-7.5606	-0.10054	-7.5606	0	1	90	0	4.6562	1	9	3.6562	0	-7.3438	3	-1	1	0	0	0	0
4	277.36	-0.10054	-7.5606	-0.10054	-7.5606	0	1	90	0	4.6562	1	9	3.6562	0	-7.3438	3	-1	1	0	0	0	0
4	293.95	-0.10054	-7.5284	-0.10054	-7.5284	0	1	90	0	4.6562	1	9	3.6562	0	-7.3438	3	-1	1	0	0	0	0
4	310.53	-0.10054	-7.5284	-0.10054	-7.5284	0	1	90	0	4.6562	1	9	3.6562	0	-7.3438	3	-1	1	0	0	0	0
4	327.16	-0.12065	-7.5284	-0.12065	-7.5284	0	1	90	0	4.6562	1	9	3.6562	0	-7.3438	3	-1	1	0	0	0	0
4	343.73	-0.12065	-7.464	-0.12065	-7.464	0	1	90	0	4.6562	1	9	3.6562	0	-7.3438	3	-1	1	0	0	0	0
4	360.38	-0.16086	-7.3675	-0.16086	-7.3675	0	1	90	0	4.6562	1	9	3.6562	0	-7.3438	3	-1	1	1	0	0	0
4	376.97	-0.24129	-7.0458	-0.24129	-7.0458	0	1	90	0	4.6562	1	9	3.6562	0	-7.3438	3	-1	1	1	0	0	0
4	393.55	-0.36194	-6.531	-0.36194	-6.531	0	1	90	0	4.6562	1	9	3.6562	0	-7.3438	3	-1	1	1	0	0	0
4	410.08	-0.44237	-5.9519	-0.44237	-5.9519	0	1	90	0	4.6562	1	9	3.6562	0	-7.3438	3	-1	1	1	0	0	0
4	426.69	-0.46248	-5.6624	-0.46248	-5.6624	0	1	90	0	4.6562	1	9	3.6562	0	-7.3438	3	-1	1	1	0	0	0
4	443.31	-0.54291	-5.0511	-0.54291	-5.0511	0	1	90	0	4.6562	1	9	3.6562	0	-7.3438	3	-1	1	1	0	0	0
4	459.94	-0.58313	-4.7294	-0.58313	-4.7294	0	2	90	0	4.6562	1	9	3.6562	0	-7.3438	3	-1	1	1	0	0	0
4	476.54	-0.68367	-4.0537	-0.68367	-4.0537	0	2	90	0	4.6562	1	9	3.6562	0	-7.3438	3	-1	1	1	0	0	0
4	493.1	-0.7641	-3.346	-0.7641	-3.346	0	2	90	0	4.6562	1	9	3.6562	0	-7.3438	3	-1	1	1	0	0	0
4	509.71	-0.80432	-2.9921	-0.80432	-2.9921	0	2	90	0	4.6562	1	9	3.6562	0	-7.3438	3	-1	1	1	0	1	0
4	526.25	-0.88475	-2.2843	-0.88475	-2.2843	0	2	90	0	4.6562	1	9	3.6562	0	-7.3438	3	-1	1	1	0	0	0
4	542.84	-0.98529	-1.6086	-0.98529	-1.6086	0	2	90	0	4.6562	1	9	3.6562	0	-7.3438	3	-1	1	1	0	0	0
4	559.48	-1.0255	-1.2869	-1.0255	-1.2869	0	2	90	0	4.6562	1	9	3.6562	0	-7.3438	3	-1	1	1	0	0	0
4	576.01	-1.0858	-0.61128	-1.0858	-0.61128	0	2	90	0	4.6562	1	9	3.6562	0	-7.3438	3	-1	1	1	0	0	0
4	592.69	-1.1059	0.064345	-1.1059	0.064345	0	2	90	0	4.6562	1	9	3.6562	0	-7.3438	3	-1	1	1	0	0	0
4	609.24	-1.1059	0.41824	-1.1059	0.41824	0	2	90	0	4.6562	1	9	3.6562	0	-7.3438	3	-1	1	1	0	0	0
4	625.82	-1.0657	1.0617	-1.0657	1.0617	0	2	90	0	4.6562	1	9	3.6562	0	-7.3438	3	-1	1	1	0	0	0
4	642.44	-1.0255	1.6408	-1.0255	1.6408	0	2	90	0	4.6562	1	9	3.6562	0	-7.3438	3	-1	1	1	0	0	0
4	659.03	-1.0054	1.8982	-1.0054	1.8982	0	2	90	0	4.6562	1	9	3.6562	0	-7.3438	3	-1	1	1	0	0	0
4	675.67	-0.94507	2.4129	-0.94507	2.4129	0	2	90	0	4.6562	1	9	3.6562	0	-7.3438	3	-1	1	1	0	0	0
4	692.26	-0.84453	2.8955	-0.84453	2.8955	0	2	90	0	4.6562	1	9	3.6562	0	-7.3438	3	-1	1	1	0	0	0
4	708.85	-0.78421	3.1207	-0.78421	3.1207	0	2	90	0	4.6562	1	9	3.6562	0	-7.3438	3	-1	1	1	0	0	0
4	725.42	-0.66356	3.539	-0.66356	3.539	0	2	90	0	4.6562	1	9	3.6562	0	-7.3438	3	-1	1	1	0	0	0
4	741.99	-0.56302	3.8929	-0.56302	3.8929	0	2	90	0	4.6562	1	9	3.6562	0	-7.3438	3	-1	1	1	0	0	0
4	758.6	-0.5027	4.0216	-0.5027	4.0216	0	2	90	0	4.6562	1	9	3.6562	0	-7.3438	3	-1	1	1	0	0	0
4	775.19	-0.42227	4.2146	-0.42227	4.2146	0	2	90	0	4.6562	1	9	3.6562	0	-7.3438	3	-1	1	1	0	0	0
4	791.73	-0.34183	4.4076	-0.34183	4.4076	0	2	90	0	4.6562	1	9	3.6562	0	-7.3438	3	-1	1	1	0	0	0
4	808.37	-0.32173	4.472	-0.32173	4.472	0	2	90	0	4.6562	1	9	3.6562	0	-7.3438	3	-1	1	1	0	0	0
4	825.02	-0.2614	4.5363	-0.2614	4.5363	0	2	90	0	4.6562	1	9	3.6562	0	-7.3438	3	-1	1	1	0	0	0
4	841.54	-0.24129	4.5685	-0.24129	4.5685	0	2	90	0	4.6562	1	9	3.6562	0	-7.3438	3	-1	1	1	0	0	0
4	858.1	-0.22119	4.6329	-0.22119	4.6329	0	2	90	0	4.6562	1	9	3.6562	0	-7.3438	3	-1	1	0	0	0	0
4	874.71	-0.20108	4.6329	-0.20108	4.6329	0	2	90	0	4.6562	1	9	3.6562	0	-7.3438	3	-1	1	0	0	0	0
4	891.38	-0.20108	4.6329	-0.20108	4.6329	0	2	90	0	4.6562	1	9	3.6562	0	-7.3438	3	-1	1	0	0	0	0
4	907.95	-0.20108	4.6329	-0.20108	4.6329	0	3	90	0	4.6562	1	9	3.6562	0	-7.3438	3	-1	1	0	0	0	0
5	31.12	0.66356	-7.3997	0.66356	-7.3997	0	1	105	-3.1058	4.2473	1	5.8942	3.2474	0	-7.3438	3	-1	1	0	0	0	1
5	47.692	0.66356	-7.3997	0.66356	-7.3997	0	1	105	-3.1058	4.2473	1	5.8942	3.2474	0	-7.3438	3	-1	1	0	0	0	1
5	64.304	0.66356	-7.3997	0.66356	-7.3997	0	1	105	-3.1058	4.2473	1	5.8942	3.2474	0	-7.3438	3	-1	1	0	0	0	1
5	80.824	0.66356	-7.3675	0.66356	-7.3675	0	1	105	-3.1058	4.2473	1	5.8942	3.2474	0	-7.3438	3	-1	1	0	0	0	1
5	97.471	0.64345	-7.3675	0.64345	-7.3675	0	1	105	-3.1058	4.2473	1	5.8942	3.2474	0	-7.3438	3	-1	1	0	0	0	1
5	114.04	0.64345	-7.3675	0.64345	-7.3675	0	1	105	-3.1058	4.2473	1	5.8942	3.2474	0	-7.3438	3	-1	1	0	0	0	1
5	130.65	0.64345	-7.3675	0.64345	-7.3675	0	1	105	-3.1058	4.2473	1	5.8942	3.2474	0	-7.3438	3	-1	1	0	0	0	1
5	147.24	0.64345	-7.3675	0.64345	-7.3675	0	1	105	-3.1058	4.2473	1	5.8942	3.2474	0	-7.3438	3	-1	1	0	0	0	1
5	163.8	0.64345	-7.3675	0.64345	-7.3675	0	1	105	-3.1058	4.2473	1	5.8942	3.2474	0	-7.3438	3	-1	1	0	0	0	1
5	180.4	0.62334	-7.3354	0.62334	-7.3354	0	1	105	-3.1058	4.2473	1	5.8942	3.2474	0	-7.3438	3	-1	1	0	0	0	1
5	197	0.58313	-7.3032	0.58313	-7.3032	0	1	105	-3.1058	4.2473	1	5.8942	3.2474	0	-7.3438	3	-1	1	0	0	0	1
5	213.62	0.48259	-7.2067	0.48259	-7.2067	0	1	105	-3.1058	4.2473	1	5.8942	3.2474	0	-7.3438	3	-1	1	0	0	0	1
5	230.26	0.42227	-7.1101	0.42227	-7.1101	0	1	105	-3.1058	4.2473	1	5.8942	3.2474	0	-7.3438	3	-1	1	0	0	0	1
5	246.83	0.30162	-6.8849	0.30162	-6.8849	0	1	105	-3.1058	4.2473	1	5.8942	3.2474	0	-7.3438	3	-1	1	0	0	0	1
5	263.42	0.24129	-6.7241	0.24129	-6.7241	0	1	105	-3.1058	4.2473	1	5.8942	3.2474	0	-7.3438	3	-1	1	1	0	0	1
5	280	0.12065	-6.338	0.12065	-6.338	0	1	105	-3.1058	4.2473	1	5.8942	3.2474	0	-7.3438	3	-1	1	1	0	0	1
5	296.59	-0.020108	-5.9198	-0.020108	-5.9198	0	1	105	-3.1058	4.2473	1	5.8942	3.2474	0	-7.3438	3	-1	1	1	0	0	1
5	313.15	-0.16086	-5.4372	-0.16086	-5.4372	0	1	105	-3.1058	4.2473	1	5.8942	3.2474	0	-7.3438	3	-1	1	1	0	0	1
5	329.77	-0.24129	-5.1798	-0.24129	-5.1798	0	1	105	-3.1058	4.2473	1	5.8942	3.2474	0	-7.3438	3	-1	1	1	0	0	1
5	346.38	-0.38205	-4.5685	-0.38205	-4.5685	0	2	105	-3.1058	4.2473	1	5.8942	3.2474	0	-7.3438	3	-1	1	1	0	0	1
5	363	-0.46248	-4.2468	-0.46248	-4.2468	0	2	105	-3.1058	4.2473	1	5.8942	3.2474	0	-7.3438	3	-1	1	1	0	0	1
5	379.57	-0.64345	-3.6033	-0.64345	-3.6033	0	2	105	-3.1058	4.2473	1	5.8942	3.2474	0	-7.3438	3	-1	1	1	0	1	1
5	396.15	-0.88475	-2.9921	-0.88475	-2.9921	0	2	105	-3.1058	4.2473	1	5.8942	3.2474	0	-7.3438	3	-1	1	1	0	0	1
5	412.74	-1.2065	-2.4129	-1.2065	-2.4129	0	2	105	-3.1058	4.2473	1	5.8942	3.2474	0	-7.3438	3	-1	1	1	0	0	1
5	429.36	-1.3673	-2.1556	-1.3673	-2.1556	0	2	105	-3.1058	4.2473	1	5.8942	3.2474	0	-7.3438	3	-1	1	1	0	0	1
5	445.89	-1.7293	-1.6408	-1.7293	-1.6408	0	2	105	-3.1058	4.2473	1	5.8942	3.2474	0	-7.3438	3	-1	1	1	0	0	1
5	462.53	-1.9304	-1.3834	-1.9304	-1.3834	0	2	105	-3.1058	4.2473	1	5.8942	3.2474	0	-7.3438	3	-1	1	1	0	0	1
5	479.16	-2.3124	-0.86866	-2.3124	-0.86866	0	2	105	-3.1058	4.2473	1	5.8942	3.2474	0	-7.3438	3	-1	1	1	0	0	1
5	495.75	-2.5135	-0.64345	-2.5135	-0.64345	0	2	105	-3.1058	4.2473	1	5.8942	3.2474	0	-7.3438	3	-1	1	1	0	0	1
5	512.33	-2.8955	-0.19304	-2.8955	-0.19304	0	2	105	-3.1058	4.2473	1	5.8942	3.2474	0	-7.3438	3	-1	1	1	0	0	1
5	528.88	-3.2776	0.22521	-3.2776	0.22521	0	2	105	-3.1058	4.2473	1	5.8942	3.2474	0	-7.3438	3	-1	1	1	0	0	1
5	545.49	-3.6395	0.61128	-3.6395	0.61128	0	2	105	-3.1058	4.2473	1	5.8942	3.2474	0	-7.3438	3	-1	1	1	0	0	1
5	562.1	-3.8205	0.83649	-3.8205	0.83649	0	2	105	-3.1058	4.2473	1	5.8942	3.2474	0	-7.3438	3	-1	1	1	0	0	1
5	578.7	-4.1221	1.2226	-4.1221	1.2226	0	2	105	-3.1058	4.2473	1	5.8942	3.2474	0	-7.3438	3	-1	1	1	0	0	1
5	595.28	-4.2629	1.4156	-4.2629	1.4156	0	2	105	-3.1058	4.2473	1	5.8942	3.2474	0	-7.3438	3	-1	1	1	0	0	1
5	611.9	-4.5243	1.7695	-4.5243	1.7695	0	2	105	-3.1058	4.2473	1	5.8942	3.2474	0	-7.3438	3	-1	1	1	0	0	1
5	628.44	-4.7455	2.0912	-4.7455	2.0912	0	2	105	-3.1058	4.2473	1	5.8942	3.2474	0	-7.3438	3	-1	1	1	0	0	1
5	645.06	-4.9264	2.3808	-4.9264	2.3808	0	2	105	-3.1058	4.2473	1	5.8942	3.2474	0	-7.3438	3	-1	1	1	0	0	1
5	661.65	-5.0069	2.5416	-5.0069	2.5416	0	2	105	-3.1058	4.2473	1	5.8942	3.2474	0	-7.3438	3	-1	1	1	0	0	1
5	678.29	-5.1074	2.799	-5.1074	2.799	0	2	105	-3.1058	4.2473	1	5.8942	3.2474	0	-7.3438	3	-1	1	1	0	0	1
5	694.89	-5.1677	2.9277	-5.1677	2.9277	0	2	105	-3.1058	4.2473	1	5.8942	3.2474	0	-7.3438	3	-1	1	1	0	0	1
5	711.47	-5.2281	3.1207	-5.2281	3.1207	0	2	105	-3.1058	4.2473	1	5.8942	3.2474	0	-7.3438	3	-1	1	1	0	0	1
5	728.05	-5.2683	3.2494	-5.2683	3.2494	0	2	105	-3.1058	4.2473	1	5.8942	3.2474	0	-7.3438	3	-1	1	1	0	0	1
5	744.61	-5.2884	3.346	-5.2884	3.346	0	2	105	-3.1058	4.2473	1	5.8942	3.2474	0	-7.3438	3	-1	1	1	0	0	1
5	761.22	-5.3085	3.3781	-5.3085	3.3781	0	2	105	-3.1058	4.2473	1	5.8942	3.2474	0	-7.3438	3	-1	1	1	0	0	1
5	777.8	-5.3085	3.4103	-5.3085	3.4103	0	2	105	-3.1058	4.2473	1	5.8942	3.2474	0	-7.3438	3	-1	1	0	0	0	1
5	794.41	-5.3085	3.4425	-5.3085	3.4425	0	2	105	-3.1058	4.2473	1	5.8942	3.2474	0	-7.3438	3	-1	1	0	0	0	1
5	811.03	-5.3085	3.4425	-5.3085	3.4425	0	2	105	-3.1058	4.2473	1	5.8942	3.2474	0	-7.3438	3	-1	1	0	0	0	1
5	827.6	-5.3085	3.4425	-5.3085	3.4425	0	3	105	-3.1058	4.2473	1	5.8942	3.2474	0	-7.3438	3	-1	1	0	0	0	1
6	30.873	-0.040216	-7.4962	-0.040216	-7.4962	0	1	90	0	4.6562	1	9	3.6562	0	-7.3438	3	-1	1	0	0	0	0
6	47.544	-0.020108	-7.5284	-0.020108	-7.5284	0	1	90	0	4.6562	1	9	3.6562	0	-7.3438	3	-1	1	0	0	0	0
6	64.097	0.020108	-7.5284	0.020108	-7.5284	0	1	90	0	4.6562	1	9	3.6562	0	-7.3438	3	-1	1	0	0	0	0
6	80.75	0.060324	-7.5284	0.060324	-7.5284	0	1	90	0	4.6562	1	9	3.6562	0	-7.3438	3	-1	1	0	0	0	0
6	97.354	0.10054	-7.5284	0.10054	-7.5284	0	1	90	0	4.6562	1	9	3.6562	0	-7.3438	3	-1	1	0	0	0	0
6	113.92	0.14076	-7.5284	0.14076	-7.5284	0	1	90	0	4.6562	1	9	3.6562	0	-7.3438	3	-1	1	0	0	0	0
6	130.48	0.14076	-7.5284	0.14076	-7.5284	0	1	90	0	4.6562	1	9	3.6562	0	-7.3438	3	-1	1	0	0	0	0
6	147.06	0.14076	-7.5284	0.14076	-7.5284	0	1	90	0	4.6562	1	9	3.6562	0	-7.3438	3	-1	1	0	0	0	0
6	163.69	0.14076	-7.5284	0.14076	-7.5284	0	1	90	0	4.6562	1	9	3.6562	0	-7.3438	3	-1	1	0	0	0	0
6	180.31	0.14076	-7.4962	0.14076	-7.4962	0	1	90	0	4.6562	1	9	3.6562	0	-7.3438	3	-1	1	0	0	0	0
6	196.92	0.14076	-7.4962	0.14076	-7.4962	0	1	90	0	4.6562	1	9	3.6562	0	-7.3438	3	-1	1	0	0	0	0
6	213.51	0.14076	-7.4962	0.14076	-7.4962	0	1	90	0	4.6562	1	9	3.6562	0	-7.3438	3	-1	1	0	0	0	0
6	230.05	0.12065	-7.464	0.12065	-7.464	0	1	90	0	4.6562	1	9	3.6562	0	-7.3438	3	-1	1	0	0	0	0
6	246.63	0.10054	-7.3997	0.10054	-7.3997	0	1	90	0	4.6562	1	9	3.6562	0	-7.3438	3	-1	1	0	0	0	0
6	263.23	0.020108	-7.2388	0.020108	-7.2388	0	1	90	0	4.6562	1	9	3.6562	0	-7.3438	3	-1	1	0	0	0	0
6	279.85	-0.080432	-6.9493	-0.080432	-6.9493	0	1	90	0	4.6562	1	9	3.6562	0	-7.3438	3	-1	1	1	0	0	0
6	296.45	-0.12065	-6.7562	-0.12065	-6.7562	0	1	90	0	4.6562	1	9	3.6562	0	-7.3438	3	-1	1	1	0	0	0
6	313.04	-0.20108	-6.3058	-0.20108	-6.3058	0	1	90	0	4.6562	1	9	3.6562	0	-7.3438	3	-1	1	1	0	0	0
6	329.65	-0.24129	-6.0806	-0.24129	-6.0806	0	1	90	0	4.6562	1	9	3.6562	0	-7.3438	3	-1	1	1	0	0	0
6	346.2	-0.32173	-5.5337	-0.32173	-5.5337	0	1	90	0	4.6562	1	9	3.6562	0	-7.3438	3	-1	1	1	0	0	0
6	362.82	-0.42227	-4.9224	-0.42227	-4.9224	0	1	90	0	4.6562	1	9	3.6562	0	-7.3438	3	-1	1	1	0	0	0
6	379.41	-0.5027	-4.279	-0.5027	-4.279	0	2	90	0	4.6562	1	9	3.6562	0	-7.3438	3	-1	1	1	0	0	0
6	396.03	-0.54291	-3.9572	-0.54291	-3.9572	0	2	90	0	4.6562	1	9	3.6562	0	-7.3438	3	-1	1	1	0	0	0
6	412.59	-0.60324	-3.2816	-0.60324	-3.2816	0	2	90	0	4.6562	1	9	3.6562	0	-7.3438	3	-1	1	1	0	0	0
6	429.23	-0.64345	-2.9277	-0.64345	-2.9277	0	2	90	0	4.6562	1	9	3.6562	0	-7.3438	3	-1	1	1	0	0	0
6	445.81	-0.66356	-2.2199	-0.66356	-2.2199	0	2	90	0	4.6562	1	9	3.6562	0	-7.3438	3	-1	1	1	0	1	0
6	462.33	-0.66356	-1.5443	-0.66356	-1.5443	0	2	90	0	4.6562	1	9	3.6562	0	-7.3438	3	-1	1	1	0	0	0
6	478.97	-0.66356	-0.90083	-0.66356	-0.90083	0	2	90	0	4.6562	1	9	3.6562	0	-7.3438	3	-1	1	1	0	0	0
6	495.58	-0.62334	-0.61128	-0.62334	-0.61128	0	2	90	0	4.6562	1	9	3.6562	0	-7.3438	3	-1	1	1	0	0	0
6	512.15	-0.56302	-0.064345	-0.56302	-0.064345	0	2	90	0	4.6562	1	9	3.6562	0	-7.3438	3	-1	1	1	0	0	0
6	528.77	-0.5027	0.19304	-0.5027	0.19304	0	2	90	0	4.6562	1	9	3.6562	0	-7.3438	3	-1	1	1	0	0	0
6	545.39	-0.38205	0.64345	-0.38205	0.64345	0	2	90	0	4.6562	1	9	3.6562	0	-7.3438	3	-1	1	1	0	0	0
6	561.98	-0.20108	1.1582	-0.20108	1.1582	0	2	90	0	4.6562	1	9	3.6562	0	-7.3438	3	-1	1	1	0	0	0
6	578.5	0	1.7051	0	1.7051	0	2	90	0	4.6562	1	9	3.6562	0	-7.3438	3	-1	1	1	0	0	0
6	595.15	0.12065	1.9625	0.12065	1.9625	0	2	90	0	4.6562	1	9	3.6562	0	-7.3438	3	-1	1	1	0	0	0
6	611.73	0.32173	2.4129	0.32173	2.4129	0	2	90	0	4.6562	1	9	3.6562	0	-7.3438	3	-1	1	1	0	0	0
6	628.31	0.40216	2.606	0.40216	2.606	0	2	90	0	4.6562	1	9	3.6562	0	-7.3438	3	-1	1	1	0	0	0
6	644.92	0.58313	2.9599	0.58313	2.9599	0	2	90	0	4.6562	1	9	3.6562	0	-7.3438	3	-1	1	1	0	0	0
6	661.57	0.7641	3.3138	0.7641	3.3138	0	2	90	0	4.6562	1	9	3.6562	0	-7.3438	3	-1	1	1	0	0	0
6	678.11	0.92496	3.6355	0.92496	3.6355	0	2	90	0	4.6562	1	9	3.6562	0	-7.3438	3	-1	1	1	0	0	0
6	694.69	0.98529	3.7642	0.98529	3.7642	0	2	90	0	4.6562	1	9	3.6562	0	-7.3438	3	-1	1	1	0	0	0
6	711.26	1.1059	4.0216	1.1059	4.0216	0	2	90	0	4.6562	1	9	3.6562	0	-7.3438	3	-1	1	1	0	0	0
6	727.87	1.1461	4.0859	1.1461	4.0859	0	2	90	0	4.6562	1	9	3.6562	0	-7.3438	3	-1	1	1	0	0	0
6	744.53	1.2065	4.2468	1.2065	4.2468	0	2	90	0	4.6562	1	9	3.6562	0	-7.3438	3	-1	1	1	0	0	0
6	761.12	1.2266	4.3111	1.2266	4.3111	0	2	90	0	4.6562	1	9	3.6562	0	-7.3438	3	-1	1	1	0	0	0
6	777.69	1.2467	4.4398	1.2467	4.4398	0	2	90	0	4.6562	1	9	3.6562	0	-7.3438	3	-1	1	1	0	0	0
6	794.23	1.2668	4.5363	1.2668	4.5363	0	2	90	0	4.6562	1	9	3.6562	0	-7.3438	3	-1	1	1	0	0	0
6	810.82	1.2869	4.6007	1.2869	4.6007	0	2	90	0	4.6562	1	9	3.6562	0	-7.3438	3	-1	1	1	0	0	0
6	827.46	1.2869	4.6329	1.2869	4.6329	0	2	90	0	4.6562	1	9	3.6562	0	-7.3438	3	-1	1	0	0	0	0
6	844.04	1.2869	4.665	1.2869	4.665	0	2	90	0	4.6562	1	9	3.6562	0	-7.3438	3	-1	1	0	0	0	0
6	860.67	1.2869	4.665	1.2869	4.665	0	3	90	0	4.6562	1	9	3.6562	0	-7.3438	3	-1	1	0	0	0	0
7	30.985	-0.24129	-7.4962	-0.24129	-7.4962	0	1	105	-3.1058	4.2473	1	5.8942	3.2474	0	-7.3438	3	-1	1	0	0	0	1
7	47.581	-0.20108	-7.5284	-0.20108	-7.5284	0	1	105	-3.1058	4.2473	1	5.8942	3.2474	0	-7.3438	3	-1	1	0	0	0	1
7	64.184	-0.20108	-7.5284	-0.20108	-7.5284	0	1	105	-3.1058	4.2473	1	5.8942	3.2474	0	-7.3438	3	-1	1	0	0	0	1
7	80.785	-0.18097	-7.5284	-0.18097	-7.5284	0	1	105	-3.1058	4.2473	1	5.8942	3.2474	0	-7.3438	3	-1	1	0	0	0	1
7	97.415	-0.16086	-7.5284	-0.16086	-7.5284	0	1	105	-3.1058	4.2473	1	5.8942	3.2474	0	-7.3438	3	-1	1	0	0	0	1
7	113.99	-0.16086	-7.5284	-0.16086	-7.5284	0	1	105	-3.1058	4.2473	1	5.8942	3.2474	0	-7.3438	3	-1	1	0	0	0	1
7	130.61	-0.16086	-7.5284	-0.16086	-7.5284	0	1	105	-3.1058	4.2473	1	5.8942	3.2474	0	-7.3438	3	-1	1	0	0	0	1
7	147.18	-0.16086	-7.5284	-0.16086	-7.5284	0	1	105	-3.1058	4.2473	1	5.8942	3.2474	0	-7.3438	3	-1	1	0	0	0	1
7	163.76	-0.16086	-7.5284	-0.16086	-7.5284	0	1	105	-3.1058	4.2473	1	5.8942	3.2474	0	-7.3438	3	-1	1	0	0	0	1
7	180.33	-0.16086	-7.4962	-0.16086	-7.4962	0	1	105	-3.1058	4.2473	1	5.8942	3.2474	0	-7.3438	3	-1	1	0	0	0	1
7	196.92	-0.18097	-7.4962	-0.18097	-7.4962	0	1	105	-3.1058	4.2473	1	5.8942	3.2474	0	-7.3438	3	-1	1	0	0	0	1
7	213.55	-0.18097	-7.464	-0.18097	-7.464	0	1	105	-3.1058	4.2473	1	5.8942	3.2474	0	-7.3438	3	-1	1	0	0	0	1
7	230.08	-0.22119	-7.3675	-0.22119	-7.3675	0	1	105	-3.1058	4.2473	1	5.8942	3.2474	0	-7.3438	3	-1	1	0	0	0	1
7	246.74	-0.32173	-7.1423	-0.32173	-7.1423	0	1	105	-3.1058	4.2473	1	5.8942	3.2474	0	-7.3438	3	-1	1	0	0	0	1
7	263.31	-0.38205	-7.0136	-0.38205	-7.0136	0	1	105	-3.1058	4.2473	1	5.8942	3.2474	0	-7.3438	3	-1	1	1	0	0	1
7	279.93	-0.48259	-6.7241	-0.48259	-6.7241	0	1	105	-3.1058	4.2473	1	5.8942	3.2474	0	-7.3438	3	-1	1	1	0	0	1
7	296.51	-0.60324	-6.3702	-0.60324	-6.3702	0	1	105	-3.1058	4.2473	1	5.8942	3.2474	0	-7.3438	3	-1	1	1	0	0	1
7	313.09	-0.66356	-6.145	-0.66356	-6.145	0	1	105	-3.1058	4.2473	1	5.8942	3.2474	0	-7.3438	3	-1	1	1	0	0	1
7	329.72	-0.78421	-5.6624	-0.78421	-5.6624	0	1	105	-3.1058	4.2473	1	5.8942	3.2474	0	-7.3438	3	-1	1	1	0	0	1
7	346.33	-0.92496	-5.1154	-0.92496	-5.1154	0	1	105	-3.1058	4.2473	1	5.8942	3.2474	0	-7.3438	3	-1	1	1	0	0	1
7	362.89	-1.0054	-4.8259	-1.0054	-4.8259	0	2	105	-3.1058	4.2473	1	5.8942	3.2474	0	-7.3438	3	-1	1	1	0	0	1
7	379.47	-1.2065	-4.279	-1.2065	-4.279	0	2	105	-3.1058	4.2473	1	5.8942	3.2474	0	-7.3438	3	-1	1	1	0	0	1
7	396.04	-1.4277	-3.732	-1.4277	-3.732	0	2	105	-3.1058	4.2473	1	5.8942	3.2474	0	-7.3438	3	-1	1	1	0	0	1
7	412.67	-1.5483	-3.4425	-1.5483	-3.4425	0	2	105	-3.1058	4.2473	1	5.8942	3.2474	0	-7.3438	3	-1	1	1	0	0	1
7	429.27	-1.8097	-2.8955	-1.8097	-2.8955	0	2	105	-3.1058	4.2473	1	5.8942	3.2474	0	-7.3438	3	-1	1	1	0	1	1
7	445.83	-2.1113	-2.3486	-2.1113	-2.3486	0	2	105	-3.1058	4.2473	1	5.8942	3.2474	0	-7.3438	3	-1	1	1	0	0	1
7	462.45	-2.2722	-2.1234	-2.2722	-2.1234	0	2	105	-3.1058	4.2473	1	5.8942	3.2474	0	-7.3438	3	-1	1	1	0	0	1
7	479.08	-2.614	-1.6408	-2.614	-1.6408	0	2	105	-3.1058	4.2473	1	5.8942	3.2474	0	-7.3438	3	-1	1	1	0	0	1
7	495.65	-2.795	-1.4156	-2.795	-1.4156	0	2	105	-3.1058	4.2473	1	5.8942	3.2474	0	-7.3438	3	-1	1	1	0	0	1
7	512.2	-3.1167	-0.99735	-3.1167	-0.99735	0	2	105	-3.1058	4.2473	1	5.8942	3.2474	0	-7.3438	3	-1	1	1	0	0	1
7	528.77	-3.4384	-0.54693	-3.4384	-0.54693	0	2	105	-3.1058	4.2473	1	5.8942	3.2474	0	-7.3438	3	-1	1	1	0	0	1
7	545.41	-3.7602	-0.096518	-3.7602	-0.096518	0	2	105	-3.1058	4.2473	1	5.8942	3.2474	0	-7.3438	3	-1	1	1	0	0	1
7	562.01	-3.921	0.12869	-3.921	0.12869	0	2	105	-3.1058	4.2473	1	5.8942	3.2474	0	-7.3438	3	-1	1	1	0	0	1
7	578.64	-4.2025	0.51476	-4.2025	0.51476	0	2	105	-3.1058	4.2473	1	5.8942	3.2474	0	-7.3438	3	-1	1	1	0	0	1
7	595.21	-4.3433	0.67563	-4.3433	0.67562	0	2	105	-3.1058	4.2473	1	5.8942	3.2474	0	-7.3438	3	-1	1	1	0	0	1
7	611.79	-4.6047	1.0295	-4.6047	1.0295	0	2	105	-3.1058	4.2473	1	5.8942	3.2474	0	-7.3438	3	-1	1	1	0	0	1
7	628.36	-4.8058	1.3513	-4.8058	1.3512	0	2	105	-3.1058	4.2473	1	5.8942	3.2474	0	-7.3438	3	-1	1	1	0	0	1
7	644.98	-4.9666	1.7051	-4.9666	1.7051	0	2	105	-3.1058	4.2473	1	5.8942	3.2474	0	-7.3438	3	-1	1	1	0	0	1
7	661.57	-5.0471	1.8338	-5.0471	1.8338	0	2	105	-3.1058	4.2473	1	5.8942	3.2474	0	-7.3438	3	-1	1	1	0	0	1
7	678.21	-5.1677	2.1234	-5.1677	2.1234	0	2	105	-3.1058	4.2473	1	5.8942	3.2474	0	-7.3438	3	-1	1	1	0	0	1
7	694.8	-5.2079	2.2199	-5.2079	2.2199	0	2	105	-3.1058	4.2473	1	5.8942	3.2474	0	-7.3438	3	-1	1	1	0	0	1
7	711.4	-5.2683	2.4129	-5.2683	2.4129	0	2	105	-3.1058	4.2473	1	5.8942	3.2474	0	-7.3438	3	-1	1	1	0	0	1
7	727.96	-5.2884	2.5416	-5.2884	2.5416	0	2	105	-3.1058	4.2473	1	5.8942	3.2474	0	-7.3438	3	-1	1	1	0	0	1
7	744.51	-5.2884	2.6703	-5.2884	2.6703	0	2	105	-3.1058	4.2473	1	5.8942	3.2474	0	-7.3438	3	-1	1	1	0	0	1
7	761.26	-5.2884	2.7347	-5.2884	2.7347	0	2	105	-3.1058	4.2473	1	5.8942	3.2474	0	-7.3438	3	-1	1	1	0	0	1
7	777.75	-5.2683	2.8312	-5.2683	2.8312	0	2	105	-3.1058	4.2473	1	5.8942	3.2474	0	-7.3438	3	-1	1	0	0	0	1
7	794.34	-5.2482	2.8634	-5.2482	2.8634	0	2	105	-3.1058	4.2473	1	5.8942	3.2474	0	-7.3438	3	-1	1	0	0	0	1
7	810.95	-5.2482	2.8955	-5.2482	2.8955	0	2	105	-3.1058	4.2473	1	5.8942	3.2474	0	-7.3438	3	-1	1	0	0	0	1
7	827.54	-5.2281	2.9277	-5.2281	2.9277	0	3	105	-3.1058	4.2473	1	5.8942	3.2474	0	-7.3438	3	-1	1	0	0	0	1
8	30.829	0.16086	-7.464	0.16086	-7.464	0	1	75	3.1058	4.2473	1	12.106	3.2474	0	-7.3438	3	-1	1	0	0	0	0
8	47.383	0.20108	-7.4962	0.20108	-7.4962	0	1	75	3.1058	4.2473	1	12.106	3.2474	0	-7.3438	3	-1	1	0	0	0	0
8	64.026	0.22119	-7.4962	0.22119	-7.4962	0	1	75	3.1058	4.2473	1	12.106	3.2474	0	-7.3438	3	-1	1	0	0	0	0
8	80.681	0.24129	-7.4962	0.24129	-7.4962	0	1	75	3.1058	4.2473	1	12.106	3.2474	0	-7.3438	3	-1	1	0	0	0	0
8	97.242	0.24129	-7.4962	0.24129	-7.4962	0	1	75	3.1058	4.2473	1	12.106	3.2474	0	-7.3438	3	-1	1	0	0	0	0
8	113.79	0.24129	-7.4962	0.24129	-7.4962	0	1	75	3.1058	4.2473	1	12.106	3.2474	0	-7.3438	3	-1	1	0	0	0	0
8	130.4	0.24129	-7.4962	0.24129	-7.4962	0	1	75	3.1058	4.2473	1	12.106	3.2474	0	-7.3438	3	-1	1	0	0	0	0
8	146.97	0.24129	-7.4962	0.24129	-7.4962	0	1	75	3.1058	4.2473	1	12.106	3.2474	0	-7.3438	3	-1	1	0	0	0	0
8	163.54	0.24129	-7.4962	0.24129	-7.4962	0	1	75	3.1058	4.2473	1	12.106	3.2474	0	-7.3438	3	-1	1	0	0	0	0
8	180.18	0.24129	-7.4962	0.24129	-7.4962	0	1	75	3.1058	4.2473	1	12.106	3.2474	0	-7.3438	3	-1	1	0	0	0	0
8	196.71	0.24129	-7.4962	0.24129	-7.4962	0	1	75	3.1058	4.2473	1	12.106	3.2474	0	-7.3438	3	-1	1	0	0	0	0
8	213.38	0.22119	-7.464	0.22119	-7.464	0	1	75	3.1058	4.2473	1	12.106	3.2474	0	-7.3438	3	-1	1	0	0	0	0
8	229.98	0.18097	-7.3997	0.18097	-7.3997	0	1	75	3.1058	4.2473	1	12.106	3.2474	0	-7.3438	3	-1	1	0	0	0	0
8	246.53	0.14076	-7.3032	0.14076	-7.3032	0	1	75	3.1058	4.2473	1	12.106	3.2474	0	-7.3438	3	-1	1	0	0	0	0
8	263.13	0.040216	-7.078	0.040216	-7.078	0	1	75	3.1058	4.2473	1	12.106	3.2474	0	-7.3438	3	-1	1	0	0	0	0
8	279.72	-0.060324	-6.7241	-0.060324	-6.7241	0	1	75	3.1058	4.2473	1	12.106	3.2474	0	-7.3438	3	-1	1	1	0	0	0
8	296.29	-0.10054	-6.531	-0.10054	-6.531	0	1	75	3.1058	4.2473	1	12.106	3.2474	0	-7.3438	3	-1	1	1	0	0	0
8	312.88	-0.20108	-6.0806	-0.20108	-6.0806	0	1	75	3.1058	4.2473	1	12.106	3.2474	0	-7.3438	3	-1	1	1	0	0	0
8	329.53	-0.30162	-5.5337	-0.30162	-5.5337	0	1	75	3.1058	4.2473	1	12.106	3.2474	0	-7.3438	3	-1	1	1	0	0	0
8	346.13	-0.34183	-5.2441	-0.34183	-5.2441	0	1	75	3.1058	4.2473	1	12.106	3.2474	0	-7.3438	3	-1	1	1	0	0	0
8	362.71	-0.40216	-4.6007	-0.40216	-4.6007	0	2	75	3.1058	4.2473	1	12.106	3.2474	0	-7.3438	3	-1	1	1	0	0	0
8	379.26	-0.42227	-3.9251	-0.42227	-3.9251	0	2	75	3.1058	4.2473	1	12.106	3.2474	0	-7.3438	3	-1	1	1	0	0	0
8	395.86	-0.44237	-3.6033	-0.44237	-3.6033	0	2	75	3.1058	4.2473	1	12.106	3.2474	0	-7.3438	3	-1	1	1	0	0	0
8	412.51	-0.44237	-2.9277	-0.44237	-2.9277	0	2	75	3.1058	4.2473	1	12.106	3.2474	0	-7.3438	3	-1	1	1	0	1	0
8	429.06	-0.38205	-2.2199	-0.38205	-2.2199	0	2	75	3.1058	4.2473	1	12.106	3.2474	0	-7.3438	3	-1	1	1	0	0	0
8	445.67	-0.34183	-1.866	-0.34183	-1.866	0	2	75	3.1058	4.2473	1	12.106	3.2474	0	-7.3438	3	-1	1	1	0	0	0
8	462.29	-0.22119	-1.1582	-0.22119	-1.1582	0	2	75	3.1058	4.2473	1	12.106	3.2474	0	-7.3438	3	-1	1	1	0	0	0
8	478.85	-0.040216	-0.48259	-0.040216	-0.48259	0	2	75	3.1058	4.2473	1	12.106	3.2474	0	-7.3438	3	-1	1	1	0	0	0
8	495.43	0.080432	-0.16086	0.080432	-0.16086	0	2	75	3.1058	4.2473	1	12.106	3.2474	0	-7.3438	3	-1	1	1	0	0	0
8	512.03	0.34183	0.41824	0.34183	0.41824	0	2	75	3.1058	4.2473	1	12.106	3.2474	0	-7.3438	3	-1	1	1	0	0	0
8	528.62	0.66356	0.93301	0.66356	0.93301	0	2	75	3.1058	4.2473	1	12.106	3.2474	0	-7.3438	3	-1	1	1	0	0	0
8	545.26	0.84453	1.1904	0.84453	1.1904	0	2	75	3.1058	4.2473	1	12.106	3.2474	0	-7.3438	3	-1	1	1	0	0	0
8	561.87	1.2467	1.6086	1.2467	1.6086	0	2	75	3.1058	4.2473	1	12.106	3.2474	0	-7.3438	3	-1	1	1	0	0	0
8	578.43	1.4478	1.8017	1.4478	1.8017	0	2	75	3.1058	4.2473	1	12.106	3.2474	0	-7.3438	3	-1	1	1	0	0	0
8	595	1.87	2.1556	1.87	2.1556	0	2	75	3.1058	4.2473	1	12.106	3.2474	0	-7.3438	3	-1	1	1	0	0	0
8	611.6	2.2923	2.4129	2.2923	2.4129	0	2	75	3.1058	4.2473	1	12.106	3.2474	0	-7.3438	3	-1	1	1	0	0	0
8	628.18	2.7146	2.6382	2.7146	2.6382	0	2	75	3.1058	4.2473	1	12.106	3.2474	0	-7.3438	3	-1	1	1	0	0	0
8	644.79	2.9358	2.7347	2.9358	2.7347	0	2	75	3.1058	4.2473	1	12.106	3.2474	0	-7.3438	3	-1	1	1	0	0	0
8	661.42	3.3379	2.8955	3.3379	2.8955	0	2	75	3.1058	4.2473	1	12.106	3.2474	0	-7.3438	3	-1	1	1	0	0	0
8	678.01	3.5189	2.9921	3.5189	2.9921	0	2	75	3.1058	4.2473	1	12.106	3.2474	0	-7.3438	3	-1	1	0	0	0	0
8	694.6	3.8607	3.1207	3.8607	3.1207	0	2	75	3.1058	4.2473	1	12.106	3.2474	0	-7.3438	3	-1	1	0	0	0	0
8	711.14	4.1422	3.2173	4.1422	3.2173	0	2	75	3.1058	4.2473	1	12.106	3.2474	0	-7.3438	3	-1	1	0	0	0	0
8	727.73	4.3835	3.2816	4.3835	3.2816	0	2	75	3.1058	4.2473	1	12.106	3.2474	0	-7.3438	3	-1	1	0	0	0	0
8	744.39	4.464	3.2816	4.464	3.2816	0	2	75	3.1058	4.2473	1	12.106	3.2474	0	-7.3438	3	-1	1	0	0	0	0
8	760.96	4.6047	3.3138	4.6047	3.3138	0	2	75	3.1058	4.2473	1	12.106	3.2474	0	-7.3438	3	-1	1	0	0	0	0
8	777.55	4.6449	3.346	4.6449	3.346	0	2	75	3.1058	4.2473	1	12.106	3.2474	0	-7.3438	3	-1	1	0	0	0	0
8	794.14	4.7254	3.346	4.7254	3.346	0	2	75	3.1058	4.2473	1	12.106	3.2474	0	-7.3438	3	-1	1	0	0	0	0
8	810.71	4.7656	3.346	4.7656	3.346	0	2	75	3.1058	4.2473	1	12.106	3.2474	0	-7.3438	3	-1	1	0	0	0	0
8	827.33	4.7857	3.346	4.7857	3.346	0	2	75	3.1058	4.2473	1	12.106	3.2474	0	-7.3438	3	-1	1	0	0	0	0
8	843.89	4.7857	3.346	4.7857	3.346	0	2	75	3.1058	4.2473	1	12.106	3.2474	0	-7.3438	3	-1	1	0	0	0	0
8	860.47	4.7857	3.346	4.7857	3.346	0	3	75	3.1058	4.2473	1	12.106	3.2474	0	-7.3438	3	-1	1	0	0	0	0
9	30.908	-0.68367	-7.1423	-0.68367	-7.1423	0	1	90	0	4.6562	1	9	3.6562	0	-7.3438	3	-1	1	0	0	0	0
9	47.485	-0.68367	-7.1423	-0.68367	-7.1423	0	1	90	0	4.6562	1	9	3.6562	0	-7.3438	3	-1	1	0	0	0	0
9	64.109	-0.68367	-7.1423	-0.68367	-7.1423	0	1	90	0	4.6562	1	9	3.6562	0	-7.3438	3	-1	1	0	0	0	0
9	80.859	-0.68367	-7.1101	-0.68367	-7.1101	0	1	90	0	4.6562	1	9	3.6562	0	-7.3438	3	-1	1	1	0	0	0
9	97.277	-0.68367	-7.078	-0.68367	-7.078	0	1	90	0	4.6562	1	9	3.6562	0	-7.3438	3	-1	1	1	0	0	0
9	113.9	-0.72388	-6.9815	-0.72388	-6.9815	0	1	90	0	4.6562	1	9	3.6562	0	-7.3438	3	-1	1	1	0	0	0
9	130.45	-0.7641	-6.7241	-0.7641	-6.7241	0	1	90	0	4.6562	1	9	3.6562	0	-7.3438	3	-1	1	1	0	0	0
9	147.07	-0.78421	-6.5954	-0.78421	-6.5954	0	1	90	0	4.6562	1	9	3.6562	0	-7.3438	3	-1	1	1	0	0	0
9	163.64	-0.80432	-6.2093	-0.80432	-6.2093	0	1	90	0	4.6562	1	9	3.6562	0	-7.3438	3	-1	1	1	0	0	0
9	180.26	-0.80432	-6.0163	-0.80432	-6.0163	0	1	90	0	4.6562	1	9	3.6562	0	-7.3438	3	-1	1	1	0	0	0
9	196.88	-0.82442	-5.598	-0.82442	-5.598	0	1	90	0	4.6562	1	9	3.6562	0	-7.3438	3	-1	1	1	0	0	0
9	213.47	-0.82442	-5.1154	-0.82442	-5.1154	0	1	90	0	4.6562	1	9	3.6562	0	-7.3438	3	-1	1	1	0	0	0
9	230.05	-0.82442	-4.8259	-0.82442	-4.8259	0	2	90	0	4.6562	1	9	3.6562	0	-7.3438	3	-1	1	1	0	0	0
9	246.6	-0.80432	-4.279	-0.80432	-4.279	0	2	90	0	4.6562	1	9	3.6562	0	-7.3438	3	-1	1	1	0	0	0
9	263.21	-0.80432	-3.732	-0.80432	-3.732	0	2	90	0	4.6562	1	9	3.6562	0	-7.3438	3	-1	1	1	0	0	0
9	279.86	-0.80432	-3.4425	-0.80432	-3.4425	0	2	90	0	4.6562	1	9	3.6562	0	-7.3438	3	-1	1	1	0	0	0
9	296.45	-0.80432	-2.8955	-0.80432	-2.8955	0	2	90	0	4.6562	1	9	3.6562	0	-7.3438	3	-1	1	1	0	0	0
9	313.02	-0.80432	-2.3486	-0.80432	-2.3486	0	2	90	0	4.6562	1	9	3.6562	0	-7.3438	3	-1	1	1	0	0	0
9	329.59	-0.80432	-2.059	-0.80432	-2.059	0	2	90	0	4.6562	1	9	3.6562	0	-7.3438	3	-1	1	1	0	0	0
9	346.21	-0.80432	-1.4799	-0.80432	-1.4799	0	2	90	0	4.6562	1	9	3.6562	0	-7.3438	3	-1	1	1	0	1	0
9	362.75	-0.78421	-0.86866	-0.78421	-0.86866	0	2	90	0	4.6562	1	9	3.6562	0	-7.3438	3	-1	1	1	0	0	0
9	379.37	-0.78421	-0.57911	-0.78421	-0.57911	0	2	90	0	4.6562	1	9	3.6562	0	-7.3438	3	-1	1	1	0	0	0
9	396.01	-0.7641	0.032173	-0.7641	0.032173	0	2	90	0	4.6562	1	9	3.6562	0	-7.3438	3	-1	1	1	0	0	0
9	412.59	-0.7641	0.61128	-0.7641	0.61128	0	2	90	0	4.6562	1	9	3.6562	0	-7.3438	3	-1	1	1	0	0	0
9	429.2	-0.7641	0.90083	-0.7641	0.90083	0	2	90	0	4.6562	1	9	3.6562	0	-7.3438	3	-1	1	1	0	0	0
9	445.78	-0.7641	1.4799	-0.7641	1.4799	0	2	90	0	4.6562	1	9	3.6562	0	-7.3438	3	-1	1	1	0	0	0
9	462.32	-0.74399	2.0269	-0.74399	2.0269	0	2	90	0	4.6562	1	9	3.6562	0	-7.3438	3	-1	1	1	0	0	0
9	478.94	-0.74399	2.2843	-0.74399	2.2843	0	2	90	0	4.6562	1	9	3.6562	0	-7.3438	3	-1	1	1	0	0	0
9	495.5	-0.74399	2.799	-0.74399	2.799	0	2	90	0	4.6562	1	9	3.6562	0	-7.3438	3	-1	1	1	0	0	0
9	512.1	-0.74399	3.2494	-0.74399	3.2494	0	2	90	0	4.6562	1	9	3.6562	0	-7.3438	3	-1	1	1	0	0	0
9	528.72	-0.74399	3.4746	-0.74399	3.4746	0	2	90	0	4.6562	1	9	3.6562	0	-7.3438	3	-1	1	1	0	0	0
9	545.35	-0.72388	3.8929	-0.72388	3.8929	0	2	90	0	4.6562	1	9	3.6562	0	-7.3438	3	-1	1	1	0	0	0
9	561.92	-0.72388	4.2468	-0.72388	4.2468	0	2	90	0	4.6562	1	9	3.6562	0	-7.3438	3	-1	1	1	0	0	0
9	578.46	-0.72388	4.4076	-0.72388	4.4076	0	2	90	0	4.6562	1	9	3.6562	0	-7.3438	3	-1	1	1	0	0	0
9	595.08	-0.72388	4.6972	-0.72388	4.6972	0	2	90	0	4.6562	1	9	3.6562	0	-7.3438	3	-1	1	1	0	0	0
9	611.67	-0.72388	4.8259	-0.72388	4.8259	0	2	90	0	4.6562	1	9	3.6562	0	-7.3438	3	-1	1	1	0	0	0
9	628.24	-0.72388	5.0189	-0.72388	5.0189	0	2	90	0	4.6562	1	9	3.6562	0	-7.3438	3	-1	1	0	0	0	0
9	644.9	-0.74399	5.1798	-0.74399	5.1798	0	2	90	0	4.6562	1	9	3.6562	0	-7.3438	3	-1	1	0	0	0	0
9	661.5	-0.74399	5.2441	-0.74399	5.2441	0	2	90	0	4.6562	1	9	3.6562	0	-7.3438	3	-1	1	0	0	0	0
9	678.09	-0.74399	5.3407	-0.74399	5.3407	0	2	90	0	4.6562	1	9	3.6562	0	-7.3438	3	-1	1	0	0	0	0
9	694.66	-0.74399	5.4372	-0.74399	5.4372	0	2	90	0	4.6562	1	9	3.6562	0	-7.3438	3	-1	1	0	0	0	0
9	711.26	-0.74399	5.4693	-0.74399	5.4693	0	2	90	0	4.6562	1	9	3.6562	0	-7.3438	3	-1	1	0	0	0	0
9	727.87	-0.74399	5.5015	-0.74399	5.5015	0	2	90	0	4.6562	1	9	3.6562	0	-7.3438	3	-1	1	0	0	0	0
9	744.47	-0.74399	5.5337	-0.74399	5.5337	0	2	90	0	4.6562	1	9	3.6562	0	-7.3438	3	-1	1	0	0	0	0
9	761.09	-0.7641	5.5659	-0.7641	5.5659	0	3	90	0	4.6562	1	9	3.6562	0	-7.3438	3	-1	1	0	0	0	0
10	31.418	-0.020108	-7.3354	-0.020108	-7.3354	0	1	105	-3.1058	4.2473	1	5.8942	3.2474	0	-7.3438	3	-1	1	0	0	0	0
10	48.007	0	-7.4962	0	-7.4962	0	1	105	-3.1058	4.2473	1	5.8942	3.2474	0	-7.3438	3	-1	1	0	0	0	0
10	64.557	0	-7.5284	0	-7.5284	0	1	105	-3.1058	4.2473	1	5.8942	3.2474	0	-7.3438	3	-1	1	0	0	0	0
10	81.127	0	-7.5284	0	-7.5284	0	1	105	-3.1058	4.2473	1	5.8942	3.2474	0	-7.3438	3	-1	1	0	0	0	0
10	97.739	0	-7.5284	0	-7.5284	0	1	105	-3.1058	4.2473	1	5.8942	3.2474	0	-7.3438	3	-1	1	0	0	0	0
10	114.3	0	-7.5284	0	-7.5284	0	1	105	-3.1058	4.2473	1	5.8942	3.2474	0	-7.3438	3	-1	1	0	0	0	0
10	130.87	0	-7.5284	0	-7.5284	0	1	105	-3.1058	4.2473	1	5.8942	3.2474	0	-7.3438	3	-1	1	0	0	0	0
10	147.51	0	-7.4962	0	-7.4962	0	1	105	-3.1058	4.2473	1	5.8942	3.2474	0	-7.3438	3	-1	1	0	0	0	0
10	164.12	0	-7.4962	0	-7.4962	0	1	105	-3.1058	4.2473	1	5.8942	3.2474	0	-7.3438	3	-1	1	0	0	0	0
10	180.68	0	-7.4962	0	-7.4962	0	1	105	-3.1058	4.2473	1	5.8942	3.2474	0	-7.3438	3	-1	1	0	0	0	0
10	197.25	-0.020108	-7.464	-0.020108	-7.464	0	1	105	-3.1058	4.2473	1	5.8942	3.2474	0	-7.3438	3	-1	1	0	0	0	0
10	213.87	-0.020108	-7.4319	-0.020108	-7.4319	0	1	105	-3.1058	4.2473	1	5.8942	3.2474	0	-7.3438	3	-1	1	0	0	0	0
10	230.44	-0.10054	-7.3354	-0.10054	-7.3354	0	1	105	-3.1058	4.2473	1	5.8942	3.2474	0	-7.3438	3	-1	1	0	0	0	0
10	247.1	-0.24129	-7.1101	-0.24129	-7.1101	0	1	105	-3.1058	4.2473	1	5.8942	3.2474	0	-7.3438	3	-1	1	0	0	0	0
10	263.64	-0.32173	-6.9815	-0.32173	-6.9815	0	1	105	-3.1058	4.2473	1	5.8942	3.2474	0	-7.3438	3	-1	1	1	0	0	0
10	280.24	-0.5027	-6.6597	-0.5027	-6.6597	0	1	105	-3.1058	4.2473	1	5.8942	3.2474	0	-7.3438	3	-1	1	1	0	0	0
10	296.81	-0.60324	-6.4989	-0.60324	-6.4989	0	1	105	-3.1058	4.2473	1	5.8942	3.2474	0	-7.3438	3	-1	1	1	0	0	0
10	313.44	-0.82442	-6.0806	-0.82442	-6.0806	0	1	105	-3.1058	4.2473	1	5.8942	3.2474	0	-7.3438	3	-1	1	1	0	0	0
10	330.03	-1.0657	-5.5659	-1.0657	-5.5659	0	1	105	-3.1058	4.2473	1	5.8942	3.2474	0	-7.3438	3	-1	1	1	0	0	0
10	346.61	-1.307	-5.0189	-1.307	-5.0189	0	2	105	-3.1058	4.2473	1	5.8942	3.2474	0	-7.3438	3	-1	1	1	0	0	0
10	363.24	-1.4277	-4.7294	-1.4277	-4.7294	0	2	105	-3.1058	4.2473	1	5.8942	3.2474	0	-7.3438	3	-1	1	1	0	0	0
10	379.82	-1.7092	-4.1824	-1.7092	-4.1824	0	2	105	-3.1058	4.2473	1	5.8942	3.2474	0	-7.3438	3	-1	1	1	0	0	0
10	396.38	-1.8499	-3.8929	-1.8499	-3.8929	0	2	105	-3.1058	4.2473	1	5.8942	3.2474	0	-7.3438	3	-1	1	1	0	0	0
10	413.03	-2.1515	-3.346	-2.1515	-3.346	0	2	105	-3.1058	4.2473	1	5.8942	3.2474	0	-7.3438	3	-1	1	1	0	1	0
10	429.6	-2.4733	-2.799	-2.4733	-2.799	0	2	105	-3.1058	4.2473	1	5.8942	3.2474	0	-7.3438	3	-1	1	1	0	0	0
10	446.16	-2.795	-2.2843	-2.795	-2.2843	0	2	105	-3.1058	4.2473	1	5.8942	3.2474	0	-7.3438	3	-1	1	1	0	0	0
10	462.85	-2.9559	-2.0269	-2.9559	-2.0269	0	2	105	-3.1058	4.2473	1	5.8942	3.2474	0	-7.3438	3	-1	1	1	0	0	0
10	479.58	-3.2776	-1.5443	-3.2776	-1.5443	0	2	105	-3.1058	4.2473	1	5.8942	3.2474	0	-7.3438	3	-1	1	1	0	0	0
10	496.01	-3.4384	-1.3191	-3.4384	-1.3191	0	2	105	-3.1058	4.2473	1	5.8942	3.2474	0	-7.3438	3	-1	1	1	0	0	0
10	512.57	-3.7401	-0.83649	-3.7401	-0.83649	0	2	105	-3.1058	4.2473	1	5.8942	3.2474	0	-7.3438	3	-1	1	1	0	0	0
10	529.15	-4.0417	-0.38607	-4.0417	-0.38607	0	2	105	-3.1058	4.2473	1	5.8942	3.2474	0	-7.3438	3	-1	1	1	0	0	0
10	545.74	-4.3031	0.096518	-4.3031	0.096518	0	2	105	-3.1058	4.2473	1	5.8942	3.2474	0	-7.3438	3	-1	1	1	0	0	0
10	562.38	-4.4438	0.32173	-4.4438	0.32173	0	2	105	-3.1058	4.2473	1	5.8942	3.2474	0	-7.3438	3	-1	1	1	0	0	0
10	578.98	-4.6851	0.77214	-4.6851	0.77214	0	2	105	-3.1058	4.2473	1	5.8942	3.2474	0	-7.3438	3	-1	1	1	0	0	0
10	595.57	-4.8058	0.99735	-4.8058	0.99735	0	2	105	-3.1058	4.2473	1	5.8942	3.2474	0	-7.3438	3	-1	1	1	0	0	0
10	612.14	-5.0069	1.4156	-5.0069	1.4156	0	2	105	-3.1058	4.2473	1	5.8942	3.2474	0	-7.3438	3	-1	1	1	0	0	0
10	628.72	-5.1677	1.8017	-5.1677	1.8017	0	2	105	-3.1058	4.2473	1	5.8942	3.2474	0	-7.3438	3	-1	1	1	0	0	0
10	645.31	-5.2884	2.1877	-5.2884	2.1877	0	2	105	-3.1058	4.2473	1	5.8942	3.2474	0	-7.3438	3	-1	1	1	0	0	0
10	661.89	-5.3487	2.3808	-5.3487	2.3808	0	2	105	-3.1058	4.2473	1	5.8942	3.2474	0	-7.3438	3	-1	1	1	0	0	0
10	678.51	-5.409	2.7025	-5.409	2.7025	0	2	105	-3.1058	4.2473	1	5.8942	3.2474	0	-7.3438	3	-1	1	1	0	0	0
10	695.13	-5.4492	2.8312	-5.4492	2.8312	0	2	105	-3.1058	4.2473	1	5.8942	3.2474	0	-7.3438	3	-1	1	1	0	0	0
10	711.73	-5.5297	3.0242	-5.5297	3.0242	0	2	105	-3.1058	4.2473	1	5.8942	3.2474	0	-7.3438	3	-1	1	1	0	0	0
10	728.33	-5.59	3.1529	-5.59	3.1529	0	2	105	-3.1058	4.2473	1	5.8942	3.2474	0	-7.3438	3	-1	1	1	0	0	0
10	744.88	-5.6302	3.2816	-5.6302	3.2816	0	2	105	-3.1058	4.2473	1	5.8942	3.2474	0	-7.3438	3	-1	1	1	0	0	0
10	761.45	-5.6503	3.346	-5.6503	3.346	0	2	105	-3.1058	4.2473	1	5.8942	3.2474	0	-7.3438	3	-1	1	1	0	0	0
10	778.11	-5.6704	3.4425	-5.6704	3.4425	0	2	105	-3.1058	4.2473	1	5.8942	3.2474	0	-7.3438	3	-1	1	1	0	0	0
10	794.66	-5.6704	3.4746	-5.6704	3.4746	0	2	105	-3.1058	4.2473	1	5.8942	3.2474	0	-7.3438	3	-1	1	1	0	0	0
10	811.27	-5.6905	3.539	-5.6905	3.539	0	2	105	-3.1058	4.2473	1	5.8942	3.2474	0	-7.3438	3	-1	1	0	0	0	0
10	827.89	-5.6905	3.5712	-5.6905	3.5712	0	2	105	-3.1058	4.2473	1	5.8942	3.2474	0	-7.3438	3	-1	1	0	0	0	0
10	844.45	-5.7106	3.5712	-5.7106	3.5712	0	3	105	-3.1058	4.2473	1	5.8942	3.2474	0	-7.3438	3	-1	1	0	0	0	0
11	31.11	-0.020108	-7.3997	-0.020108	-7.3997	0	1	75	3.1058	4.2473	1	12.106	3.2474	0	-7.3438	3	-1	1	0	0	0	0
11	47.728	0	-7.4962	0	-7.4962	0	1	75	3.1058	4.2473	1	12.106	3.2474	0	-7.3438	3	-1	1	0	0	0	0
11	64.317	0	-7.4962	0	-7.4962	0	1	75	3.1058	4.2473	1	12.106	3.2474	0	-7.3438	3	-1	1	0	0	0	0
11	80.899	0	-7.4962	0	-7.4962	0	1	75	3.1058	4.2473	1	12.106	3.2474	0	-7.3438	3	-1	1	0	0	0	0
11	97.431	0	-7.4962	0	-7.4962	0	1	75	3.1058	4.2473	1	12.106	3.2474	0	-7.3438	3	-1	1	0	0	0	0
11	114.03	0	-7.4962	0	-7.4962	0	1	75	3.1058	4.2473	1	12.106	3.2474	0	-7.3438	3	-1	1	0	0	0	0
11	130.69	0	-7.464	0	-7.464	0	1	75	3.1058	4.2473	1	12.106	3.2474	0	-7.3438	3	-1	1	0	0	0	0
11	147.24	0	-7.4319	0	-7.4319	0	1	75	3.1058	4.2473	1	12.106	3.2474	0	-7.3438	3	-1	1	0	0	0	0
11	163.9	-0.060324	-7.3032	-0.060324	-7.3032	0	1	75	3.1058	4.2473	1	12.106	3.2474	0	-7.3438	3	-1	1	0	0	0	0
11	180.46	-0.12065	-7.1423	-0.12065	-7.1423	0	1	75	3.1058	4.2473	1	12.106	3.2474	0	-7.3438	3	-1	1	0	0	0	0
11	197.04	-0.24129	-6.7884	-0.24129	-6.7884	0	1	75	3.1058	4.2473	1	12.106	3.2474	0	-7.3438	3	-1	1	1	0	0	0
11	213.57	-0.36194	-6.338	-0.36194	-6.338	0	1	75	3.1058	4.2473	1	12.106	3.2474	0	-7.3438	3	-1	1	1	0	0	0
11	230.23	-0.40216	-6.145	-0.40216	-6.145	0	1	75	3.1058	4.2473	1	12.106	3.2474	0	-7.3438	3	-1	1	1	0	0	0
11	246.83	-0.46248	-5.6624	-0.46248	-5.6624	0	1	75	3.1058	4.2473	1	12.106	3.2474	0	-7.3438	3	-1	1	1	0	0	0
11	263.45	-0.5027	-5.0833	-0.5027	-5.0833	0	1	75	3.1058	4.2473	1	12.106	3.2474	0	-7.3438	3	-1	1	1	0	0	0
11	280	-0.5027	-4.7615	-0.5027	-4.7615	0	2	75	3.1058	4.2473	1	12.106	3.2474	0	-7.3438	3	-1	1	1	0	0	0
11	296.64	-0.46248	-4.0537	-0.46248	-4.0537	0	2	75	3.1058	4.2473	1	12.106	3.2474	0	-7.3438	3	-1	1	1	0	0	0
11	313.18	-0.38205	-3.3138	-0.38205	-3.3138	0	2	75	3.1058	4.2473	1	12.106	3.2474	0	-7.3438	3	-1	1	1	0	0	0
11	329.75	-0.34183	-2.9277	-0.34183	-2.9277	0	2	75	3.1058	4.2473	1	12.106	3.2474	0	-7.3438	3	-1	1	1	0	0	0
11	346.39	-0.20108	-2.1877	-0.20108	-2.1877	0	2	75	3.1058	4.2473	1	12.106	3.2474	0	-7.3438	3	-1	1	1	0	1	0
11	362.99	-0.020108	-1.4156	-0.020108	-1.4156	0	2	75	3.1058	4.2473	1	12.106	3.2474	0	-7.3438	3	-1	1	1	0	0	0
11	379.61	0.10054	-1.0295	0.10054	-1.0295	0	2	75	3.1058	4.2473	1	12.106	3.2474	0	-7.3438	3	-1	1	1	0	0	0
11	396.19	0.34183	-0.32173	0.34183	-0.32173	0	2	75	3.1058	4.2473	1	12.106	3.2474	0	-7.3438	3	-1	1	1	0	0	0
11	412.79	0.5027	0.032173	0.5027	0.032173	0	2	75	3.1058	4.2473	1	12.106	3.2474	0	-7.3438	3	-1	1	1	0	0	0
11	429.32	0.80432	0.67563	0.80432	0.67562	0	2	75	3.1058	4.2473	1	12.106	3.2474	0	-7.3438	3	-1	1	1	0	0	0
11	445.92	1.1663	1.2547	1.1663	1.2547	0	2	75	3.1058	4.2473	1	12.106	3.2474	0	-7.3438	3	-1	1	1	0	0	0
11	462.51	1.5684	1.7695	1.5684	1.7695	0	2	75	3.1058	4.2473	1	12.106	3.2474	0	-7.3438	3	-1	1	1	0	0	0
11	479.05	1.7695	2.0269	1.7695	2.0269	0	2	75	3.1058	4.2473	1	12.106	3.2474	0	-7.3438	3	-1	1	1	0	0	0
11	495.72	2.232	2.4773	2.232	2.4773	0	2	75	3.1058	4.2473	1	12.106	3.2474	0	-7.3438	3	-1	1	1	0	0	0
11	512.34	2.4532	2.7025	2.4532	2.7025	0	2	75	3.1058	4.2473	1	12.106	3.2474	0	-7.3438	3	-1	1	1	0	0	0
11	528.94	2.9358	3.1207	2.9358	3.1207	0	2	75	3.1058	4.2473	1	12.106	3.2474	0	-7.3438	3	-1	1	1	0	0	0
11	545.52	3.3982	3.4746	3.3982	3.4746	0	2	75	3.1058	4.2473	1	12.106	3.2474	0	-7.3438	3	-1	1	1	0	0	0
11	562.11	3.8406	3.7964	3.8406	3.7964	0	2	75	3.1058	4.2473	1	12.106	3.2474	0	-7.3438	3	-1	1	1	0	0	0
11	578.73	4.0618	3.9251	4.0618	3.9251	0	2	75	3.1058	4.2473	1	12.106	3.2474	0	-7.3438	3	-1	1	1	0	0	0
11	595.32	4.464	4.1824	4.464	4.1824	0	2	75	3.1058	4.2473	1	12.106	3.2474	0	-7.3438	3	-1	1	0	0	0	0
11	611.93	4.6449	4.3111	4.6449	4.3111	0	2	75	3.1058	4.2473	1	12.106	3.2474	0	-7.3438	3	-1	1	0	0	0	0
11	628.51	4.9868	4.5042	4.9868	4.5042	0	2	75	3.1058	4.2473	1	12.106	3.2474	0	-7.3438	3	-1	1	0	0	0	0
11	645.08	5.2683	4.665	5.2683	4.665	0	2	75	3.1058	4.2473	1	12.106	3.2474	0	-7.3438	3	-1	1	0	0	0	0
11	661.65	5.409	4.7294	5.409	4.7294	0	2	75	3.1058	4.2473	1	12.106	3.2474	0	-7.3438	3	-1	1	0	0	0	0
11	678.25	5.6302	4.8581	5.6302	4.8581	0	2	75	3.1058	4.2473	1	12.106	3.2474	0	-7.3438	3	-1	1	0	0	0	0
11	695.03	5.8112	4.9224	5.8112	4.9224	0	2	75	3.1058	4.2473	1	12.106	3.2474	0	-7.3438	3	-1	1	0	0	0	0
11	711.43	5.8715	4.9546	5.8715	4.9546	0	2	75	3.1058	4.2473	1	12.106	3.2474	0	-7.3438	3	-1	1	0	0	0	0
11	728.06	5.972	5.0189	5.972	5.0189	0	2	75	3.1058	4.2473	1	12.106	3.2474	0	-7.3438	3	-1	1	0	0	0	0
11	744.68	6.0123	5.0511	6.0123	5.0511	0	2	75	3.1058	4.2473	1	12.106	3.2474	0	-7.3438	3	-1	1	0	0	0	0
11	761.26	6.0726	5.0511	6.0726	5.0511	0	2	75	3.1058	4.2473	1	12.106	3.2474	0	-7.3438	3	-1	1	0	0	0	0
11	777.79	6.0927	5.0833	6.0927	5.0833	0	2	75	3.1058	4.2473	1	12.106	3.2474	0	-7.3438	3	-1	1	0	0	0	0
11	794.43	6.0927	5.0833	6.0927	5.0833	0	2	75	3.1058	4.2473	1	12.106	3.2474	0	-7.3438	3	-1	1	0	0	0	0
11	811.05	6.0927	5.0833	6.0927	5.0833	0	3	75	3.1058	4.2473	1	12.106	3.2474	0	-7.3438	3	-1	1	0	0	0	0
11	1275.7	4.4841	2.8634	4.4841	2.8634	0	2	75	3.1058	4.2473	1	12.106	3.2474	0	-7.3438	3	-1	1	0	0	0	0
11	1292.3	4.2428	2.5095	4.2428	2.5095	0	2	75	3.1058	4.2473	1	12.106	3.2474	0	-7.3438	3	-1	1	0	0	0	0
11	1308.8	3.7803	1.7373	3.7803	1.7373	0	2	75	3.1058	4.2473	1	12.106	3.2474	0	-7.3438	3	-1	1	0	0	0	0
11	1325.4	3.2977	0.93301	3.2977	0.93301	0	2	75	3.1058	4.2473	1	12.106	3.2474	0	-7.3438	3	-1	1	0	0	0	0
11	1342	3.0564	0.51476	3.0564	0.51476	0	2	75	3.1058	4.2473	1	12.106	3.2474	0	-7.3438	3	-1	1	0	0	0	0
11	1358.7	2.5738	-0.3539	2.5738	-0.3539	0	2	75	3.1058	4.2473	1	12.106	3.2474	0	-7.3438	3	-1	1	0	0	0	0
11	1375.2	2.1113	-1.1904	2.1113	-1.1904	0	2	75	3.1058	4.2473	1	12.106	3.2474	0	-7.3438	3	-1	1	0	0	0	0
11	1391.8	1.9102	-1.6408	1.9102	-1.6408	0	2	75	3.1058	4.2473	1	12.106	3.2474	0	-7.3438	3	-1	1	0	0	0	0
11	1408.4	1.5081	-2.4451	1.5081	-2.4451	0	2	75	3.1058	4.2473	1	12.106	3.2474	0	-7.3438	3	-1	1	0	0	0	0
11	1425	1.1461	-3.2816	1.1461	-3.2816	0	2	75	3.1058	4.2473	1	12.106	3.2474	0	-7.3438	3	-1	1	0	0	0	0
11	1441.6	0.96518	-3.6999	0.96518	-3.6999	0	2	75	3.1058	4.2473	1	12.106	3.2474	0	-7.3438	3	-1	1	0	0	0	0
11	1458.1	0.64345	-4.5042	0.64345	-4.5042	0	2	75	3.1058	4.2473	1	12.106	3.2474	0	-7.3438	3	-1	1	0	0	0	0
11	1474.8	0.36194	-5.2763	0.36194	-5.2763	0	2	75	3.1058	4.2473	1	12.106	3.2474	0	-7.3438	3	-1	1	0	0	0	0
11	1491.4	0.24129	-5.6302	0.24129	-5.6302	0	2	75	3.1058	4.2473	1	12.106	3.2474	0	-7.3438	3	-1	1	0	0	0	0
11	1508	0.020108	-6.338	0.020108	-6.338	0	2	75	3.1058	4.2473	1	12.106	3.2474	0	-7.3438	3	-1	1	0	0	0	0
11	1524.6	-0.060324	-6.6919	-0.060324	-6.6919	0	2	75	3.1058	4.2473	1	12.106	3.2474	0	-7.3438	3	-1	1	0	0	0	0
11	1541.2	-0.22119	-7.2388	-0.22119	-7.2388	0	2	75	3.1058	4.2473	1	12.106	3.2474	0	-7.3438	3	-1	1	0	0	0	0
11	1557.7	-0.2614	-7.4962	-0.2614	-7.4962	0	2	75	3.1058	4.2473	1	12.106	3.2474	0	-7.3438	3	-1	1	0	0	0	0
11	1574.3	-0.2614	-7.464	-0.2614	-7.464	0	2	75	3.1058	4.2473	1	12.106	3.2474	0	-7.3438	3	-1	1	0	0	0	0
11	1591	-0.2614	-7.464	-0.2614	-7.464	0	2	75	3.1058	4.2473	1	12.106	3.2474	0	-7.3438	3	-1	1	0	0	0	0
11	1607.6	-0.2614	-7.464	-0.2614	-7.464	0	2	75	3.1058	4.2473	1	12.106	3.2474	0	-7.3438	3	-1	1	0	0	0	0
11	1624.2	-0.2614	-7.464	-0.2614	-7.464	0	2	75	3.1058	4.2473	1	12.106	3.2474	0	-7.3438	3	-1	1	0	0	0	0
11	1640.7	-0.24129	-7.464	-0.24129	-7.464	0	2	75	3.1058	4.2473	1	12.106	3.2474	0	-7.3438	3	-1	1	0	0	0	0
11	1657.3	-0.24129	-7.464	-0.24129	-7.464	0	2	75	3.1058	4.2473	1	12.106	3.2474	0	-7.3438	3	-1	1	0	0	0	0
11	1673.9	-0.24129	-7.464	-0.24129	-7.464	0	2	75	3.1058	4.2473	1	12.106	3.2474	0	-7.3438	3	-1	1	0	0	0	0
11	1690.5	-0.24129	-7.464	-0.24129	-7.464	0	2	75	3.1058	4.2473	1	12.106	3.2474	0	-7.3438	3	-1	1	0	0	0	0
11	1707.1	-0.24129	-7.464	-0.24129	-7.464	0	2	75	3.1058	4.2473	1	12.106	3.2474	0	-7.3438	3	-1	1	0	0	0	0
11	1723.7	-0.24129	-7.464	-0.24129	-7.464	0	2	75	3.1058	4.2473	1	12.106	3.2474	0	-7.3438	3	-1	1	0	0	0	0
11	1740.3	-0.24129	-7.464	-0.24129	-7.464	0	2	75	3.1058	4.2473	1	12.106	3.2474	0	-7.3438	3	-1	1	0	0	0	0
11	1756.9	-0.24129	-7.464	-0.24129	-7.464	0	2	75	3.1058	4.2473	1	12.106	3.2474	0	-7.3438	3	-1	1	0	0	0	0
11	1773.5	-0.24129	-7.464	-0.24129	-7.464	0	2	75	3.1058	4.2473	1	12.106	3.2474	0	-7.3438	3	-1	1	0	0	0	0
11	1790	-0.24129	-7.464	-0.24129	-7.464	0	2	75	3.1058	4.2473	1	12.106	3.2474	0	-7.3438	3	-1	1	0	0	0	0
11	1806.6	-0.24129	-7.464	-0.24129	-7.464	0	2	75	3.1058	4.2473	1	12.106	3.2474	0	-7.3438	3	-1	1	0	0	0	0
11	1823.3	-0.24129	-7.464	-0.24129	-7.464	0	2	75	3.1058	4.2473	1	12.106	3.2474	0	-7.3438	3	-1	1	0	0	0	0
11	1839.9	-0.24129	-7.464	-0.24129	-7.464	0	2	75	3.1058	4.2473	1	12.106	3.2474	0	-7.3438	3	-1	1	0	0	0	0
11	1856.4	-0.24129	-7.464	-0.24129	-7.464	0	2	75	3.1058	4.2473	1	12.106	3.2474	0	-7.3438	3	-1	1	0	0	0	0
11	1873.1	-0.24129	-7.464	-0.24129	-7.464	0	2	75	3.1058	4.2473	1	12.106	3.2474	0	-7.3438	3	-1	1	0	0	0	0
11	1889.6	-0.24129	-7.464	-0.24129	-7.464	0	2	75	3.1058	4.2473	1	12.106	3.2474	0	-7.3438	3	-1	1	0	0	0	0
11	1906.2	-0.24129	-7.4319	-0.24129	-7.4319	0	2	75	3.1058	4.2473	1	12.106	3.2474	0	-7.3438	3	-1	1	0	0	0	0
11	1922.8	-0.24129	-7.4319	-0.24129	-7.4319	0	2	75	3.1058	4.2473	1	12.106	3.2474	0	-7.3438	3	-1	1	0	0	0	0
11	1939.4	-0.24129	-7.4319	-0.24129	-7.4319	0	2	75	3.1058	4.2473	1	12.106	3.2474	0	-7.3438	3	-1	1	0	0	0	0
11	1956	-0.22119	-7.3675	-0.22119	-7.3675	0	2	75	3.1058	4.2473	1	12.106	3.2474	0	-7.3438	3	-1	1	0	0	0	0
11	1972.6	-0.20108	-7.2388	-0.20108	-7.2388	0	2	75	3.1058	4.2473	1	12.106	3.2474	0	-7.3438	3	-1	1	0	0	0	0
11	1989.2	-0.12065	-6.9493	-0.12065	-6.9493	0	2	75	3.1058	4.2473	1	12.106	3.2474	0	-7.3438	3	-1	1	0	0	0	0
11	2005.8	0	-6.531	0	-6.531	0	2	75	3.1058	4.2473	1	12.106	3.2474	0	-7.3438	3	-1	1	0	0	0	0
11	2022.4	0.060324	-6.2737	0.060324	-6.2737	0	2	75	3.1058	4.2473	1	12.106	3.2474	0	-7.3438	3	-1	1	0	0	0	0
11	2039	0.24129	-5.7911	0.24129	-5.7911	0	2	75	3.1058	4.2473	1	12.106	3.2474	0	-7.3438	3	-1	1	0	0	0	0
11	2055.6	0.36194	-5.5015	0.36194	-5.5015	0	2	75	3.1058	4.2473	1	12.106	3.2474	0	-7.3438	3	-1	1	0	0	0	0
11	2072.2	0.62334	-4.8581	0.62334	-4.8581	0	2	75	3.1058	4.2473	1	12.106	3.2474	0	-7.3438	3	-1	1	0	0	0	0
11	2088.8	0.96518	-4.0859	0.96518	-4.0859	0	2	75	3.1058	4.2473	1	12.106	3.2474	0	-7.3438	3	-1	1	0	0	0	0
11	2105.3	1.3472	-3.2173	1.3472	-3.2173	0	2	75	3.1058	4.2473	1	12.106	3.2474	0	-7.3438	3	-1	1	0	0	0	0
11	2121.9	1.5483	-2.799	1.5483	-2.799	0	2	75	3.1058	4.2473	1	12.106	3.2474	0	-7.3438	3	-1	1	0	0	0	0
11	2138.5	1.9706	-1.9947	1.9706	-1.9947	0	2	75	3.1058	4.2473	1	12.106	3.2474	0	-7.3438	3	-1	1	0	0	0	0
11	2155.1	2.1717	-1.6086	2.1717	-1.6086	0	2	75	3.1058	4.2473	1	12.106	3.2474	0	-7.3438	3	-1	1	0	0	0	0
11	2171.8	2.614	-0.83649	2.614	-0.83649	0	2	75	3.1058	4.2473	1	12.106	3.2474	0	-7.3438	3	-1	1	0	0	0	0
11	2188.3	3.0765	-0.032173	3.0765	-0.032173	0	2	75	3.1058	4.2473	1	12.106	3.2474	0	-7.3438	3	-1	1	0	0	0	0
11	2204.9	3.5591	0.73997	3.5591	0.73997	0	2	75	3.1058	4.2473	1	12.106	3.2474	0	-7.3438	3	-1	1	0	0	0	0
11	2221.5	3.7803	1.0939	3.7803	1.0939	0	2	75	3.1058	4.2473	1	12.106	3.2474	0	-7.3438	3	-1	1	0	0	0	0
11	2238.1	4.1824	1.7051	4.1824	1.7051	0	2	75	3.1058	4.2473	1	12.106	3.2474	0	-7.3438	3	-1	1	0	0	0	0
11	2254.6	4.3634	1.9625	4.3634	1.9625	0	2	75	3.1058	4.2473	1	12.106	3.2474	0	-7.3438	3	-1	1	0	0	0	0
11	2271.2	4.7052	2.4451	4.7052	2.4451	0	2	75	3.1058	4.2473	1	12.106	3.2474	0	-7.3438	3	-1	1	0	0	0	0
11	2287.9	5.0471	2.9277	5.0471	2.9277	0	2	75	3.1058	4.2473	1	12.106	3.2474	0	-7.3438	3	-1	1	0	0	0	0
11	2304.5	5.1878	3.1207	5.1878	3.1207	0	2	75	3.1058	4.2473	1	12.106	3.2474	0	-7.3438	3	-1	1	0	0	0	0
11	2321.1	5.4291	3.4746	5.4291	3.4746	0	2	75	3.1058	4.2473	1	12.106	3.2474	0	-7.3438	3	-1	1	0	0	0	0
11	2337.6	5.59	3.6677	5.59	3.6677	0	2	75	3.1058	4.2473	1	12.106	3.2474	0	-7.3438	3	-1	1	0	0	0	0
11	2354.2	5.6302	3.732	5.6302	3.732	0	2	75	3.1058	4.2473	1	12.106	3.2474	0	-7.3438	3	-1	1	0	0	0	0
11	2370.9	5.6905	3.8285	5.6905	3.8285	0	2	75	3.1058	4.2473	1	12.106	3.2474	0	-7.3438	3	-1	1	0	0	0	0
11	2387.5	5.7307	3.8929	5.7307	3.8929	0	2	75	3.1058	4.2473	1	12.106	3.2474	0	-7.3438	3	-1	1	0	0	0	0
11	2404.1	5.7307	3.8929	5.7307	3.8929	0	2	75	3.1058	4.2473	1	12.106	3.2474	0	-7.3438	3	-1	1	0	0	0	0
11	2420.7	5.7307	3.8929	5.7307	3.8929	0	2	75	3.1058	4.2473	1	12.106	3.2474	0	-7.3438	3	-1	1	0	0	0	0
11	2437.2	5.7307	3.8929	5.7307	3.8929	0	2	75	3.1058	4.2473	1	12.106	3.2474	0	-7.3438	3	-1	1	0	0	0	0
11	2453.8	5.7307	3.8929	5.7307	3.8929	0	2	75	3.1058	4.2473	1	12.106	3.2474	0	-7.3438	3	-1	1	0	0	0	0
11	2470.4	5.7307	3.8929	5.7307	3.8929	0	2	75	3.1058	4.2473	1	12.106	3.2474	0	-7.3438	3	-1	1	0	0	0	0
11	2487	5.7307	3.8929	5.7307	3.8929	0	3	75	3.1058	4.2473	1	12.106	3.2474	0	-7.3438	3	-1	1	0	0	0	0
