0	4.9279	1.8901	-8.8153	1.8901	-8.8153	0	1	75	3.1058	4.2473	-1	-5.8942	3.2474	0	-7.3438	3	-1	1	0	0	0	0
0	21.702	1.8901	-8.8153	1.8901	-8.8153	0	1	75	3.1058	4.2473	-1	-5.8942	3.2474	0	-7.3438	3	-1	1	0	0	0	0
0	38.352	1.8901	-8.8153	1.8901	-8.8153	0	1	75	3.1058	4.2473	-1	-5.8942	3.2474	0	-7.3438	3	-1	1	0	0	0	0
0	54.875	1.8901	-8.8153	1.8901	-8.8153	0	1	75	3.1058	4.2473	-1	-5.8942	3.2474	0	-7.3438	3	-1	1	0	0	0	0
0	71.604	1.8901	-8.8153	1.8901	-8.8153	0	1	75	3.1058	4.2473	-1	-5.8942	3.2474	0	-7.3438	3	-1	1	0	0	0	0
0	88.219	1.8901	-8.8153	1.8901	-8.8153	0	1	75	3.1058	4.2473	-1	-5.8942	3.2474	0	-7.3438	3	-1	1	0	0	0	0
0	104.82	1.9102	-8.8153	1.9102	-8.8153	0	1	75	3.1058	4.2473	-1	-5.8942	3.2474	0	-7.3438	3	-1	1	0	0	0	0
0	121.45	1.9102	-8.8153	1.9102	-8.8153	0	1	75	3.1058	4.2473	-1	-5.8942	3.2474	0	-7.3438	3	-1	1	0	0	0	0
0	138.01	1.9102	-8.8153	1.9102	-8.8153	0	1	75	3.1058	4.2473	-1	-5.8942	3.2474	0	-7.3438	3	-1	1	0	0	0	0
0	154.58	1.9102	-8.8153	1.9102	-8.8153	0	1	75	3.1058	4.2473	-1	-5.8942	3.2474	0	-7.3438	3	-1	1	0	0	0	0
0	171.2	1.9505	-8.751	1.9505	-8.751	0	1	75	3.1058	4.2473	-1	-5.8942	3.2474	0	-7.3438	3	-1	1	0	0	0	0
0	187.81	1.9706	-8.7188	1.9706	-8.7188	0	1	75	3.1058	4.2473	-1	-5.8942	3.2474	0	-7.3438	3	-1	1	0	0	0	0
0	204.37	2.0711	-8.5579	2.0711	-8.5579	0	1	75	3.1058	4.2473	-1	-5.8942	3.2474	0	-7.3438	3	-1	1	0	0	0	0
0	221.02	2.1113	-8.4614	2.1113	-8.4614	0	1	75	3.1058	4.2473	-1	-5.8942	3.2474	0	-7.3438	3	-1	1	0	0	0	0
0	237.56	2.1918	-8.2684	2.1918	-8.2684	0	1	75	3.1058	4.2473	-1	-5.8942	3.2474	0	-7.3438	3	-1	1	0	0	0	0
0	254.12	2.2722	-8.011	2.2722	-8.011	0	1	75	3.1058	4.2473	-1	-5.8942	3.2474	0	-7.3438	3	-1	1	0	0	0	0
0	270.74	2.3526	-7.8501	2.3526	-7.8501	0	1	75	3.1058	4.2473	-1	-5.8942	3.2474	0	-7.3438	3	-1	1	0	0	0	0
0	287.33	2.3928	-7.7858	2.3928	-7.7858	0	1	75	3.1058	4.2473	-1	-5.8942	3.2474	0	-7.3438	3	-1	1	0	0	0	0
0	303.96	2.4129	-7.7536	2.4129	-7.7536	0	1	75	3.1058	4.2473	-1	-5.8942	3.2474	0	-7.3438	3	-1	1	0	0	0	0
0	320.54	2.4129	-7.7858	2.4129	-7.7858	0	1	75	3.1058	4.2473	-1	-5.8942	3.2474	0	-7.3438	3	-1	1	0	0	0	0
0	337.13	2.4129	-7.7858	2.4129	-7.7858	0	1	75	3.1058	4.2473	-1	-5.8942	3.2474	0	-7.3438	3	-1	1	0	0	0	0
0	353.69	2.4331	-7.7536	2.4331	-7.7536	0	1	75	3.1058	4.2473	-1	-5.8942	3.2474	0	-7.3438	3	-1	1	0	0	0	0
0	370.32	2.4331	-7.7536	2.4331	-7.7536	0	1	75	3.1058	4.2473	-1	-5.8942	3.2474	0	-7.3438	3	-1	1	0	0	0	0
0	386.92	2.4532	-7.7214	2.4532	-7.7214	0	1	75	3.1058	4.2473	-1	-5.8942	3.2474	0	-7.3438	3	-1	1	0	0	0	0
0	403.49	2.4733	-7.6893	2.4733	-7.6893	0	1	75	3.1058	4.2473	-1	-5.8942	3.2474	0	-7.3438	3	-1	1	0	0	0	0
0	420.08	2.4733	-7.6893	2.4733	-7.6893	0	1	75	3.1058	4.2473	-1	-5.8942	3.2474	0	-7.3438	3	-1	1	0	0	0	0
0	436.68	2.4733	-7.6571	2.4733	-7.6571	0	1	75	3.1058	4.2473	-1	-5.8942	3.2474	0	-7.3438	3	-1	1	0	0	0	0
0	453.29	2.4733	-7.6571	2.4733	-7.6571	0	1	75	3.1058	4.2473	-1	-5.8942	3.2474	0	-7.3438	3	-1	1	0	0	0	0
0	469.89	2.4733	-7.6571	2.4733	-7.6571	0	1	75	3.1058	4.2473	-1	-5.8942	3.2474	0	-7.3438	3	-1	1	0	0	0	0
0	486.48	2.4733	-7.6571	2.4733	-7.6571	0	1	75	3.1058	4.2473	-1	-5.8942	3.2474	0	-7.3438	3	-1	1	0	0	0	0
0	503.07	2.4733	-7.6571	2.4733	-7.6571	0	1	75	3.1058	4.2473	-1	-5.8942	3.2474	0	-7.3438	3	-1	1	0	0	0	0
0	519.66	2.4532	-7.6571	2.4532	-7.6571	0	1	75	3.1058	4.2473	-1	-5.8942	3.2474	0	-7.3438	3	-1	1	0	0	0	0
0	536.36	2.3727	-7.5927	2.3727	-7.5927	0	1	75	3.1058	4.2473	-1	-5.8942	3.2474	0	-7.3438	3	-1	1	0	0	0	0
0	552.92	2.2119	-7.4319	2.2119	-7.4319	0	1	75	3.1058	4.2473	-1	-5.8942	3.2474	0	-7.3438	3	-1	1	0	0	0	0
0	569.47	2.0309	-7.2388	2.0309	-7.2388	0	1	75	3.1058	4.2473	-1	-5.8942	3.2474	0	-7.3438	3	-1	1	0	0	0	0
0	586.14	1.9706	-7.1423	1.9706	-7.1423	0	1	75	3.1058	4.2473	-1	-5.8942	3.2474	0	-7.3438	3	-1	1	0	0	0	0
0	602.74	1.8901	-7.0136	1.8901	-7.0136	0	1	75	3.1058	4.2473	-1	-5.8942	3.2474	0	-7.3438	3	-1	1	0	0	0	0
0	619.31	1.8499	-6.9493	1.8499	-6.9493	0	1	75	3.1058	4.2473	-1	-5.8942	3.2474	0	-7.3438	3	-1	1	0	0	0	0
0	635.93	1.7695	-6.8528	1.7695	-6.8528	0	1	75	3.1058	4.2473	-1	-5.8942	3.2474	0	-7.3438	3	-1	1	0	0	0	0
0	652.53	1.6488	-6.7562	1.6488	-6.7562	0	1	75	3.1058	4.2473	-1	-5.8942	3.2474	0	-7.3438	3	-1	1	0	0	0	0
0	669.12	1.6086	-6.7241	1.6086	-6.7241	0	1	75	3.1058	4.2473	-1	-5.8942	3.2474	0	-7.3438	3	-1	1	0	0	0	0
0	685.71	1.5081	-6.6597	1.5081	-6.6597	0	1	75	3.1058	4.2473	-1	-5.8942	3.2474	0	-7.3438	3	-1	1	0	0	0	0
0	702.24	1.4076	-6.5954	1.4076	-6.5954	0	1	75	3.1058	4.2473	-1	-5.8942	3.2474	0	-7.3438	3	-1	1	0	0	0	0
0	718.88	1.3673	-6.5632	1.3673	-6.5632	0	1	75	3.1058	4.2473	-1	-5.8942	3.2474	0	-7.3438	3	-1	1	0	0	0	0
0	735.45	1.2668	-6.4989	1.2668	-6.4989	0	1	75	3.1058	4.2473	-1	-5.8942	3.2474	0	-7.3438	3	-1	1	0	0	0	0
0	752.05	1.1864	-6.4345	1.1864	-6.4345	0	1	75	3.1058	4.2473	-1	-5.8942	3.2474	0	-7.3438	3	-1	1	0	0	0	0
0	768.66	1.1663	-6.4024	1.1663	-6.4024	0	1	75	3.1058	4.2473	-1	-5.8942	3.2474	0	-7.3438	3	-1	1	0	0	0	0
0	785.29	1.1461	-6.3702	1.1461	-6.3702	0	1	75	3.1058	4.2473	-1	-5.8942	3.2474	0	-7.3438	3	-1	1	0	0	0	0
0	801.86	1.126	-6.3702	1.126	-6.3702	0	1	75	3.1058	4.2473	-1	-5.8942	3.2474	0	-7.3438	3	-1	1	0	0	0	0
0	818.44	1.126	-6.3702	1.126	-6.3702	0	1	75	3.1058	4.2473	-1	-5.8942	3.2474	0	-7.3438	3	-1	1	0	0	0	0
0	835.03	1.126	-6.3702	1.126	-6.3702	0	1	75	3.1058	4.2473	-1	-5.8942	3.2474	0	-7.3438	3	-1	1	0	0	0	0
0	851.62	1.0858	-6.4024	1.0858	-6.4024	0	1	75	3.1058	4.2473	-1	-5.8942	3.2474	0	-7.3438	3	-1	1	0	0	0	0
0	868.23	1.0657	-6.4345	1.0657	-6.4345	0	1	75	3.1058	4.2473	-1	-5.8942	3.2474	0	-7.3438	3	-1	1	0	0	0	0
0	884.81	1.0255	-6.5632	1.0255	-6.5632	0	1	75	3.1058	4.2473	-1	-5.8942	3.2474	0	-7.3438	3	-1	1	0	0	0	0
0	901.43	0.96518	-6.7241	0.96518	-6.7241	0	1	75	3.1058	4.2473	-1	-5.8942	3.2474	0	-7.3438	3	-1	1	0	0	0	0
0	918	0.92496	-6.7884	0.92496	-6.7884	0	1	75	3.1058	4.2473	-1	-5.8942	3.2474	0	-7.3438	3	-1	1	0	0	0	0
0	934.62	0.84453	-6.9815	0.84453	-6.9815	0	1	75	3.1058	4.2473	-1	-5.8942	3.2474	0	-7.3438	3	-1	1	0	0	0	0
0	951.17	0.72388	-7.1101	0.72388	-7.1101	0	1	75	3.1058	4.2473	-1	-5.8942	3.2474	0	-7.3438	3	-1	1	0	0	0	0
0	967.74	0.66356	-7.2067	0.66356	-7.2067	0	1	75	3.1058	4.2473	-1	-5.8942	3.2474	0	-7.3438	3	-1	1	0	0	0	0
0	984.39	0.54291	-7.3354	0.54291	-7.3354	0	1	75	3.1058	4.2473	-1	-5.8942	3.2474	0	-7.3438	3	-1	1	0	0	0	0
0	1001	0.52281	-7.3997	0.52281	-7.3997	0	1	75	3.1058	4.2473	-1	-5.8942	3.2474	0	-7.3438	3	-1	1	0	0	0	0
0	1017.6	0.52281	-7.3997	0.52281	-7.3997	0	1	75	3.1058	4.2473	-1	-5.8942	3.2474	0	-7.3438	3	-1	1	0	0	0	0
0	1034.2	0.5027	-7.3997	0.5027	-7.3997	0	1	75	3.1058	4.2473	-1	-5.8942	3.2474	0	-7.3438	3	-1	1	0	0	0	0
0	1050.8	0.5027	-7.3997	0.5027	-7.3997	0	1	75	3.1058	4.2473	-1	-5.8942	3.2474	0	-7.3438	3	-1	1	0	0	0	0
0	1067.4	0.5027	-7.3997	0.5027	-7.3997	0	1	75	3.1058	4.2473	-1	-5.8942	3.2474	0	-7.3438	3	-1	1	0	0	0	0
0	1083.9	0.5027	-7.3997	0.5027	-7.3997	0	1	75	3.1058	4.2473	-1	-5.8942	3.2474	0	-7.3438	3	-1	1	0	0	0	0
0	1100.5	0.5027	-7.3997	0.5027	-7.3997	0	1	75	3.1058	4.2473	-1	-5.8942	3.2474	0	-7.3438	3	-1	1	0	0	0	0
0	1117.2	0.5027	-7.3997	0.5027	-7.3997	0	1	75	3.1058	4.2473	-1	-5.8942	3.2474	0	-7.3438	3	-1	1	0	0	0	0
0	1133.8	0.5027	-7.3997	0.5027	-7.3997	0	1	75	3.1058	4.2473	-1	-5.8942	3.2474	0	-7.3438	3	-1	1	0	0	0	0
0	1150.5	0.52281	-7.3997	0.52281	-7.3997	0	1	75	3.1058	4.2473	-1	-5.8942	3.2474	0	-7.3438	3	-1	1	0	0	0	0
0	1167	0.5027	-7.3997	0.5027	-7.3997	0	1	75	3.1058	4.2473	-1	-5.8942	3.2474	0	-7.3438	3	-1	1	0	0	0	0
0	1183.5	0.5027	-7.3997	0.5027	-7.3997	0	1	75	3.1058	4.2473	-1	-5.8942	3.2474	0	-7.3438	3	-1	1	0	0	0	0
0	1200.1	0.5027	-7.3997	0.5027	-7.3997	0	1	75	3.1058	4.2473	-1	-5.8942	3.2474	0	-7.3438	3	-1	1	0	0	0	0
0	1216.7	0.48259	-7.3997	0.48259	-7.3997	0	1	75	3.1058	4.2473	-1	-5.8942	3.2474	0	-7.3438	3	-1	1	0	0	0	0
0	1233.3	0.40216	-7.4319	0.40216	-7.4319	0	1	75	3.1058	4.2473	-1	-5.8942	3.2474	0	-7.3438	3	-1	1	0	0	0	0
0	1249.9	0.30162	-7.464	0.30162	-7.464	0	1	75	3.1058	4.2473	-1	-5.8942	3.2474	0	-7.3438	3	-1	1	0	0	0	0
0	1266.5	0.2614	-7.464	0.2614	-7.464	0	1	75	3.1058	4.2473	-1	-5.8942	3.2474	0	-7.3438	3	-1	1	0	0	0	0
0	1283.1	0.22119	-7.4962	0.22119	-7.4962	0	1	75	3.1058	4.2473	-1	-5.8942	3.2474	0	-7.3438	3	-1	1	0	0	0	0
0	1299.7	0.20108	-7.4962	0.20108	-7.4962	0	1	75	3.1058	4.2473	-1	-5.8942	3.2474	0	-7.3438	3	-1	1	0	0	0	0
0	1316.3	0.20108	-7.4962	0.20108	-7.4962	0	1	75	3.1058	4.2473	-1	-5.8942	3.2474	0	-7.3438	3	-1	1	0	0	0	0
0	1332.9	0.20108	-7.4962	0.20108	-7.4962	0	1	75	3.1058	4.2473	-1	-5.8942	3.2474	0	-7.3438	3	-1	1	0	0	0	0
0	1349.5	0.20108	-7.4962	0.20108	-7.4962	0	1	75	3.1058	4.2473	-1	-5.8942	3.2474	0	-7.3438	3	-1	1	0	0	0	0
0	1366.1	0.20108	-7.4962	0.20108	-7.4962	0	1	75	3.1058	4.2473	-1	-5.8942	3.2474	0	-7.3438	3	-1	1	0	0	0	0
0	1382.7	0.20108	-7.4962	0.20108	-7.4962	0	1	75	3.1058	4.2473	-1	-5.8942	3.2474	0	-7.3438	3	-1	1	0	0	0	0
0	1399.2	0.18097	-7.464	0.18097	-7.464	0	1	75	3.1058	4.2473	-1	-5.8942	3.2474	0	-7.3438	3	-1	1	0	0	0	0
0	1415.8	0.18097	-7.464	0.18097	-7.464	0	1	75	3.1058	4.2473	-1	-5.8942	3.2474	0	-7.3438	3	-1	1	0	0	0	0
0	1432.4	0.16086	-7.464	0.16086	-7.464	0	1	75	3.1058	4.2473	-1	-5.8942	3.2474	0	-7.3438	3	-1	1	0	0	0	0
0	1449.1	0.16086	-7.464	0.16086	-7.464	0	1	75	3.1058	4.2473	-1	-5.8942	3.2474	0	-7.3438	3	-1	1	0	0	0	0
0	1465.6	0.16086	-7.464	0.16086	-7.464	0	1	75	3.1058	4.2473	-1	-5.8942	3.2474	0	-7.3438	3	-1	1	0	0	0	0
0	1482.3	0.14076	-7.4319	0.14076	-7.4319	0	1	75	3.1058	4.2473	-1	-5.8942	3.2474	0	-7.3438	3	-1	1	0	0	0	0
0	1498.8	0.080432	-7.3997	0.080432	-7.3997	0	1	75	3.1058	4.2473	-1	-5.8942	3.2474	0	-7.3438	3	-1	1	0	0	0	0
0	1515.4	-0.060324	-7.271	-0.060324	-7.271	0	1	75	3.1058	4.2473	-1	-5.8942	3.2474	0	-7.3438	3	-1	1	0	0	0	0
0	1532	-0.14076	-7.2067	-0.14076	-7.2067	0	1	75	3.1058	4.2473	-1	-5.8942	3.2474	0	-7.3438	3	-1	1	0	0	0	0
0	1548.6	-0.30162	-7.078	-0.30162	-7.078	0	1	75	3.1058	4.2473	-1	-5.8942	3.2474	0	-7.3438	3	-1	1	0	0	0	0
0	1565.2	-0.42227	-6.9493	-0.42227	-6.9493	0	1	75	3.1058	4.2473	-1	-5.8942	3.2474	0	-7.3438	3	-1	1	0	0	0	0
0	1581.8	-0.56302	-6.8206	-0.56302	-6.8206	0	1	75	3.1058	4.2473	-1	-5.8942	3.2474	0	-7.3438	3	-1	1	1	0	0	0
0	1598.4	-0.62334	-6.7562	-0.62334	-6.7562	0	1	75	3.1058	4.2473	-1	-5.8942	3.2474	0	-7.3438	3	-1	1	1	0	0	0
0	1615	-0.7641	-6.5954	-0.7641	-6.5954	0	1	75	3.1058	4.2473	-1	-5.8942	3.2474	0	-7.3438	3	-1	1	1	0	0	0
0	1631.5	-0.82442	-6.4989	-0.82442	-6.4989	0	1	75	3.1058	4.2473	-1	-5.8942	3.2474	0	-7.3438	3	-1	1	1	0	0	0
0	1648.1	-0.94507	-6.2737	-0.94507	-6.2737	0	1	75	3.1058	4.2473	-1	-5.8942	3.2474	0	-7.3438	3	-1	1	1	0	0	0
0	1664.8	-1.0456	-6.0163	-1.0456	-6.0163	0	1	75	3.1058	4.2473	-1	-5.8942	3.2474	0	-7.3438	3	-1	1	1	0	0	0
0	1681.4	-1.126	-5.6624	-1.126	-5.6624	0	1	75	3.1058	4.2473	-1	-5.8942	3.2474	0	-7.3438	3	-1	1	1	0	0	0
0	1698	-1.1461	-5.4372	-1.1461	-5.4372	0	2	75	3.1058	4.2473	-1	-5.8942	3.2474	0	-7.3438	3	-1	1	1	0	0	0
0	1714.5	-1.1663	-4.9868	-1.1663	-4.9868	0	2	75	3.1058	4.2473	-1	-5.8942	3.2474	0	-7.3438	3	-1	1	1	0	0	0
0	1731.1	-1.1663	-4.7294	-1.1663	-4.7294	0	2	75	3.1058	4.2473	-1	-5.8942	3.2474	0	-7.3438	3	-1	1	1	0	0	0
0	1747.7	-1.126	-4.1824	-1.126	-4.1824	0	2	75	3.1058	4.2473	-1	-5.8942	3.2474	0	-7.3438	3	-1	1	1	0	0	0
0	1764.3	-1.0657	-3.6033	-1.0657	-3.6033	0	2	75	3.1058	4.2473	-1	-5.8942	3.2474	0	-7.3438	3	-1	1	1	0	0	0
0	1780.9	-0.98529	-2.9921	-0.98529	-2.9921	0	2	75	3.1058	4.2473	-1	-5.8942	3.2474	0	-7.3438	3	-1	1	1	0	0	0
0	1797.5	-0.94507	-2.7025	-0.94507	-2.7025	0	2	75	3.1058	4.2473	-1	-5.8942	3.2474	0	-7.3438	3	-1	1	1	0	0	0
0	1814.1	-0.84453	-2.1234	-0.84453	-2.1234	0	2	75	3.1058	4.2473	-1	-5.8942	3.2474	0	-7.3438	3	-1	1	1	0	0	0
0	1830.7	-0.7641	-1.8017	-0.7641	-1.8017	0	2	75	3.1058	4.2473	-1	-5.8942	3.2474	0	-7.3438	3	-1	1	1	0	0	0
0	1847.3	-0.62334	-1.2226	-0.62334	-1.2226	0	2	75	3.1058	4.2473	-1	-5.8942	3.2474	0	-7.3438	3	-1	1	1	0	0	0
0	1863.9	-0.44237	-0.64345	-0.44237	-0.64345	0	2	75	3.1058	4.2473	-1	-5.8942	3.2474	0	-7.3438	3	-1	1	1	0	0	0
0	1880.5	-0.32173	-0.3539	-0.32173	-0.3539	0	2	75	3.1058	4.2473	-1	-5.8942	3.2474	0	-7.3438	3	-1	1	1	0	1	0
0	1897.1	-0.080432	0.19304	-0.080432	0.19304	0	2	75	3.1058	4.2473	-1	-5.8942	3.2474	0	-7.3438	3	-1	1	1	0	0	0
0	1913.7	0.22119	0.7078	0.22119	0.7078	0	2	75	3.1058	4.2473	-1	-5.8942	3.2474	0	-7.3438	3	-1	1	1	0	0	0
0	1930.3	0.38205	0.96518	0.38205	0.96518	0	2	75	3.1058	4.2473	-1	-5.8942	3.2474	0	-7.3438	3	-1	1	1	0	0	0
0	1946.9	0.72388	1.4799	0.72388	1.4799	0	2	75	3.1058	4.2473	-1	-5.8942	3.2474	0	-7.3438	3	-1	1	1	0	0	0
0	1963.4	1.1461	1.9625	1.1461	1.9625	0	2	75	3.1058	4.2473	-1	-5.8942	3.2474	0	-7.3438	3	-1	1	1	0	0	0
0	1980	1.3673	2.1877	1.3673	2.1877	0	2	75	3.1058	4.2473	-1	-5.8942	3.2474	0	-7.3438	3	-1	1	1	0	0	0
0	1996.6	1.8298	2.606	1.8298	2.606	0	2	75	3.1058	4.2473	-1	-5.8942	3.2474	0	-7.3438	3	-1	1	1	0	0	0
0	2013.3	2.2722	2.9277	2.2722	2.9277	0	2	75	3.1058	4.2473	-1	-5.8942	3.2474	0	-7.3438	3	-1	1	1	0	0	0
0	2029.8	2.4934	3.0886	2.4934	3.0886	0	2	75	3.1058	4.2473	-1	-5.8942	3.2474	0	-7.3438	3	-1	1	1	0	0	0
0	2046.4	2.9559	3.3138	2.9559	3.3138	0	2	75	3.1058	4.2473	-1	-5.8942	3.2474	0	-7.3438	3	-1	1	1	0	0	0
0	2063	3.3982	3.5068	3.3982	3.5068	0	2	75	3.1058	4.2473	-1	-5.8942	3.2474	0	-7.3438	3	-1	1	1	0	0	0
0	2079.6	3.6194	3.5712	3.6194	3.5712	0	2	75	3.1058	4.2473	-1	-5.8942	3.2474	0	-7.3438	3	-1	1	1	0	0	0
0	2096.2	4.0216	3.6999	4.0216	3.6999	0	2	75	3.1058	4.2473	-1	-5.8942	3.2474	0	-7.3438	3	-1	1	1	0	0	0
0	2112.8	4.2025	3.7642	4.2025	3.7642	0	2	75	3.1058	4.2473	-1	-5.8942	3.2474	0	-7.3438	3	-1	1	0	0	0	0
0	2129.4	4.5243	3.8285	4.5243	3.8285	0	2	75	3.1058	4.2473	-1	-5.8942	3.2474	0	-7.3438	3	-1	1	0	0	0	0
0	2146	4.7656	3.8607	4.7656	3.8607	0	2	75	3.1058	4.2473	-1	-5.8942	3.2474	0	-7.3438	3	-1	1	0	0	0	0
0	2162.6	4.9465	3.8607	4.9465	3.8607	0	2	75	3.1058	4.2473	-1	-5.8942	3.2474	0	-7.3438	3	-1	1	0	0	0	0
0	2179	5.027	3.8929	5.027	3.8929	0	2	75	3.1058	4.2473	-1	-5.8942	3.2474	0	-7.3438	3	-1	1	0	0	0	0
0	2195.7	5.1476	3.8929	5.1476	3.8929	0	2	75	3.1058	4.2473	-1	-5.8942	3.2474	0	-7.3438	3	-1	1	0	0	0	0
0	2212.3	5.2079	3.8929	5.2079	3.8929	0	2	75	3.1058	4.2473	-1	-5.8942	3.2474	0	-7.3438	3	-1	1	0	0	0	0
0	2228.9	5.3085	3.8929	5.3085	3.8929	0	2	75	3.1058	4.2473	-1	-5.8942	3.2474	0	-7.3438	3	-1	1	0	0	0	0
0	2245.6	5.3688	3.8929	5.3688	3.8929	0	2	75	3.1058	4.2473	-1	-5.8942	3.2474	0	-7.3438	3	-1	1	0	0	0	0
0	2262.2	5.409	3.8929	5.409	3.8929	0	2	75	3.1058	4.2473	-1	-5.8942	3.2474	0	-7.3438	3	-1	1	0	0	0	0
0	2278.7	5.409	3.8929	5.409	3.8929	0	2	75	3.1058	4.2473	-1	-5.8942	3.2474	0	-7.3438	3	-1	1	0	0	0	0
0	2295.3	5.4291	3.8929	5.4291	3.8929	0	3	75	3.1058	4.2473	-1	-5.8942	3.2474	0	-7.3438	3	-1	1	0	0	0	0
0	2577.5	4.1422	2.6382	4.1422	2.6382	0	2	75	3.1058	4.2473	-1	-5.8942	3.2474	0	-7.3438	3	-1	1	0	0	0	0
0	2594	4.0618	2.5738	4.0618	2.5738	0	3	75	3.1058	4.2473	-1	-5.8942	3.2474	0	-7.3438	3	-1	1	0	0	0	0
1	28.755	0.68367	-7.3354	0.68367	-7.3354	0	1	105	-3.1058	4.2473	-1	-12.106	3.2474	0	-7.3438	3	-1	1	0	0	0	0
1	45.371	0.66356	-7.3354	0.66356	-7.3354	0	1	105	-3.1058	4.2473	-1	-12.106	3.2474	0	-7.3438	3	-1	1	0	0	0	0
1	61.964	0.66356	-7.3354	0.66356	-7.3354	0	1	105	-3.1058	4.2473	-1	-12.106	3.2474	0	-7.3438	3	-1	1	0	0	0	0
1	78.582	0.66356	-7.3354	0.66356	-7.3354	0	1	105	-3.1058	4.2473	-1	-12.106	3.2474	0	-7.3438	3	-1	1	0	0	0	0
1	95.121	0.64345	-7.3354	0.64345	-7.3354	0	1	105	-3.1058	4.2473	-1	-12.106	3.2474	0	-7.3438	3	-1	1	0	0	0	0
1	111.71	0.64345	-7.3354	0.64345	-7.3354	0	1	105	-3.1058	4.2473	-1	-12.106	3.2474	0	-7.3438	3	-1	1	0	0	0	0
1	128.31	0.64345	-7.3354	0.64345	-7.3354	0	1	105	-3.1058	4.2473	-1	-12.106	3.2474	0	-7.3438	3	-1	1	0	0	0	0
1	144.91	0.64345	-7.3354	0.64345	-7.3354	0	1	105	-3.1058	4.2473	-1	-12.106	3.2474	0	-7.3438	3	-1	1	0	0	0	0
1	161.53	0.62334	-7.3354	0.62334	-7.3354	0	1	105	-3.1058	4.2473	-1	-12.106	3.2474	0	-7.3438	3	-1	1	0	0	0	0
1	178.1	0.62334	-7.3354	0.62334	-7.3354	0	1	105	-3.1058	4.2473	-1	-12.106	3.2474	0	-7.3438	3	-1	1	0	0	0	0
1	194.64	0.62334	-7.3675	0.62334	-7.3675	0	1	105	-3.1058	4.2473	-1	-12.106	3.2474	0	-7.3438	3	-1	1	0	0	0	0
1	211.27	0.60324	-7.3675	0.60324	-7.3675	0	1	105	-3.1058	4.2473	-1	-12.106	3.2474	0	-7.3438	3	-1	1	0	0	0	0
1	227.86	0.58313	-7.3675	0.58313	-7.3675	0	1	105	-3.1058	4.2473	-1	-12.106	3.2474	0	-7.3438	3	-1	1	0	0	0	0
1	244.41	0.56302	-7.3675	0.56302	-7.3675	0	1	105	-3.1058	4.2473	-1	-12.106	3.2474	0	-7.3438	3	-1	1	0	0	0	0
1	261.05	0.44237	-7.3675	0.44237	-7.3675	0	1	105	-3.1058	4.2473	-1	-12.106	3.2474	0	-7.3438	3	-1	1	0	0	0	0
1	277.66	0.24129	-7.4319	0.24129	-7.4319	0	1	105	-3.1058	4.2473	-1	-12.106	3.2474	0	-7.3438	3	-1	1	0	0	0	0
1	294.26	0.060324	-7.464	0.060324	-7.464	0	1	105	-3.1058	4.2473	-1	-12.106	3.2474	0	-7.3438	3	-1	1	0	0	0	0
1	310.82	-0.020108	-7.464	-0.020108	-7.464	0	1	105	-3.1058	4.2473	-1	-12.106	3.2474	0	-7.3438	3	-1	1	0	0	0	0
1	327.44	-0.16086	-7.464	-0.16086	-7.464	0	1	105	-3.1058	4.2473	-1	-12.106	3.2474	0	-7.3438	3	-1	1	0	0	0	0
1	344.02	-0.20108	-7.464	-0.20108	-7.464	0	1	105	-3.1058	4.2473	-1	-12.106	3.2474	0	-7.3438	3	-1	1	0	0	0	0
1	360.66	-0.20108	-7.464	-0.20108	-7.464	0	1	105	-3.1058	4.2473	-1	-12.106	3.2474	0	-7.3438	3	-1	1	0	0	0	0
1	377.22	-0.22119	-7.464	-0.22119	-7.464	0	1	105	-3.1058	4.2473	-1	-12.106	3.2474	0	-7.3438	3	-1	1	0	0	0	0
1	393.79	-0.22119	-7.464	-0.22119	-7.464	0	1	105	-3.1058	4.2473	-1	-12.106	3.2474	0	-7.3438	3	-1	1	0	0	0	0
1	410.38	-0.22119	-7.464	-0.22119	-7.464	0	1	105	-3.1058	4.2473	-1	-12.106	3.2474	0	-7.3438	3	-1	1	0	0	0	0
1	427.01	-0.20108	-7.4319	-0.20108	-7.4319	0	1	105	-3.1058	4.2473	-1	-12.106	3.2474	0	-7.3438	3	-1	1	0	0	0	0
1	443.57	-0.20108	-7.4319	-0.20108	-7.4319	0	1	105	-3.1058	4.2473	-1	-12.106	3.2474	0	-7.3438	3	-1	1	0	0	0	0
1	460.21	-0.20108	-7.4319	-0.20108	-7.4319	0	1	105	-3.1058	4.2473	-1	-12.106	3.2474	0	-7.3438	3	-1	1	0	0	0	0
1	476.81	-0.20108	-7.4319	-0.20108	-7.4319	0	1	105	-3.1058	4.2473	-1	-12.106	3.2474	0	-7.3438	3	-1	1	0	0	0	0
1	493.39	-0.20108	-7.4319	-0.20108	-7.4319	0	1	105	-3.1058	4.2473	-1	-12.106	3.2474	0	-7.3438	3	-1	1	0	0	0	0
1	509.96	-0.20108	-7.4319	-0.20108	-7.4319	0	1	105	-3.1058	4.2473	-1	-12.106	3.2474	0	-7.3438	3	-1	1	0	0	0	0
1	526.54	-0.20108	-7.3997	-0.20108	-7.3997	0	1	105	-3.1058	4.2473	-1	-12.106	3.2474	0	-7.3438	3	-1	1	0	0	0	0
1	543.06	-0.20108	-7.3675	-0.20108	-7.3675	0	1	105	-3.1058	4.2473	-1	-12.106	3.2474	0	-7.3438	3	-1	1	0	0	0	0
1	559.76	-0.22119	-7.271	-0.22119	-7.271	0	1	105	-3.1058	4.2473	-1	-12.106	3.2474	0	-7.3438	3	-1	1	1	0	0	0
1	576.39	-0.30162	-7.0458	-0.30162	-7.0458	0	1	105	-3.1058	4.2473	-1	-12.106	3.2474	0	-7.3438	3	-1	1	1	0	0	0
1	592.98	-0.38205	-6.7562	-0.38205	-6.7562	0	1	105	-3.1058	4.2473	-1	-12.106	3.2474	0	-7.3438	3	-1	1	1	0	0	0
1	609.55	-0.44237	-6.5632	-0.44237	-6.5632	0	1	105	-3.1058	4.2473	-1	-12.106	3.2474	0	-7.3438	3	-1	1	1	0	0	0
1	626.12	-0.56302	-6.2093	-0.56302	-6.2093	0	1	105	-3.1058	4.2473	-1	-12.106	3.2474	0	-7.3438	3	-1	1	1	0	0	0
1	642.71	-0.64345	-6.0163	-0.64345	-6.0163	0	1	105	-3.1058	4.2473	-1	-12.106	3.2474	0	-7.3438	3	-1	1	1	0	0	0
1	659.32	-0.80432	-5.598	-0.80432	-5.598	0	1	105	-3.1058	4.2473	-1	-12.106	3.2474	0	-7.3438	3	-1	1	1	0	0	0
1	675.91	-1.0054	-5.1154	-1.0054	-5.1154	0	1	105	-3.1058	4.2473	-1	-12.106	3.2474	0	-7.3438	3	-1	1	1	0	0	0
1	692.52	-1.126	-4.8259	-1.126	-4.8259	0	2	105	-3.1058	4.2473	-1	-12.106	3.2474	0	-7.3438	3	-1	1	1	0	0	0
1	709.12	-1.3673	-4.2146	-1.3673	-4.2146	0	2	105	-3.1058	4.2473	-1	-12.106	3.2474	0	-7.3438	3	-1	1	1	0	0	0
1	725.73	-1.6287	-3.6033	-1.6287	-3.6033	0	2	105	-3.1058	4.2473	-1	-12.106	3.2474	0	-7.3438	3	-1	1	1	0	0	0
1	742.29	-1.7695	-3.3138	-1.7695	-3.3138	0	2	105	-3.1058	4.2473	-1	-12.106	3.2474	0	-7.3438	3	-1	1	1	0	0	0
1	758.89	-2.051	-2.7347	-2.051	-2.7347	0	2	105	-3.1058	4.2473	-1	-12.106	3.2474	0	-7.3438	3	-1	1	1	0	0	0
1	775.48	-2.1918	-2.4773	-2.1918	-2.4773	0	2	105	-3.1058	4.2473	-1	-12.106	3.2474	0	-7.3438	3	-1	1	1	0	1	0
1	792.08	-2.4934	-1.9304	-2.4934	-1.9304	0	2	105	-3.1058	4.2473	-1	-12.106	3.2474	0	-7.3438	3	-1	1	1	0	0	0
1	808.68	-2.7548	-1.4156	-2.7548	-1.4156	0	2	105	-3.1058	4.2473	-1	-12.106	3.2474	0	-7.3438	3	-1	1	1	0	0	0
1	825.28	-3.0363	-0.90083	-3.0363	-0.90083	0	2	105	-3.1058	4.2473	-1	-12.106	3.2474	0	-7.3438	3	-1	1	1	0	0	0
1	841.86	-3.177	-0.64345	-3.177	-0.64345	0	2	105	-3.1058	4.2473	-1	-12.106	3.2474	0	-7.3438	3	-1	1	1	0	0	0
1	858.45	-3.4384	-0.19304	-3.4384	-0.19304	0	2	105	-3.1058	4.2473	-1	-12.106	3.2474	0	-7.3438	3	-1	1	1	0	0	0
1	875.01	-3.5591	0.064345	-3.5591	0.064345	0	2	105	-3.1058	4.2473	-1	-12.106	3.2474	0	-7.3438	3	-1	1	1	0	0	0
1	891.6	-3.7602	0.48259	-3.7602	0.48259	0	2	105	-3.1058	4.2473	-1	-12.106	3.2474	0	-7.3438	3	-1	1	1	0	0	0
1	908.24	-3.9009	0.93301	-3.9009	0.93301	0	2	105	-3.1058	4.2473	-1	-12.106	3.2474	0	-7.3438	3	-1	1	1	0	0	0
1	924.85	-4.0417	1.3834	-4.0417	1.3834	0	2	105	-3.1058	4.2473	-1	-12.106	3.2474	0	-7.3438	3	-1	1	1	0	0	0
1	941.43	-4.0819	1.6086	-4.0819	1.6086	0	2	105	-3.1058	4.2473	-1	-12.106	3.2474	0	-7.3438	3	-1	1	1	0	0	0
1	958	-4.1623	1.9947	-4.1623	1.9947	0	2	105	-3.1058	4.2473	-1	-12.106	3.2474	0	-7.3438	3	-1	1	1	0	0	0
1	974.61	-4.2025	2.1877	-4.2025	2.1877	0	2	105	-3.1058	4.2473	-1	-12.106	3.2474	0	-7.3438	3	-1	1	1	0	0	0
1	991.2	-4.2227	2.5416	-4.2227	2.5416	0	2	105	-3.1058	4.2473	-1	-12.106	3.2474	0	-7.3438	3	-1	1	1	0	0	0
1	1007.8	-4.2428	2.8634	-4.2428	2.8634	0	2	105	-3.1058	4.2473	-1	-12.106	3.2474	0	-7.3438	3	-1	1	1	0	0	0
1	1024.4	-4.2428	2.9921	-4.2428	2.9921	0	2	105	-3.1058	4.2473	-1	-12.106	3.2474	0	-7.3438	3	-1	1	1	0	0	0
1	1041	-4.2227	3.2173	-4.2227	3.2173	0	2	105	-3.1058	4.2473	-1	-12.106	3.2474	0	-7.3438	3	-1	1	1	0	0	0
1	1057.6	-4.2025	3.4103	-4.2025	3.4103	0	2	105	-3.1058	4.2473	-1	-12.106	3.2474	0	-7.3438	3	-1	1	1	0	0	0
1	1074.2	-4.1824	3.5068	-4.1824	3.5068	0	2	105	-3.1058	4.2473	-1	-12.106	3.2474	0	-7.3438	3	-1	1	1	0	0	0
1	1090.7	-4.1623	3.6355	-4.1623	3.6355	0	2	105	-3.1058	4.2473	-1	-12.106	3.2474	0	-7.3438	3	-1	1	1	0	0	0
1	1107.4	-4.1221	3.732	-4.1221	3.732	0	2	105	-3.1058	4.2473	-1	-12.106	3.2474	0	-7.3438	3	-1	1	1	0	0	0
1	1124	-4.1221	3.732	-4.1221	3.732	0	2	105	-3.1058	4.2473	-1	-12.106	3.2474	0	-7.3438	3	-1	1	1	0	0	0
1	1140.6	-4.1221	3.732	-4.1221	3.732	0	2	105	-3.1058	4.2473	-1	-12.106	3.2474	0	-7.3438	3	-1	1	1	0	0	0
1	1157.3	-4.1221	3.732	-4.1221	3.732	0	2	105	-3.1058	4.2473	-1	-12.106	3.2474	0	-7.3438	3	-1	1	1	0	0	0
1	1173.8	-4.1221	3.732	-4.1221	3.732	0	3	105	-3.1058	4.2473	-1	-12.106	3.2474	0	-7.3438	3	-1	1	0	0	0	0
2	30.536	0.54291	-7.271	0.54291	-7.271	0	1	90	0	4.6562	-1	-9	3.6562	0	-7.3438	3	-1	1	0	0	0	0
2	47.13	0.56302	-7.3675	0.56302	-7.3675	0	1	90	0	4.6562	-1	-9	3.6562	0	-7.3438	3	-1	1	0	0	0	0
2	63.703	0.56302	-7.3675	0.56302	-7.3675	0	1	90	0	4.6562	-1	-9	3.6562	0	-7.3438	3	-1	1	0	0	0	0
2	80.244	0.56302	-7.3675	0.56302	-7.3675	0	1	90	0	4.6562	-1	-9	3.6562	0	-7.3438	3	-1	1	0	0	0	0
2	96.877	0.56302	-7.3675	0.56302	-7.3675	0	1	90	0	4.6562	-1	-9	3.6562	0	-7.3438	3	-1	1	0	0	0	0
2	113.45	0.56302	-7.3354	0.56302	-7.3354	0	1	90	0	4.6562	-1	-9	3.6562	0	-7.3438	3	-1	1	0	0	0	0
2	130.12	0.56302	-7.3354	0.56302	-7.3354	0	1	90	0	4.6562	-1	-9	3.6562	0	-7.3438	3	-1	1	0	0	0	0
2	146.69	0.56302	-7.3354	0.56302	-7.3354	0	1	90	0	4.6562	-1	-9	3.6562	0	-7.3438	3	-1	1	0	0	0	0
2	163.29	0.56302	-7.3354	0.56302	-7.3354	0	1	90	0	4.6562	-1	-9	3.6562	0	-7.3438	3	-1	1	0	0	0	0
2	179.84	0.56302	-7.3354	0.56302	-7.3354	0	1	90	0	4.6562	-1	-9	3.6562	0	-7.3438	3	-1	1	0	0	0	0
2	196.4	0.56302	-7.3354	0.56302	-7.3354	0	1	90	0	4.6562	-1	-9	3.6562	0	-7.3438	3	-1	1	0	0	0	0
2	213.02	0.56302	-7.3354	0.56302	-7.3354	0	1	90	0	4.6562	-1	-9	3.6562	0	-7.3438	3	-1	1	0	0	0	0
2	229.63	0.56302	-7.3354	0.56302	-7.3354	0	1	90	0	4.6562	-1	-9	3.6562	0	-7.3438	3	-1	1	0	0	0	0
2	246.27	0.56302	-7.3354	0.56302	-7.3354	0	1	90	0	4.6562	-1	-9	3.6562	0	-7.3438	3	-1	1	0	0	0	0
2	262.81	0.56302	-7.3354	0.56302	-7.3354	0	1	90	0	4.6562	-1	-9	3.6562	0	-7.3438	3	-1	1	0	0	0	0
2	279.44	0.56302	-7.3354	0.56302	-7.3354	0	1	90	0	4.6562	-1	-9	3.6562	0	-7.3438	3	-1	1	0	0	0	0
2	296.03	0.56302	-7.3354	0.56302	-7.3354	0	1	90	0	4.6562	-1	-9	3.6562	0	-7.3438	3	-1	1	0	0	0	0
2	312.59	0.56302	-7.3354	0.56302	-7.3354	0	1	90	0	4.6562	-1	-9	3.6562	0	-7.3438	3	-1	1	0	0	0	0
2	329.21	0.56302	-7.3354	0.56302	-7.3354	0	1	90	0	4.6562	-1	-9	3.6562	0	-7.3438	3	-1	1	0	0	0	0
2	345.76	0.56302	-7.3354	0.56302	-7.3354	0	1	90	0	4.6562	-1	-9	3.6562	0	-7.3438	3	-1	1	0	0	0	0
2	362.42	0.56302	-7.3354	0.56302	-7.3354	0	1	90	0	4.6562	-1	-9	3.6562	0	-7.3438	3	-1	1	0	0	0	0
2	378.94	0.56302	-7.3354	0.56302	-7.3354	0	1	90	0	4.6562	-1	-9	3.6562	0	-7.3438	3	-1	1	0	0	0	0
2	395.56	0.56302	-7.3032	0.56302	-7.3032	0	1	90	0	4.6562	-1	-9	3.6562	0	-7.3438	3	-1	1	0	0	0	0
2	412.14	0.52281	-7.271	0.52281	-7.271	0	1	90	0	4.6562	-1	-9	3.6562	0	-7.3438	3	-1	1	0	0	0	0
2	428.71	0.5027	-7.2067	0.5027	-7.2067	0	1	90	0	4.6562	-1	-9	3.6562	0	-7.3438	3	-1	1	0	0	0	0
2	445.33	0.42227	-7.0458	0.42227	-7.0458	0	1	90	0	4.6562	-1	-9	3.6562	0	-7.3438	3	-1	1	1	0	0	0
2	461.95	0.32173	-6.7562	0.32173	-6.7562	0	1	90	0	4.6562	-1	-9	3.6562	0	-7.3438	3	-1	1	1	0	0	0
2	478.56	0.24129	-6.4667	0.24129	-6.4667	0	1	90	0	4.6562	-1	-9	3.6562	0	-7.3438	3	-1	1	1	0	0	0
2	495.13	0.20108	-6.2737	0.20108	-6.2737	0	1	90	0	4.6562	-1	-9	3.6562	0	-7.3438	3	-1	1	1	0	0	0
2	511.69	0.12065	-5.8876	0.12065	-5.8876	0	1	90	0	4.6562	-1	-9	3.6562	0	-7.3438	3	-1	1	1	0	0	0
2	528.32	0.080432	-5.6624	0.080432	-5.6624	0	1	90	0	4.6562	-1	-9	3.6562	0	-7.3438	3	-1	1	1	0	0	0
2	544.89	0	-5.1798	0	-5.1798	0	1	90	0	4.6562	-1	-9	3.6562	0	-7.3438	3	-1	1	1	0	0	0
2	561.51	-0.060324	-4.6329	-0.060324	-4.6329	0	2	90	0	4.6562	-1	-9	3.6562	0	-7.3438	3	-1	1	1	0	0	0
2	578.11	-0.10054	-4.0859	-0.10054	-4.0859	0	2	90	0	4.6562	-1	-9	3.6562	0	-7.3438	3	-1	1	1	0	0	0
2	594.7	-0.14076	-3.8285	-0.14076	-3.8285	0	2	90	0	4.6562	-1	-9	3.6562	0	-7.3438	3	-1	1	1	0	0	0
2	611.3	-0.20108	-3.2816	-0.20108	-3.2816	0	2	90	0	4.6562	-1	-9	3.6562	0	-7.3438	3	-1	1	1	0	0	0
2	627.9	-0.22119	-3.0242	-0.22119	-3.0242	0	2	90	0	4.6562	-1	-9	3.6562	0	-7.3438	3	-1	1	1	0	0	0
2	644.47	-0.28151	-2.5095	-0.28151	-2.5095	0	2	90	0	4.6562	-1	-9	3.6562	0	-7.3438	3	-1	1	1	0	0	0
2	661.08	-0.34183	-1.9625	-0.34183	-1.9625	0	2	90	0	4.6562	-1	-9	3.6562	0	-7.3438	3	-1	1	1	0	1	0
2	677.63	-0.36194	-1.673	-0.36194	-1.673	0	2	90	0	4.6562	-1	-9	3.6562	0	-7.3438	3	-1	1	1	0	0	0
2	694.29	-0.40216	-1.0939	-0.40216	-1.0939	0	2	90	0	4.6562	-1	-9	3.6562	0	-7.3438	3	-1	1	1	0	0	0
2	710.9	-0.44237	-0.54693	-0.44237	-0.54693	0	2	90	0	4.6562	-1	-9	3.6562	0	-7.3438	3	-1	1	1	0	0	0
2	727.45	-0.46248	-0.28955	-0.46248	-0.28955	0	2	90	0	4.6562	-1	-9	3.6562	0	-7.3438	3	-1	1	1	0	0	0
2	744.04	-0.5027	0.19304	-0.5027	0.19304	0	2	90	0	4.6562	-1	-9	3.6562	0	-7.3438	3	-1	1	1	0	0	0
2	760.62	-0.52281	0.45042	-0.52281	0.45042	0	2	90	0	4.6562	-1	-9	3.6562	0	-7.3438	3	-1	1	1	0	0	0
2	777.2	-0.56302	0.93301	-0.56302	0.93301	0	2	90	0	4.6562	-1	-9	3.6562	0	-7.3438	3	-1	1	1	0	0	0
2	793.81	-0.58313	1.4156	-0.58313	1.4156	0	2	90	0	4.6562	-1	-9	3.6562	0	-7.3438	3	-1	1	1	0	0	0
2	810.46	-0.60324	1.866	-0.60324	1.866	0	2	90	0	4.6562	-1	-9	3.6562	0	-7.3438	3	-1	1	1	0	0	0
2	827.03	-0.62334	2.059	-0.62334	2.059	0	2	90	0	4.6562	-1	-9	3.6562	0	-7.3438	3	-1	1	1	0	0	0
2	843.63	-0.62334	2.4451	-0.62334	2.4451	0	2	90	0	4.6562	-1	-9	3.6562	0	-7.3438	3	-1	1	1	0	0	0
2	860.16	-0.64345	2.606	-0.64345	2.606	0	2	90	0	4.6562	-1	-9	3.6562	0	-7.3438	3	-1	1	1	0	0	0
2	876.79	-0.64345	2.9599	-0.64345	2.9599	0	2	90	0	4.6562	-1	-9	3.6562	0	-7.3438	3	-1	1	1	0	0	0
2	893.39	-0.64345	3.2494	-0.64345	3.2494	0	2	90	0	4.6562	-1	-9	3.6562	0	-7.3438	3	-1	1	1	0	0	0
2	909.95	-0.62334	3.539	-0.62334	3.539	0	2	90	0	4.6562	-1	-9	3.6562	0	-7.3438	3	-1	1	1	0	0	0
2	926.62	-0.62334	3.6677	-0.62334	3.6677	0	2	90	0	4.6562	-1	-9	3.6562	0	-7.3438	3	-1	1	1	0	0	0
2	943.18	-0.60324	3.8929	-0.60324	3.8929	0	2	90	0	4.6562	-1	-9	3.6562	0	-7.3438	3	-1	1	1	0	0	0
2	959.78	-0.58313	3.9894	-0.58313	3.9894	0	2	90	0	4.6562	-1	-9	3.6562	0	-7.3438	3	-1	1	1	0	0	0
2	976.3	-0.56302	4.1824	-0.56302	4.1824	0	2	90	0	4.6562	-1	-9	3.6562	0	-7.3438	3	-1	1	1	0	0	0
2	992.91	-0.54291	4.3111	-0.54291	4.3111	0	2	90	0	4.6562	-1	-9	3.6562	0	-7.3438	3	-1	1	1	0	0	0
2	1009.5	-0.52281	4.3755	-0.52281	4.3755	0	2	90	0	4.6562	-1	-9	3.6562	0	-7.3438	3	-1	1	1	0	0	0
2	1026.1	-0.5027	4.472	-0.5027	4.472	0	2	90	0	4.6562	-1	-9	3.6562	0	-7.3438	3	-1	1	1	0	0	0
2	1042.7	-0.5027	4.5042	-0.5027	4.5042	0	2	90	0	4.6562	-1	-9	3.6562	0	-7.3438	3	-1	1	0	0	0	0
2	1059.4	-0.48259	4.5363	-0.48259	4.5363	0	2	90	0	4.6562	-1	-9	3.6562	0	-7.3438	3	-1	1	0	0	0	0
2	1075.9	-0.48259	4.5685	-0.48259	4.5685	0	3	90	0	4.6562	-1	-9	3.6562	0	-7.3438	3	-1	1	0	0	0	0
3	30.866	0.62334	-7.3032	0.62334	-7.3032	0	1	105	-3.1058	4.2473	-1	-12.106	3.2474	0	-7.3438	3	-1	1	0	0	0	0
3	47.415	0.62334	-7.3032	0.62334	-7.3032	0	1	105	-3.1058	4.2473	-1	-12.106	3.2474	0	-7.3438	3	-1	1	0	0	0	0
3	64.061	0.62334	-7.271	0.62334	-7.271	0	1	105	-3.1058	4.2473	-1	-12.106	3.2474	0	-7.3438	3	-1	1	0	0	0	0
3	80.695	0.62334	-7.271	0.62334	-7.271	0	1	105	-3.1058	4.2473	-1	-12.106	3.2474	0	-7.3438	3	-1	1	0	0	0	0
3	97.245	0.62334	-7.271	0.62334	-7.271	0	1	105	-3.1058	4.2473	-1	-12.106	3.2474	0	-7.3438	3	-1	1	0	0	0	0
3	113.83	0.62334	-7.271	0.62334	-7.271	0	1	105	-3.1058	4.2473	-1	-12.106	3.2474	0	-7.3438	3	-1	1	0	0	0	0
3	130.44	0.62334	-7.271	0.62334	-7.271	0	1	105	-3.1058	4.2473	-1	-12.106	3.2474	0	-7.3438	3	-1	1	0	0	0	0
3	147.03	0.62334	-7.271	0.62334	-7.271	0	1	105	-3.1058	4.2473	-1	-12.106	3.2474	0	-7.3438	3	-1	1	0	0	0	0
3	163.63	0.62334	-7.271	0.62334	-7.271	0	1	105	-3.1058	4.2473	-1	-12.106	3.2474	0	-7.3438	3	-1	1	0	0	0	0
3	180.21	0.62334	-7.271	0.62334	-7.271	0	1	105	-3.1058	4.2473	-1	-12.106	3.2474	0	-7.3438	3	-1	1	0	0	0	0
3	196.81	0.62334	-7.271	0.62334	-7.271	0	1	105	-3.1058	4.2473	-1	-12.106	3.2474	0	-7.3438	3	-1	1	0	0	0	0
3	213.44	0.62334	-7.271	0.62334	-7.271	0	1	105	-3.1058	4.2473	-1	-12.106	3.2474	0	-7.3438	3	-1	1	0	0	0	0
3	230.01	0.60324	-7.271	0.60324	-7.271	0	1	105	-3.1058	4.2473	-1	-12.106	3.2474	0	-7.3438	3	-1	1	0	0	0	0
3	246.58	0.60324	-7.271	0.60324	-7.271	0	1	105	-3.1058	4.2473	-1	-12.106	3.2474	0	-7.3438	3	-1	1	0	0	0	0
3	263.19	0.60324	-7.271	0.60324	-7.271	0	1	105	-3.1058	4.2473	-1	-12.106	3.2474	0	-7.3438	3	-1	1	0	0	0	0
3	279.73	0.60324	-7.271	0.60324	-7.271	0	1	105	-3.1058	4.2473	-1	-12.106	3.2474	0	-7.3438	3	-1	1	0	0	0	0
3	296.39	0.60324	-7.271	0.60324	-7.271	0	1	105	-3.1058	4.2473	-1	-12.106	3.2474	0	-7.3438	3	-1	1	0	0	0	0
3	312.98	0.58313	-7.2388	0.58313	-7.2388	0	1	105	-3.1058	4.2473	-1	-12.106	3.2474	0	-7.3438	3	-1	1	0	0	0	0
3	329.58	0.52281	-7.2388	0.52281	-7.2388	0	1	105	-3.1058	4.2473	-1	-12.106	3.2474	0	-7.3438	3	-1	1	0	0	0	0
3	346.18	0.42227	-7.1745	0.42227	-7.1745	0	1	105	-3.1058	4.2473	-1	-12.106	3.2474	0	-7.3438	3	-1	1	1	0	0	0
3	362.78	0.30162	-7.0458	0.30162	-7.0458	0	1	105	-3.1058	4.2473	-1	-12.106	3.2474	0	-7.3438	3	-1	1	1	0	0	0
3	379.39	0.22119	-6.9493	0.22119	-6.9493	0	1	105	-3.1058	4.2473	-1	-12.106	3.2474	0	-7.3438	3	-1	1	1	0	0	0
3	395.94	0.080432	-6.6919	0.080432	-6.6919	0	1	105	-3.1058	4.2473	-1	-12.106	3.2474	0	-7.3438	3	-1	1	1	0	0	0
3	412.54	0	-6.531	0	-6.531	0	1	105	-3.1058	4.2473	-1	-12.106	3.2474	0	-7.3438	3	-1	1	1	0	0	0
3	429.13	-0.20108	-6.1771	-0.20108	-6.1771	0	1	105	-3.1058	4.2473	-1	-12.106	3.2474	0	-7.3438	3	-1	1	1	0	0	0
3	445.77	-0.42227	-5.7589	-0.42227	-5.7589	0	1	105	-3.1058	4.2473	-1	-12.106	3.2474	0	-7.3438	3	-1	1	1	0	0	0
3	462.35	-0.64345	-5.2763	-0.64345	-5.2763	0	1	105	-3.1058	4.2473	-1	-12.106	3.2474	0	-7.3438	3	-1	1	1	0	0	0
3	478.94	-0.74399	-5.0189	-0.74399	-5.0189	0	2	105	-3.1058	4.2473	-1	-12.106	3.2474	0	-7.3438	3	-1	1	1	0	0	0
3	495.5	-0.96518	-4.472	-0.96518	-4.472	0	2	105	-3.1058	4.2473	-1	-12.106	3.2474	0	-7.3438	3	-1	1	1	0	0	0
3	512.1	-1.0657	-4.2146	-1.0657	-4.2146	0	2	105	-3.1058	4.2473	-1	-12.106	3.2474	0	-7.3438	3	-1	1	1	0	0	0
3	528.69	-1.2668	-3.6677	-1.2668	-3.6677	0	2	105	-3.1058	4.2473	-1	-12.106	3.2474	0	-7.3438	3	-1	1	1	0	1	0
3	545.29	-1.4478	-3.1207	-1.4478	-3.1207	0	2	105	-3.1058	4.2473	-1	-12.106	3.2474	0	-7.3438	3	-1	1	1	0	0	0
3	561.9	-1.6488	-2.606	-1.6488	-2.606	0	2	105	-3.1058	4.2473	-1	-12.106	3.2474	0	-7.3438	3	-1	1	1	0	0	0
3	578.48	-1.7494	-2.3164	-1.7494	-2.3164	0	2	105	-3.1058	4.2473	-1	-12.106	3.2474	0	-7.3438	3	-1	1	1	0	0	0
3	595.03	-1.9304	-1.8338	-1.9304	-1.8338	0	2	105	-3.1058	4.2473	-1	-12.106	3.2474	0	-7.3438	3	-1	1	1	0	0	0
3	611.68	-2.0108	-1.5765	-2.0108	-1.5765	0	2	105	-3.1058	4.2473	-1	-12.106	3.2474	0	-7.3438	3	-1	1	1	0	0	0
3	628.22	-2.2119	-1.0617	-2.2119	-1.0617	0	2	105	-3.1058	4.2473	-1	-12.106	3.2474	0	-7.3438	3	-1	1	1	0	0	0
3	644.86	-2.3727	-0.54693	-2.3727	-0.54693	0	2	105	-3.1058	4.2473	-1	-12.106	3.2474	0	-7.3438	3	-1	1	1	0	0	0
3	661.4	-2.5336	-0.032173	-2.5336	-0.032173	0	2	105	-3.1058	4.2473	-1	-12.106	3.2474	0	-7.3438	3	-1	1	1	0	0	0
3	678.08	-2.614	0.19304	-2.614	0.19304	0	2	105	-3.1058	4.2473	-1	-12.106	3.2474	0	-7.3438	3	-1	1	1	0	0	0
3	694.67	-2.7548	0.67563	-2.7548	0.67562	0	2	105	-3.1058	4.2473	-1	-12.106	3.2474	0	-7.3438	3	-1	1	1	0	0	0
3	711.24	-2.8352	0.90083	-2.8352	0.90083	0	2	105	-3.1058	4.2473	-1	-12.106	3.2474	0	-7.3438	3	-1	1	1	0	0	0
3	727.79	-2.9559	1.3513	-2.9559	1.3512	0	2	105	-3.1058	4.2473	-1	-12.106	3.2474	0	-7.3438	3	-1	1	1	0	0	0
3	744.41	-3.0564	1.7373	-3.0564	1.7373	0	2	105	-3.1058	4.2473	-1	-12.106	3.2474	0	-7.3438	3	-1	1	1	0	0	0
3	761.01	-3.1167	1.9304	-3.1167	1.9304	0	2	105	-3.1058	4.2473	-1	-12.106	3.2474	0	-7.3438	3	-1	1	1	0	0	0
3	777.6	-3.1972	2.2843	-3.1972	2.2843	0	2	105	-3.1058	4.2473	-1	-12.106	3.2474	0	-7.3438	3	-1	1	1	0	0	0
3	794.21	-3.2575	2.5738	-3.2575	2.5738	0	2	105	-3.1058	4.2473	-1	-12.106	3.2474	0	-7.3438	3	-1	1	1	0	0	0
3	810.79	-3.2776	2.7347	-3.2776	2.7347	0	2	105	-3.1058	4.2473	-1	-12.106	3.2474	0	-7.3438	3	-1	1	1	0	0	0
3	827.4	-3.3379	2.9921	-3.3379	2.9921	0	2	105	-3.1058	4.2473	-1	-12.106	3.2474	0	-7.3438	3	-1	1	1	0	0	0
3	843.97	-3.358	3.2173	-3.358	3.2173	0	2	105	-3.1058	4.2473	-1	-12.106	3.2474	0	-7.3438	3	-1	1	1	0	0	0
3	860.54	-3.3781	3.3138	-3.3781	3.3138	0	2	105	-3.1058	4.2473	-1	-12.106	3.2474	0	-7.3438	3	-1	1	1	0	0	0
3	877.2	-3.3781	3.4425	-3.3781	3.4425	0	2	105	-3.1058	4.2473	-1	-12.106	3.2474	0	-7.3438	3	-1	1	1	0	0	0
3	893.76	-3.3982	3.539	-3.3982	3.539	0	2	105	-3.1058	4.2473	-1	-12.106	3.2474	0	-7.3438	3	-1	1	1	0	0	0
3	910.38	-3.3982	3.5712	-3.3982	3.5712	0	2	105	-3.1058	4.2473	-1	-12.106	3.2474	0	-7.3438	3	-1	1	1	0	0	0
3	926.93	-3.3982	3.6355	-3.3982	3.6355	0	2	105	-3.1058	4.2473	-1	-12.106	3.2474	0	-7.3438	3	-1	1	1	0	0	0
3	943.54	-3.3982	3.6355	-3.3982	3.6355	0	2	105	-3.1058	4.2473	-1	-12.106	3.2474	0	-7.3438	3	-1	1	0	0	0	0
3	960.14	-3.4183	3.6999	-3.4183	3.6999	0	3	105	-3.1058	4.2473	-1	-12.106	3.2474	0	-7.3438	3	-1	1	0	0	0	0
4	30.321	0.32173	-7.3354	0.32173	-7.3354	0	1	75	3.1058	4.2473	-1	-5.8942	3.2474	0	-7.3438	3	-1	1	0	0	0	0
4	47.065	0.18097	-7.3997	0.18097	-7.3997	0	1	75	3.1058	4.2473	-1	-5.8942	3.2474	0	-7.3438	3	-1	1	0	0	0	0
4	63.608	0.14076	-7.3997	0.14076	-7.3997	0	1	75	3.1058	4.2473	-1	-5.8942	3.2474	0	-7.3438	3	-1	1	0	0	0	0
4	80.228	0.10054	-7.3997	0.10054	-7.3997	0	1	75	3.1058	4.2473	-1	-5.8942	3.2474	0	-7.3438	3	-1	1	0	0	0	0
4	96.834	0.040216	-7.3997	0.040216	-7.3997	0	1	75	3.1058	4.2473	-1	-5.8942	3.2474	0	-7.3438	3	-1	1	0	0	0	0
4	113.38	-0.060324	-7.3997	-0.060324	-7.3997	0	1	75	3.1058	4.2473	-1	-5.8942	3.2474	0	-7.3438	3	-1	1	0	0	0	0
4	129.96	-0.10054	-7.3997	-0.10054	-7.3997	0	1	75	3.1058	4.2473	-1	-5.8942	3.2474	0	-7.3438	3	-1	1	0	0	0	0
4	146.61	-0.12065	-7.3997	-0.12065	-7.3997	0	1	75	3.1058	4.2473	-1	-5.8942	3.2474	0	-7.3438	3	-1	1	0	0	0	0
4	163.18	-0.12065	-7.3997	-0.12065	-7.3997	0	1	75	3.1058	4.2473	-1	-5.8942	3.2474	0	-7.3438	3	-1	1	0	0	0	0
4	179.76	-0.12065	-7.3997	-0.12065	-7.3997	0	1	75	3.1058	4.2473	-1	-5.8942	3.2474	0	-7.3438	3	-1	1	0	0	0	0
4	196.39	-0.12065	-7.3997	-0.12065	-7.3997	0	1	75	3.1058	4.2473	-1	-5.8942	3.2474	0	-7.3438	3	-1	1	0	0	0	0
4	212.96	-0.12065	-7.3997	-0.12065	-7.3997	0	1	75	3.1058	4.2473	-1	-5.8942	3.2474	0	-7.3438	3	-1	1	0	0	0	0
4	229.53	-0.12065	-7.3997	-0.12065	-7.3997	0	1	75	3.1058	4.2473	-1	-5.8942	3.2474	0	-7.3438	3	-1	1	0	0	0	0
4	246.13	-0.12065	-7.3997	-0.12065	-7.3997	0	1	75	3.1058	4.2473	-1	-5.8942	3.2474	0	-7.3438	3	-1	1	0	0	0	0
4	262.7	-0.12065	-7.3997	-0.12065	-7.3997	0	1	75	3.1058	4.2473	-1	-5.8942	3.2474	0	-7.3438	3	-1	1	0	0	0	0
4	279.28	-0.12065	-7.3997	-0.12065	-7.3997	0	1	75	3.1058	4.2473	-1	-5.8942	3.2474	0	-7.3438	3	-1	1	0	0	0	0
4	295.96	-0.12065	-7.3997	-0.12065	-7.3997	0	1	75	3.1058	4.2473	-1	-5.8942	3.2474	0	-7.3438	3	-1	1	0	0	0	0
4	312.54	-0.12065	-7.3997	-0.12065	-7.3997	0	1	75	3.1058	4.2473	-1	-5.8942	3.2474	0	-7.3438	3	-1	1	0	0	0	0
4	329.06	-0.12065	-7.3997	-0.12065	-7.3997	0	1	75	3.1058	4.2473	-1	-5.8942	3.2474	0	-7.3438	3	-1	1	0	0	0	0
4	345.71	-0.12065	-7.3997	-0.12065	-7.3997	0	1	75	3.1058	4.2473	-1	-5.8942	3.2474	0	-7.3438	3	-1	1	0	0	0	0
4	362.27	-0.12065	-7.3997	-0.12065	-7.3997	0	1	75	3.1058	4.2473	-1	-5.8942	3.2474	0	-7.3438	3	-1	1	0	0	0	0
4	378.88	-0.12065	-7.3675	-0.12065	-7.3675	0	1	75	3.1058	4.2473	-1	-5.8942	3.2474	0	-7.3438	3	-1	1	0	0	0	0
4	395.47	-0.14076	-7.271	-0.14076	-7.271	0	1	75	3.1058	4.2473	-1	-5.8942	3.2474	0	-7.3438	3	-1	1	0	0	0	0
4	412.12	-0.18097	-7.0458	-0.18097	-7.0458	0	1	75	3.1058	4.2473	-1	-5.8942	3.2474	0	-7.3438	3	-1	1	0	0	0	0
4	428.7	-0.18097	-6.9171	-0.18097	-6.9171	0	1	75	3.1058	4.2473	-1	-5.8942	3.2474	0	-7.3438	3	-1	1	0	0	0	0
4	445.29	-0.18097	-6.5632	-0.18097	-6.5632	0	1	75	3.1058	4.2473	-1	-5.8942	3.2474	0	-7.3438	3	-1	1	0	0	0	0
4	461.83	-0.18097	-6.338	-0.18097	-6.338	0	1	75	3.1058	4.2473	-1	-5.8942	3.2474	0	-7.3438	3	-1	1	0	0	0	0
4	478.46	-0.12065	-5.8876	-0.12065	-5.8876	0	1	75	3.1058	4.2473	-1	-5.8942	3.2474	0	-7.3438	3	-1	1	0	0	0	0
4	495.07	-0.020108	-5.3407	-0.020108	-5.3407	0	1	75	3.1058	4.2473	-1	-5.8942	3.2474	0	-7.3438	3	-1	1	0	0	0	0
4	511.69	0.060324	-5.0189	0.060324	-5.0189	0	2	75	3.1058	4.2473	-1	-5.8942	3.2474	0	-7.3438	3	-1	1	0	0	0	0
4	528.29	0.2614	-4.3433	0.2614	-4.3433	0	2	75	3.1058	4.2473	-1	-5.8942	3.2474	0	-7.3438	3	-1	1	0	0	0	0
4	544.86	0.52281	-3.6033	0.52281	-3.6033	0	2	75	3.1058	4.2473	-1	-5.8942	3.2474	0	-7.3438	3	-1	1	0	0	0	0
4	561.42	0.68367	-3.2494	0.68367	-3.2494	0	2	75	3.1058	4.2473	-1	-5.8942	3.2474	0	-7.3438	3	-1	1	0	0	0	0
4	577.99	1.0657	-2.4773	1.0657	-2.4773	0	2	75	3.1058	4.2473	-1	-5.8942	3.2474	0	-7.3438	3	-1	1	0	0	0	0
4	594.65	1.488	-1.7695	1.488	-1.7695	0	2	75	3.1058	4.2473	-1	-5.8942	3.2474	0	-7.3438	3	-1	1	0	0	0	0
4	611.24	1.7293	-1.4156	1.7293	-1.4156	0	2	75	3.1058	4.2473	-1	-5.8942	3.2474	0	-7.3438	3	-1	1	0	0	0	0
4	627.81	2.2119	-0.77214	2.2119	-0.77214	0	2	75	3.1058	4.2473	-1	-5.8942	3.2474	0	-7.3438	3	-1	1	0	0	0	0
4	644.41	2.7146	-0.19304	2.7146	-0.19304	0	2	75	3.1058	4.2473	-1	-5.8942	3.2474	0	-7.3438	3	-1	1	0	0	0	0
4	661	2.9559	0.064345	2.9559	0.064345	0	2	75	3.1058	4.2473	-1	-5.8942	3.2474	0	-7.3438	3	-1	1	0	0	0	0
4	677.56	3.4586	0.51476	3.4586	0.51476	0	2	75	3.1058	4.2473	-1	-5.8942	3.2474	0	-7.3438	3	-1	1	0	0	0	0
4	694.19	3.921	0.93301	3.921	0.93301	0	2	75	3.1058	4.2473	-1	-5.8942	3.2474	0	-7.3438	3	-1	1	0	0	0	0
4	710.76	4.1422	1.0939	4.1422	1.0939	0	2	75	3.1058	4.2473	-1	-5.8942	3.2474	0	-7.3438	3	-1	1	0	0	0	0
4	727.38	4.5645	1.3834	4.5645	1.3834	0	2	75	3.1058	4.2473	-1	-5.8942	3.2474	0	-7.3438	3	-1	1	0	0	0	0
4	743.99	4.9465	1.6408	4.9465	1.6408	0	2	75	3.1058	4.2473	-1	-5.8942	3.2474	0	-7.3438	3	-1	1	0	0	0	0
4	760.59	5.1074	1.7695	5.1074	1.7695	0	2	75	3.1058	4.2473	-1	-5.8942	3.2474	0	-7.3438	3	-1	1	0	0	0	0
4	777.14	5.4291	1.9625	5.4291	1.9625	0	2	75	3.1058	4.2473	-1	-5.8942	3.2474	0	-7.3438	3	-1	1	0	0	0	0
4	793.72	5.7106	2.1556	5.7106	2.1556	0	2	75	3.1058	4.2473	-1	-5.8942	3.2474	0	-7.3438	3	-1	1	0	0	0	0
4	810.34	5.8313	2.2199	5.8313	2.2199	0	2	75	3.1058	4.2473	-1	-5.8942	3.2474	0	-7.3438	3	-1	1	0	0	0	0
4	826.93	6.0324	2.3164	6.0324	2.3164	0	2	75	3.1058	4.2473	-1	-5.8942	3.2474	0	-7.3438	3	-1	1	0	0	0	0
4	843.48	6.1731	2.4129	6.1731	2.4129	0	2	75	3.1058	4.2473	-1	-5.8942	3.2474	0	-7.3438	3	-1	1	0	0	0	0
4	860.12	6.2334	2.4451	6.2334	2.4451	0	2	75	3.1058	4.2473	-1	-5.8942	3.2474	0	-7.3438	3	-1	1	0	0	0	0
4	876.74	6.3139	2.4773	6.3139	2.4773	0	2	75	3.1058	4.2473	-1	-5.8942	3.2474	0	-7.3438	3	-1	1	0	0	0	0
4	893.32	6.3541	2.4773	6.3541	2.4773	0	2	75	3.1058	4.2473	-1	-5.8942	3.2474	0	-7.3438	3	-1	1	0	0	0	0
4	909.87	6.3541	2.5095	6.3541	2.5095	0	2	75	3.1058	4.2473	-1	-5.8942	3.2474	0	-7.3438	3	-1	1	0	0	0	0
4	926.5	6.3541	2.5095	6.3541	2.5095	0	2	75	3.1058	4.2473	-1	-5.8942	3.2474	0	-7.3438	3	-1	1	0	0	0	0
4	943.08	6.3541	2.5095	6.3541	2.5095	0	2	75	3.1058	4.2473	-1	-5.8942	3.2474	0	-7.3438	3	-1	1	0	0	0	0
4	959.7	6.3541	2.5095	6.3541	2.5095	0	3	75	3.1058	4.2473	-1	-5.8942	3.2474	0	-7.3438	3	-1	1	0	0	0	0
4	1407.8	4.6248	0.38607	4.6248	0.38607	0	2	75	3.1058	4.2473	-1	-5.8942	3.2474	0	-7.3438	3	-1	1	0	0	0	0
4	1424.3	4.1221	-0.28955	4.1221	-0.28955	0	2	75	3.1058	4.2473	-1	-5.8942	3.2474	0	-7.3438	3	-1	1	0	0	0	0
4	1440.9	3.8607	-0.64345	3.8607	-0.64345	0	2	75	3.1058	4.2473	-1	-5.8942	3.2474	0	-7.3438	3	-1	1	0	0	0	0
4	1457.5	3.3178	-1.4156	3.3178	-1.4156	0	2	75	3.1058	4.2473	-1	-5.8942	3.2474	0	-7.3438	3	-1	1	0	0	0	0
4	1474.1	3.0564	-1.8017	3.0564	-1.8017	0	2	75	3.1058	4.2473	-1	-5.8942	3.2474	0	-7.3438	3	-1	1	0	0	0	0
4	1490.7	2.5135	-2.606	2.5135	-2.606	0	2	75	3.1058	4.2473	-1	-5.8942	3.2474	0	-7.3438	3	-1	1	0	0	0	0
4	1507.3	1.9907	-3.4103	1.9907	-3.4103	0	2	75	3.1058	4.2473	-1	-5.8942	3.2474	0	-7.3438	3	-1	1	0	0	0	0
4	1523.9	1.5282	-4.2146	1.5282	-4.2146	0	2	75	3.1058	4.2473	-1	-5.8942	3.2474	0	-7.3438	3	-1	1	0	0	0	0
4	1540.5	1.2869	-4.6007	1.2869	-4.6007	0	2	75	3.1058	4.2473	-1	-5.8942	3.2474	0	-7.3438	3	-1	1	0	0	0	0
4	1557.1	0.86464	-5.3407	0.86464	-5.3407	0	2	75	3.1058	4.2473	-1	-5.8942	3.2474	0	-7.3438	3	-1	1	0	0	0	0
4	1573.6	0.68367	-5.6946	0.68367	-5.6946	0	2	75	3.1058	4.2473	-1	-5.8942	3.2474	0	-7.3438	3	-1	1	0	0	0	0
4	1590.3	0.32173	-6.338	0.32173	-6.338	0	2	75	3.1058	4.2473	-1	-5.8942	3.2474	0	-7.3438	3	-1	1	0	0	0	0
4	1607	0	-6.9815	0	-6.9815	0	2	75	3.1058	4.2473	-1	-5.8942	3.2474	0	-7.3438	3	-1	1	0	0	0	0
4	1623.5	-0.20108	-7.3675	-0.20108	-7.3675	0	2	75	3.1058	4.2473	-1	-5.8942	3.2474	0	-7.3438	3	-1	1	0	0	0	0
4	1640	-0.24129	-7.464	-0.24129	-7.464	0	2	75	3.1058	4.2473	-1	-5.8942	3.2474	0	-7.3438	3	-1	1	0	0	0	0
4	1656.7	-0.24129	-7.464	-0.24129	-7.464	0	2	75	3.1058	4.2473	-1	-5.8942	3.2474	0	-7.3438	3	-1	1	0	0	0	0
4	1673.3	-0.24129	-7.4319	-0.24129	-7.4319	0	2	75	3.1058	4.2473	-1	-5.8942	3.2474	0	-7.3438	3	-1	1	0	0	0	0
4	1689.8	-0.24129	-7.4319	-0.24129	-7.4319	0	2	75	3.1058	4.2473	-1	-5.8942	3.2474	0	-7.3438	3	-1	1	0	0	0	0
4	1706.4	-0.22119	-7.4319	-0.22119	-7.4319	0	2	75	3.1058	4.2473	-1	-5.8942	3.2474	0	-7.3438	3	-1	1	0	0	0	0
4	1723	-0.22119	-7.3997	-0.22119	-7.3997	0	2	75	3.1058	4.2473	-1	-5.8942	3.2474	0	-7.3438	3	-1	1	0	0	0	0
4	1739.6	-0.22119	-7.3997	-0.22119	-7.3997	0	2	75	3.1058	4.2473	-1	-5.8942	3.2474	0	-7.3438	3	-1	1	0	0	0	0
4	1756.2	-0.22119	-7.3997	-0.22119	-7.3997	0	2	75	3.1058	4.2473	-1	-5.8942	3.2474	0	-7.3438	3	-1	1	0	0	0	0
4	1772.8	-0.22119	-7.3997	-0.22119	-7.3997	0	2	75	3.1058	4.2473	-1	-5.8942	3.2474	0	-7.3438	3	-1	1	0	0	0	0
4	1789.5	-0.22119	-7.3997	-0.22119	-7.3997	0	2	75	3.1058	4.2473	-1	-5.8942	3.2474	0	-7.3438	3	-1	1	0	0	0	0
4	1806	-0.22119	-7.3997	-0.22119	-7.3997	0	2	75	3.1058	4.2473	-1	-5.8942	3.2474	0	-7.3438	3	-1	1	0	0	0	0
4	1822.6	-0.22119	-7.3997	-0.22119	-7.3997	0	2	75	3.1058	4.2473	-1	-5.8942	3.2474	0	-7.3438	3	-1	1	0	0	0	0
4	1839.2	-0.22119	-7.3997	-0.22119	-7.3997	0	2	75	3.1058	4.2473	-1	-5.8942	3.2474	0	-7.3438	3	-1	1	0	0	0	0
4	1855.8	-0.22119	-7.4319	-0.22119	-7.4319	0	2	75	3.1058	4.2473	-1	-5.8942	3.2474	0	-7.3438	3	-1	1	0	0	0	0
4	1872.4	-0.22119	-7.4319	-0.22119	-7.4319	0	2	75	3.1058	4.2473	-1	-5.8942	3.2474	0	-7.3438	3	-1	1	0	0	0	0
4	1888.9	-0.22119	-7.4319	-0.22119	-7.4319	0	2	75	3.1058	4.2473	-1	-5.8942	3.2474	0	-7.3438	3	-1	1	0	0	0	0
4	1905.6	-0.22119	-7.4319	-0.22119	-7.4319	0	2	75	3.1058	4.2473	-1	-5.8942	3.2474	0	-7.3438	3	-1	1	0	0	0	0
4	1922.1	-0.22119	-7.4319	-0.22119	-7.4319	0	2	75	3.1058	4.2473	-1	-5.8942	3.2474	0	-7.3438	3	-1	1	0	0	0	0
4	1938.8	-0.22119	-7.4319	-0.22119	-7.4319	0	2	75	3.1058	4.2473	-1	-5.8942	3.2474	0	-7.3438	3	-1	1	0	0	0	0
4	1955.3	-0.22119	-7.4319	-0.22119	-7.4319	0	2	75	3.1058	4.2473	-1	-5.8942	3.2474	0	-7.3438	3	-1	1	0	0	0	0
4	1972	-0.22119	-7.4319	-0.22119	-7.4319	0	2	75	3.1058	4.2473	-1	-5.8942	3.2474	0	-7.3438	3	-1	1	0	0	0	0
4	1988.6	-0.22119	-7.3997	-0.22119	-7.3997	0	2	75	3.1058	4.2473	-1	-5.8942	3.2474	0	-7.3438	3	-1	1	0	0	0	0
4	2005.1	-0.22119	-7.3997	-0.22119	-7.3997	0	2	75	3.1058	4.2473	-1	-5.8942	3.2474	0	-7.3438	3	-1	1	0	0	0	0
4	2021.6	-0.22119	-7.3997	-0.22119	-7.3997	0	2	75	3.1058	4.2473	-1	-5.8942	3.2474	0	-7.3438	3	-1	1	0	0	0	0
4	2038.3	-0.22119	-7.3997	-0.22119	-7.3997	0	2	75	3.1058	4.2473	-1	-5.8942	3.2474	0	-7.3438	3	-1	1	0	0	0	0
4	2054.9	-0.22119	-7.3997	-0.22119	-7.3997	0	2	75	3.1058	4.2473	-1	-5.8942	3.2474	0	-7.3438	3	-1	1	0	0	0	0
4	2071.5	-0.22119	-7.3997	-0.22119	-7.3997	0	2	75	3.1058	4.2473	-1	-5.8942	3.2474	0	-7.3438	3	-1	1	0	0	0	0
4	2088.1	-0.22119	-7.3997	-0.22119	-7.3997	0	2	75	3.1058	4.2473	-1	-5.8942	3.2474	0	-7.3438	3	-1	1	0	0	0	0
4	2104.7	-0.22119	-7.3997	-0.22119	-7.3997	0	2	75	3.1058	4.2473	-1	-5.8942	3.2474	0	-7.3438	3	-1	1	0	0	0	0
4	2121.3	-0.22119	-7.3997	-0.22119	-7.3997	0	2	75	3.1058	4.2473	-1	-5.8942	3.2474	0	-7.3438	3	-1	1	0	0	0	0
4	2137.9	-0.22119	-7.3997	-0.22119	-7.3997	0	2	75	3.1058	4.2473	-1	-5.8942	3.2474	0	-7.3438	3	-1	1	0	0	0	0
4	2154.5	-0.22119	-7.3997	-0.22119	-7.3997	0	2	75	3.1058	4.2473	-1	-5.8942	3.2474	0	-7.3438	3	-1	1	0	0	0	0
4	2171.1	-0.22119	-7.3997	-0.22119	-7.3997	0	2	75	3.1058	4.2473	-1	-5.8942	3.2474	0	-7.3438	3	-1	1	1	0	0	0
4	2187.7	-0.20108	-7.3032	-0.20108	-7.3032	0	2	75	3.1058	4.2473	-1	-5.8942	3.2474	0	-7.3438	3	-1	1	1	0	0	0
4	2204.3	-0.20108	-7.2388	-0.20108	-7.2388	0	2	75	3.1058	4.2473	-1	-5.8942	3.2474	0	-7.3438	3	-1	1	1	0	0	0
4	2220.8	-0.18097	-7.0136	-0.18097	-7.0136	0	2	75	3.1058	4.2473	-1	-5.8942	3.2474	0	-7.3438	3	-1	1	1	0	0	0
4	2237.4	-0.14076	-6.6597	-0.14076	-6.6597	0	2	75	3.1058	4.2473	-1	-5.8942	3.2474	0	-7.3438	3	-1	1	1	0	0	0
4	2254	-0.10054	-6.4345	-0.10054	-6.4345	0	2	75	3.1058	4.2473	-1	-5.8942	3.2474	0	-7.3438	3	-1	1	1	0	0	0
4	2270.6	0.020108	-5.9198	0.020108	-5.9198	0	2	75	3.1058	4.2473	-1	-5.8942	3.2474	0	-7.3438	3	-1	1	1	0	0	0
4	2287.3	0.18097	-5.3407	0.18097	-5.3407	0	2	75	3.1058	4.2473	-1	-5.8942	3.2474	0	-7.3438	3	-1	1	1	0	0	0
4	2303.8	0.28151	-5.0189	0.28151	-5.0189	0	2	75	3.1058	4.2473	-1	-5.8942	3.2474	0	-7.3438	3	-1	1	1	0	0	0
4	2320.4	0.5027	-4.3433	0.5027	-4.3433	0	2	75	3.1058	4.2473	-1	-5.8942	3.2474	0	-7.3438	3	-1	1	1	0	0	0
4	2337	0.78421	-3.5712	0.78421	-3.5712	0	2	75	3.1058	4.2473	-1	-5.8942	3.2474	0	-7.3438	3	-1	1	1	0	0	0
4	2353.6	0.92496	-3.1851	0.92496	-3.1851	0	2	75	3.1058	4.2473	-1	-5.8942	3.2474	0	-7.3438	3	-1	1	1	0	0	0
4	2370.2	1.2668	-2.3486	1.2668	-2.3486	0	2	75	3.1058	4.2473	-1	-5.8942	3.2474	0	-7.3438	3	-1	1	1	0	0	0
4	2386.8	1.4478	-1.9304	1.4478	-1.9304	0	2	75	3.1058	4.2473	-1	-5.8942	3.2474	0	-7.3438	3	-1	1	1	0	1	0
4	2403.3	1.8298	-1.126	1.8298	-1.126	0	2	75	3.1058	4.2473	-1	-5.8942	3.2474	0	-7.3438	3	-1	1	1	0	0	0
4	2420	2.2119	-0.38607	2.2119	-0.38607	0	2	75	3.1058	4.2473	-1	-5.8942	3.2474	0	-7.3438	3	-1	1	1	0	0	0
4	2436.6	2.5738	0.25738	2.5738	0.25738	0	2	75	3.1058	4.2473	-1	-5.8942	3.2474	0	-7.3438	3	-1	1	1	0	0	0
4	2453.2	2.7548	0.57911	2.7548	0.57911	0	2	75	3.1058	4.2473	-1	-5.8942	3.2474	0	-7.3438	3	-1	1	1	0	0	0
4	2469.7	3.0966	1.1582	3.0966	1.1582	0	2	75	3.1058	4.2473	-1	-5.8942	3.2474	0	-7.3438	3	-1	1	1	0	0	0
4	2486.3	3.2575	1.4156	3.2575	1.4156	0	2	75	3.1058	4.2473	-1	-5.8942	3.2474	0	-7.3438	3	-1	1	1	0	0	0
4	2502.9	3.5591	1.8982	3.5591	1.8982	0	2	75	3.1058	4.2473	-1	-5.8942	3.2474	0	-7.3438	3	-1	1	1	0	0	0
4	2519.4	3.8004	2.2843	3.8004	2.2843	0	2	75	3.1058	4.2473	-1	-5.8942	3.2474	0	-7.3438	3	-1	1	1	0	0	0
4	2536.2	4.0015	2.606	4.0015	2.606	0	2	75	3.1058	4.2473	-1	-5.8942	3.2474	0	-7.3438	3	-1	1	1	0	0	0
4	2552.8	4.0819	2.7347	4.0819	2.7347	0	2	75	3.1058	4.2473	-1	-5.8942	3.2474	0	-7.3438	3	-1	1	1	0	0	0
4	2569.3	4.2428	2.9921	4.2428	2.9921	0	2	75	3.1058	4.2473	-1	-5.8942	3.2474	0	-7.3438	3	-1	1	1	0	0	0
4	2585.9	4.3031	3.1207	4.3031	3.1207	0	2	75	3.1058	4.2473	-1	-5.8942	3.2474	0	-7.3438	3	-1	1	1	0	0	0
4	2602.5	4.4237	3.346	4.4237	3.346	0	2	75	3.1058	4.2473	-1	-5.8942	3.2474	0	-7.3438	3	-1	1	1	0	0	0
4	2619.1	4.5042	3.539	4.5042	3.539	0	2	75	3.1058	4.2473	-1	-5.8942	3.2474	0	-7.3438	3	-1	1	1	0	0	0
4	2635.7	4.5846	3.732	4.5846	3.732	0	2	75	3.1058	4.2473	-1	-5.8942	3.2474	0	-7.3438	3	-1	1	1	0	0	0
4	2652.3	4.6047	3.7964	4.6047	3.7964	0	2	75	3.1058	4.2473	-1	-5.8942	3.2474	0	-7.3438	3	-1	1	1	0	0	0
4	2668.9	4.6449	3.9572	4.6449	3.9572	0	2	75	3.1058	4.2473	-1	-5.8942	3.2474	0	-7.3438	3	-1	1	0	0	0	0
4	2685.5	4.665	4.0538	4.665	4.0537	0	2	75	3.1058	4.2473	-1	-5.8942	3.2474	0	-7.3438	3	-1	1	0	0	0	0
4	2702	4.6851	4.1824	4.6851	4.1824	0	2	75	3.1058	4.2473	-1	-5.8942	3.2474	0	-7.3438	3	-1	1	0	0	0	0
4	2718.6	4.7052	4.3111	4.7052	4.3111	0	2	75	3.1058	4.2473	-1	-5.8942	3.2474	0	-7.3438	3	-1	1	0	0	0	0
4	2735.3	4.7052	4.4398	4.7052	4.4398	0	2	75	3.1058	4.2473	-1	-5.8942	3.2474	0	-7.3438	3	-1	1	0	0	0	0
4	2751.9	4.7052	4.5042	4.7052	4.5042	0	3	75	3.1058	4.2473	-1	-5.8942	3.2474	0	-7.3438	3	-1	1	0	0	0	0
5	28.376	-0.20108	-7.271	-0.20108	-7.271	0	1	90	0	4.6562	-1	-9	3.6562	0	-7.3438	3	-1	1	0	0	0	0
5	44.965	-0.22119	-7.464	-0.22119	-7.464	0	1	90	0	4.6562	-1	-9	3.6562	0	-7.3438	3	-1	1	0	0	0	0
5	61.587	-0.22119	-7.4962	-0.22119	-7.4962	0	1	90	0	4.6562	-1	-9	3.6562	0	-7.3438	3	-1	1	0	0	0	0
5	78.131	-0.22119	-7.4962	-0.22119	-7.4962	0	1	90	0	4.6562	-1	-9	3.6562	0	-7.3438	3	-1	1	0	0	0	0
5	94.702	-0.22119	-7.4962	-0.22119	-7.4962	0	1	90	0	4.6562	-1	-9	3.6562	0	-7.3438	3	-1	1	0	0	0	0
5	111.29	-0.22119	-7.4962	-0.22119	-7.4962	0	1	90	0	4.6562	-1	-9	3.6562	0	-7.3438	3	-1	1	0	0	0	0
5	127.93	-0.22119	-7.464	-0.22119	-7.464	0	1	90	0	4.6562	-1	-9	3.6562	0	-7.3438	3	-1	1	0	0	0	0
5	144.53	-0.22119	-7.464	-0.22119	-7.464	0	1	90	0	4.6562	-1	-9	3.6562	0	-7.3438	3	-1	1	0	0	0	0
5	161.13	-0.22119	-7.464	-0.22119	-7.464	0	1	90	0	4.6562	-1	-9	3.6562	0	-7.3438	3	-1	1	0	0	0	0
5	177.74	-0.20108	-7.464	-0.20108	-7.464	0	1	90	0	4.6562	-1	-9	3.6562	0	-7.3438	3	-1	1	0	0	0	0
5	194.28	-0.20108	-7.464	-0.20108	-7.464	0	1	90	0	4.6562	-1	-9	3.6562	0	-7.3438	3	-1	1	0	0	0	0
5	210.9	-0.20108	-7.464	-0.20108	-7.464	0	1	90	0	4.6562	-1	-9	3.6562	0	-7.3438	3	-1	1	0	0	0	0
5	227.47	-0.20108	-7.464	-0.20108	-7.464	0	1	90	0	4.6562	-1	-9	3.6562	0	-7.3438	3	-1	1	0	0	0	0
5	244.08	-0.20108	-7.464	-0.20108	-7.464	0	1	90	0	4.6562	-1	-9	3.6562	0	-7.3438	3	-1	1	0	0	0	0
5	260.7	-0.20108	-7.464	-0.20108	-7.464	0	1	90	0	4.6562	-1	-9	3.6562	0	-7.3438	3	-1	1	0	0	0	0
5	277.28	-0.20108	-7.464	-0.20108	-7.464	0	1	90	0	4.6562	-1	-9	3.6562	0	-7.3438	3	-1	1	0	0	0	0
5	293.87	-0.20108	-7.464	-0.20108	-7.464	0	1	90	0	4.6562	-1	-9	3.6562	0	-7.3438	3	-1	1	0	0	0	0
5	310.36	-0.20108	-7.464	-0.20108	-7.464	0	1	90	0	4.6562	-1	-9	3.6562	0	-7.3438	3	-1	1	0	0	0	0
5	327.05	-0.22119	-7.464	-0.22119	-7.464	0	1	90	0	4.6562	-1	-9	3.6562	0	-7.3438	3	-1	1	0	0	0	0
5	343.63	-0.22119	-7.464	-0.22119	-7.464	0	1	90	0	4.6562	-1	-9	3.6562	0	-7.3438	3	-1	1	0	0	0	0
5	360.28	-0.22119	-7.464	-0.22119	-7.464	0	1	90	0	4.6562	-1	-9	3.6562	0	-7.3438	3	-1	1	0	0	0	0
5	376.84	-0.22119	-7.4319	-0.22119	-7.4319	0	1	90	0	4.6562	-1	-9	3.6562	0	-7.3438	3	-1	1	0	0	0	0
5	393.46	-0.2614	-7.3997	-0.2614	-7.3997	0	1	90	0	4.6562	-1	-9	3.6562	0	-7.3438	3	-1	1	0	0	0	0
5	410	-0.28151	-7.3354	-0.28151	-7.3354	0	1	90	0	4.6562	-1	-9	3.6562	0	-7.3438	3	-1	1	0	0	0	0
5	426.54	-0.36194	-7.2067	-0.36194	-7.2067	0	1	90	0	4.6562	-1	-9	3.6562	0	-7.3438	3	-1	1	0	0	0	0
5	443.17	-0.40216	-7.1101	-0.40216	-7.1101	0	1	90	0	4.6562	-1	-9	3.6562	0	-7.3438	3	-1	1	0	0	0	0
5	459.84	-0.48259	-6.8206	-0.48259	-6.8206	0	1	90	0	4.6562	-1	-9	3.6562	0	-7.3438	3	-1	1	1	0	0	0
5	476.41	-0.54291	-6.4667	-0.54291	-6.4667	0	1	90	0	4.6562	-1	-9	3.6562	0	-7.3438	3	-1	1	1	0	0	0
5	493.04	-0.58313	-6.0485	-0.58313	-6.0485	0	1	90	0	4.6562	-1	-9	3.6562	0	-7.3438	3	-1	1	1	0	0	0
5	509.6	-0.58313	-5.7911	-0.58313	-5.7911	0	1	90	0	4.6562	-1	-9	3.6562	0	-7.3438	3	-1	1	1	0	0	0
5	526.16	-0.60324	-5.2441	-0.60324	-5.2441	0	1	90	0	4.6562	-1	-9	3.6562	0	-7.3438	3	-1	1	1	0	0	0
5	542.78	-0.60324	-4.9224	-0.60324	-4.9224	0	2	90	0	4.6562	-1	-9	3.6562	0	-7.3438	3	-1	1	1	0	0	0
5	559.36	-0.58313	-4.279	-0.58313	-4.279	0	2	90	0	4.6562	-1	-9	3.6562	0	-7.3438	3	-1	1	1	0	0	0
5	575.99	-0.54291	-3.5712	-0.54291	-3.5712	0	2	90	0	4.6562	-1	-9	3.6562	0	-7.3438	3	-1	1	1	0	0	0
5	592.6	-0.48259	-2.8634	-0.48259	-2.8634	0	2	90	0	4.6562	-1	-9	3.6562	0	-7.3438	3	-1	1	1	0	0	0
5	609.2	-0.44237	-2.4773	-0.44237	-2.4773	0	2	90	0	4.6562	-1	-9	3.6562	0	-7.3438	3	-1	1	1	0	0	0
5	625.76	-0.36194	-1.7695	-0.36194	-1.7695	0	2	90	0	4.6562	-1	-9	3.6562	0	-7.3438	3	-1	1	1	0	0	0
5	642.34	-0.30162	-1.3834	-0.30162	-1.3834	0	2	90	0	4.6562	-1	-9	3.6562	0	-7.3438	3	-1	1	1	0	1	0
5	658.93	-0.16086	-0.61128	-0.16086	-0.61128	0	2	90	0	4.6562	-1	-9	3.6562	0	-7.3438	3	-1	1	1	0	0	0
5	675.56	0	0.12869	0	0.12869	0	2	90	0	4.6562	-1	-9	3.6562	0	-7.3438	3	-1	1	1	0	0	0
5	692.11	0.10054	0.51476	0.10054	0.51476	0	2	90	0	4.6562	-1	-9	3.6562	0	-7.3438	3	-1	1	1	0	0	0
5	708.72	0.28151	1.2547	0.28151	1.2547	0	2	90	0	4.6562	-1	-9	3.6562	0	-7.3438	3	-1	1	1	0	0	0
5	725.35	0.46248	1.8982	0.46248	1.8982	0	2	90	0	4.6562	-1	-9	3.6562	0	-7.3438	3	-1	1	1	0	0	0
5	741.93	0.56302	2.1877	0.56302	2.1877	0	2	90	0	4.6562	-1	-9	3.6562	0	-7.3438	3	-1	1	1	0	0	0
5	758.44	0.70378	2.7025	0.70378	2.7025	0	2	90	0	4.6562	-1	-9	3.6562	0	-7.3438	3	-1	1	1	0	0	0
5	775.07	0.82442	3.1207	0.82442	3.1207	0	2	90	0	4.6562	-1	-9	3.6562	0	-7.3438	3	-1	1	1	0	0	0
5	791.69	0.88475	3.3138	0.88475	3.3138	0	2	90	0	4.6562	-1	-9	3.6562	0	-7.3438	3	-1	1	1	0	0	0
5	808.29	0.96518	3.6033	0.96518	3.6033	0	2	90	0	4.6562	-1	-9	3.6562	0	-7.3438	3	-1	1	1	0	0	0
5	824.9	1.0456	3.8607	1.0456	3.8607	0	2	90	0	4.6562	-1	-9	3.6562	0	-7.3438	3	-1	1	1	0	0	0
5	841.48	1.0657	3.9572	1.0657	3.9572	0	2	90	0	4.6562	-1	-9	3.6562	0	-7.3438	3	-1	1	1	0	0	0
5	858.03	1.1059	4.0859	1.1059	4.0859	0	2	90	0	4.6562	-1	-9	3.6562	0	-7.3438	3	-1	1	1	0	0	0
5	874.66	1.126	4.1503	1.126	4.1503	0	2	90	0	4.6562	-1	-9	3.6562	0	-7.3438	3	-1	1	1	0	0	0
5	891.23	1.126	4.1503	1.126	4.1503	0	2	90	0	4.6562	-1	-9	3.6562	0	-7.3438	3	-1	1	1	0	0	0
5	907.84	1.126	4.1503	1.126	4.1503	0	2	90	0	4.6562	-1	-9	3.6562	0	-7.3438	3	-1	1	1	0	0	0
5	924.44	1.126	4.1503	1.126	4.1503	0	2	90	0	4.6562	-1	-9	3.6562	0	-7.3438	3	-1	1	0	0	0	0
5	941.06	1.126	4.1503	1.126	4.1503	0	2	90	0	4.6562	-1	-9	3.6562	0	-7.3438	3	-1	1	0	0	0	0
5	957.63	1.126	4.1503	1.126	4.1503	0	2	90	0	4.6562	-1	-9	3.6562	0	-7.3438	3	-1	1	0	0	0	0
5	974.21	1.126	4.1503	1.126	4.1503	0	3	90	0	4.6562	-1	-9	3.6562	0	-7.3438	3	-1	1	0	0	0	0
6	30.997	0.72388	-7.3032	0.72388	-7.3032	0	1	90	0	4.6562	-1	-9	3.6562	0	-7.3438	3	-1	1	0	0	0	0
6	47.605	0.72388	-7.3032	0.72388	-7.3032	0	1	90	0	4.6562	-1	-9	3.6562	0	-7.3438	3	-1	1	0	0	0	0
6	64.188	0.72388	-7.3032	0.72388	-7.3032	0	1	90	0	4.6562	-1	-9	3.6562	0	-7.3438	3	-1	1	0	0	0	0
6	80.78	0.72388	-7.3032	0.72388	-7.3032	0	1	90	0	4.6562	-1	-9	3.6562	0	-7.3438	3	-1	1	0	0	0	0
6	97.358	0.70378	-7.3032	0.70378	-7.3032	0	1	90	0	4.6562	-1	-9	3.6562	0	-7.3438	3	-1	1	0	0	0	0
6	113.89	0.70378	-7.3032	0.70378	-7.3032	0	1	90	0	4.6562	-1	-9	3.6562	0	-7.3438	3	-1	1	0	0	0	0
6	130.51	0.70378	-7.3354	0.70378	-7.3354	0	1	90	0	4.6562	-1	-9	3.6562	0	-7.3438	3	-1	1	0	0	0	0
6	147.16	0.68367	-7.3354	0.68367	-7.3354	0	1	90	0	4.6562	-1	-9	3.6562	0	-7.3438	3	-1	1	0	0	0	0
6	163.75	0.68367	-7.3354	0.68367	-7.3354	0	1	90	0	4.6562	-1	-9	3.6562	0	-7.3438	3	-1	1	0	0	0	0
6	180.32	0.66356	-7.3354	0.66356	-7.3354	0	1	90	0	4.6562	-1	-9	3.6562	0	-7.3438	3	-1	1	0	0	0	0
6	196.94	0.66356	-7.3354	0.66356	-7.3354	0	1	90	0	4.6562	-1	-9	3.6562	0	-7.3438	3	-1	1	0	0	0	0
6	213.56	0.64345	-7.3354	0.64345	-7.3354	0	1	90	0	4.6562	-1	-9	3.6562	0	-7.3438	3	-1	1	0	0	0	0
6	230.05	0.64345	-7.3354	0.64345	-7.3354	0	1	90	0	4.6562	-1	-9	3.6562	0	-7.3438	3	-1	1	0	0	0	0
6	246.69	0.64345	-7.3354	0.64345	-7.3354	0	1	90	0	4.6562	-1	-9	3.6562	0	-7.3438	3	-1	1	0	0	0	0
6	263.25	0.64345	-7.3354	0.64345	-7.3354	0	1	90	0	4.6562	-1	-9	3.6562	0	-7.3438	3	-1	1	0	0	0	0
6	279.88	0.64345	-7.3354	0.64345	-7.3354	0	1	90	0	4.6562	-1	-9	3.6562	0	-7.3438	3	-1	1	0	0	0	0
6	296.5	0.64345	-7.3354	0.64345	-7.3354	0	1	90	0	4.6562	-1	-9	3.6562	0	-7.3438	3	-1	1	0	0	0	0
6	313.09	0.64345	-7.3354	0.64345	-7.3354	0	1	90	0	4.6562	-1	-9	3.6562	0	-7.3438	3	-1	1	0	0	0	0
6	329.68	0.64345	-7.3354	0.64345	-7.3354	0	1	90	0	4.6562	-1	-9	3.6562	0	-7.3438	3	-1	1	0	0	0	0
6	346.22	0.64345	-7.3354	0.64345	-7.3354	0	1	90	0	4.6562	-1	-9	3.6562	0	-7.3438	3	-1	1	0	0	0	0
6	362.85	0.64345	-7.3354	0.64345	-7.3354	0	1	90	0	4.6562	-1	-9	3.6562	0	-7.3438	3	-1	1	0	0	0	0
6	379.45	0.64345	-7.3354	0.64345	-7.3354	0	1	90	0	4.6562	-1	-9	3.6562	0	-7.3438	3	-1	1	0	0	0	0
6	396.06	0.64345	-7.3354	0.64345	-7.3354	0	1	90	0	4.6562	-1	-9	3.6562	0	-7.3438	3	-1	1	0	0	0	0
6	412.64	0.64345	-7.3354	0.64345	-7.3354	0	1	90	0	4.6562	-1	-9	3.6562	0	-7.3438	3	-1	1	0	0	0	0
6	429.24	0.60324	-7.271	0.60324	-7.271	0	1	90	0	4.6562	-1	-9	3.6562	0	-7.3438	3	-1	1	0	0	0	0
6	445.82	0.58313	-7.2388	0.58313	-7.2388	0	1	90	0	4.6562	-1	-9	3.6562	0	-7.3438	3	-1	1	1	0	0	0
6	462.39	0.48259	-7.0458	0.48259	-7.0458	0	1	90	0	4.6562	-1	-9	3.6562	0	-7.3438	3	-1	1	1	0	0	0
6	478.96	0.42227	-6.9493	0.42227	-6.9493	0	1	90	0	4.6562	-1	-9	3.6562	0	-7.3438	3	-1	1	1	0	0	0
6	495.6	0.28151	-6.6597	0.28151	-6.6597	0	1	90	0	4.6562	-1	-9	3.6562	0	-7.3438	3	-1	1	1	0	0	0
6	512.23	0.12065	-6.3058	0.12065	-6.3058	0	1	90	0	4.6562	-1	-9	3.6562	0	-7.3438	3	-1	1	1	0	0	0
6	528.8	-0.020108	-5.8876	-0.020108	-5.8876	0	1	90	0	4.6562	-1	-9	3.6562	0	-7.3438	3	-1	1	1	0	0	0
6	545.38	-0.080432	-5.6624	-0.080432	-5.6624	0	1	90	0	4.6562	-1	-9	3.6562	0	-7.3438	3	-1	1	1	0	0	0
6	561.97	-0.22119	-5.1798	-0.22119	-5.1798	0	1	90	0	4.6562	-1	-9	3.6562	0	-7.3438	3	-1	1	1	0	0	0
6	578.56	-0.2614	-4.8902	-0.2614	-4.8902	0	2	90	0	4.6562	-1	-9	3.6562	0	-7.3438	3	-1	1	1	0	0	0
6	595.19	-0.36194	-4.3111	-0.36194	-4.3111	0	2	90	0	4.6562	-1	-9	3.6562	0	-7.3438	3	-1	1	1	0	0	0
6	611.77	-0.44237	-3.6999	-0.44237	-3.6999	0	2	90	0	4.6562	-1	-9	3.6562	0	-7.3438	3	-1	1	1	0	0	0
6	628.39	-0.5027	-3.0886	-0.5027	-3.0886	0	2	90	0	4.6562	-1	-9	3.6562	0	-7.3438	3	-1	1	1	0	0	0
6	644.94	-0.52281	-2.7668	-0.52281	-2.7668	0	2	90	0	4.6562	-1	-9	3.6562	0	-7.3438	3	-1	1	1	0	0	0
6	661.53	-0.54291	-2.1556	-0.54291	-2.1556	0	2	90	0	4.6562	-1	-9	3.6562	0	-7.3438	3	-1	1	1	0	0	0
6	678.14	-0.54291	-1.8338	-0.54291	-1.8338	0	2	90	0	4.6562	-1	-9	3.6562	0	-7.3438	3	-1	1	1	0	1	0
6	694.67	-0.52281	-1.1904	-0.52281	-1.1904	0	2	90	0	4.6562	-1	-9	3.6562	0	-7.3438	3	-1	1	1	0	0	0
6	711.32	-0.48259	-0.54693	-0.48259	-0.54693	0	2	90	0	4.6562	-1	-9	3.6562	0	-7.3438	3	-1	1	1	0	0	0
6	727.93	-0.42227	0.032173	-0.42227	0.032173	0	2	90	0	4.6562	-1	-9	3.6562	0	-7.3438	3	-1	1	1	0	0	0
6	744.53	-0.40216	0.32173	-0.40216	0.32173	0	2	90	0	4.6562	-1	-9	3.6562	0	-7.3438	3	-1	1	1	0	0	0
6	761.1	-0.32173	0.86866	-0.32173	0.86866	0	2	90	0	4.6562	-1	-9	3.6562	0	-7.3438	3	-1	1	1	0	0	0
6	777.72	-0.2614	1.126	-0.2614	1.126	0	2	90	0	4.6562	-1	-9	3.6562	0	-7.3438	3	-1	1	1	0	0	0
6	794.27	-0.16086	1.6408	-0.16086	1.6408	0	2	90	0	4.6562	-1	-9	3.6562	0	-7.3438	3	-1	1	1	0	0	0
6	810.87	-0.020108	2.1234	-0.020108	2.1234	0	2	90	0	4.6562	-1	-9	3.6562	0	-7.3438	3	-1	1	1	0	0	0
6	827.47	0.10054	2.5416	0.10054	2.5416	0	2	90	0	4.6562	-1	-9	3.6562	0	-7.3438	3	-1	1	1	0	0	0
6	844.11	0.18097	2.7347	0.18097	2.7347	0	2	90	0	4.6562	-1	-9	3.6562	0	-7.3438	3	-1	1	1	0	0	0
6	860.68	0.32173	3.0564	0.32173	3.0564	0	2	90	0	4.6562	-1	-9	3.6562	0	-7.3438	3	-1	1	1	0	0	0
6	877.26	0.40216	3.2173	0.40216	3.2173	0	2	90	0	4.6562	-1	-9	3.6562	0	-7.3438	3	-1	1	1	0	0	0
6	893.82	0.54291	3.4746	0.54291	3.4746	0	2	90	0	4.6562	-1	-9	3.6562	0	-7.3438	3	-1	1	1	0	0	0
6	910.46	0.66356	3.6999	0.66356	3.6999	0	2	90	0	4.6562	-1	-9	3.6562	0	-7.3438	3	-1	1	1	0	0	0
6	927.02	0.72388	3.7964	0.72388	3.7964	0	2	90	0	4.6562	-1	-9	3.6562	0	-7.3438	3	-1	1	1	0	0	0
6	943.64	0.82442	3.9251	0.82442	3.9251	0	2	90	0	4.6562	-1	-9	3.6562	0	-7.3438	3	-1	1	1	0	0	0
6	960.23	0.90485	4.0216	0.90485	4.0216	0	2	90	0	4.6562	-1	-9	3.6562	0	-7.3438	3	-1	1	1	0	0	0
6	976.86	0.92496	4.0538	0.92496	4.0537	0	2	90	0	4.6562	-1	-9	3.6562	0	-7.3438	3	-1	1	1	0	0	0
6	993.4	0.98529	4.1181	0.98529	4.1181	0	2	90	0	4.6562	-1	-9	3.6562	0	-7.3438	3	-1	1	1	0	0	0
6	1009.9	1.0255	4.1503	1.0255	4.1503	0	2	90	0	4.6562	-1	-9	3.6562	0	-7.3438	3	-1	1	1	0	0	0
6	1026.6	1.0456	4.1824	1.0456	4.1824	0	2	90	0	4.6562	-1	-9	3.6562	0	-7.3438	3	-1	1	1	0	0	0
6	1043.2	1.0657	4.1824	1.0657	4.1824	0	3	90	0	4.6562	-1	-9	3.6562	0	-7.3438	3	-1	1	0	0	0	0
7	30.856	0.18097	-7.5927	0.18097	-7.5927	0	1	75	3.1058	4.2473	-1	-5.8942	3.2474	0	-7.3438	3	-1	1	0	0	0	1
7	47.453	0.20108	-7.5606	0.20108	-7.5606	0	1	75	3.1058	4.2473	-1	-5.8942	3.2474	0	-7.3438	3	-1	1	0	0	0	1
7	64.03	0.20108	-7.5606	0.20108	-7.5606	0	1	75	3.1058	4.2473	-1	-5.8942	3.2474	0	-7.3438	3	-1	1	0	0	0	1
7	80.652	0.20108	-7.5606	0.20108	-7.5606	0	1	75	3.1058	4.2473	-1	-5.8942	3.2474	0	-7.3438	3	-1	1	0	0	0	1
7	97.181	0.20108	-7.5606	0.20108	-7.5606	0	1	75	3.1058	4.2473	-1	-5.8942	3.2474	0	-7.3438	3	-1	1	0	0	0	1
7	113.82	0.20108	-7.5606	0.20108	-7.5606	0	1	75	3.1058	4.2473	-1	-5.8942	3.2474	0	-7.3438	3	-1	1	0	0	0	1
7	130.42	0.20108	-7.5284	0.20108	-7.5284	0	1	75	3.1058	4.2473	-1	-5.8942	3.2474	0	-7.3438	3	-1	1	0	0	0	1
7	146.98	0.20108	-7.5284	0.20108	-7.5284	0	1	75	3.1058	4.2473	-1	-5.8942	3.2474	0	-7.3438	3	-1	1	0	0	0	1
7	163.61	0.20108	-7.5284	0.20108	-7.5284	0	1	75	3.1058	4.2473	-1	-5.8942	3.2474	0	-7.3438	3	-1	1	0	0	0	1
7	180.19	0.20108	-7.5284	0.20108	-7.5284	0	1	75	3.1058	4.2473	-1	-5.8942	3.2474	0	-7.3438	3	-1	1	0	0	0	1
7	196.8	0.20108	-7.5284	0.20108	-7.5284	0	1	75	3.1058	4.2473	-1	-5.8942	3.2474	0	-7.3438	3	-1	1	0	0	0	1
7	213.37	0.20108	-7.5284	0.20108	-7.5284	0	1	75	3.1058	4.2473	-1	-5.8942	3.2474	0	-7.3438	3	-1	1	0	0	0	1
7	229.96	0.20108	-7.5284	0.20108	-7.5284	0	1	75	3.1058	4.2473	-1	-5.8942	3.2474	0	-7.3438	3	-1	1	0	0	0	1
7	246.58	0.20108	-7.5284	0.20108	-7.5284	0	1	75	3.1058	4.2473	-1	-5.8942	3.2474	0	-7.3438	3	-1	1	0	0	0	1
7	263.17	0.20108	-7.5284	0.20108	-7.5284	0	1	75	3.1058	4.2473	-1	-5.8942	3.2474	0	-7.3438	3	-1	1	0	0	0	1
7	279.77	0.20108	-7.5284	0.20108	-7.5284	0	1	75	3.1058	4.2473	-1	-5.8942	3.2474	0	-7.3438	3	-1	1	0	0	0	1
7	296.35	0.20108	-7.5284	0.20108	-7.5284	0	1	75	3.1058	4.2473	-1	-5.8942	3.2474	0	-7.3438	3	-1	1	0	0	0	1
7	312.97	0.20108	-7.5284	0.20108	-7.5284	0	1	75	3.1058	4.2473	-1	-5.8942	3.2474	0	-7.3438	3	-1	1	0	0	0	1
7	329.53	0.20108	-7.5284	0.20108	-7.5284	0	1	75	3.1058	4.2473	-1	-5.8942	3.2474	0	-7.3438	3	-1	1	0	0	0	1
7	346.15	0.20108	-7.5284	0.20108	-7.5284	0	1	75	3.1058	4.2473	-1	-5.8942	3.2474	0	-7.3438	3	-1	1	0	0	0	1
7	362.74	0.20108	-7.4962	0.20108	-7.4962	0	1	75	3.1058	4.2473	-1	-5.8942	3.2474	0	-7.3438	3	-1	1	0	0	0	1
7	379.37	0.18097	-7.464	0.18097	-7.464	0	1	75	3.1058	4.2473	-1	-5.8942	3.2474	0	-7.3438	3	-1	1	0	0	0	1
7	395.95	0.16086	-7.3354	0.16086	-7.3354	0	1	75	3.1058	4.2473	-1	-5.8942	3.2474	0	-7.3438	3	-1	1	0	0	0	1
7	412.5	0.14076	-7.2388	0.14076	-7.2388	0	1	75	3.1058	4.2473	-1	-5.8942	3.2474	0	-7.3438	3	-1	1	0	0	0	1
7	429.07	0.12065	-6.9815	0.12065	-6.9815	0	1	75	3.1058	4.2473	-1	-5.8942	3.2474	0	-7.3438	3	-1	1	0	0	0	1
7	445.62	0.12065	-6.7884	0.12065	-6.7884	0	1	75	3.1058	4.2473	-1	-5.8942	3.2474	0	-7.3438	3	-1	1	1	0	0	1
7	462.31	0.14076	-6.3702	0.14076	-6.3702	0	1	75	3.1058	4.2473	-1	-5.8942	3.2474	0	-7.3438	3	-1	1	1	0	0	1
7	478.93	0.20108	-5.8554	0.20108	-5.8554	0	1	75	3.1058	4.2473	-1	-5.8942	3.2474	0	-7.3438	3	-1	1	1	0	0	1
7	495.46	0.30162	-5.3085	0.30162	-5.3085	0	1	75	3.1058	4.2473	-1	-5.8942	3.2474	0	-7.3438	3	-1	1	1	0	0	1
7	512.07	0.36194	-5.0189	0.36194	-5.0189	0	2	75	3.1058	4.2473	-1	-5.8942	3.2474	0	-7.3438	3	-1	1	1	0	0	1
7	528.68	0.54291	-4.3755	0.54291	-4.3755	0	2	75	3.1058	4.2473	-1	-5.8942	3.2474	0	-7.3438	3	-1	1	1	0	0	1
7	545.25	0.64345	-4.0537	0.64345	-4.0537	0	2	75	3.1058	4.2473	-1	-5.8942	3.2474	0	-7.3438	3	-1	1	1	0	0	1
7	561.86	0.88475	-3.4103	0.88475	-3.4103	0	2	75	3.1058	4.2473	-1	-5.8942	3.2474	0	-7.3438	3	-1	1	1	0	1	1
7	578.47	1.1663	-2.7347	1.1663	-2.7347	0	2	75	3.1058	4.2473	-1	-5.8942	3.2474	0	-7.3438	3	-1	1	1	0	0	1
7	595.05	1.4679	-2.0912	1.4679	-2.0912	0	2	75	3.1058	4.2473	-1	-5.8942	3.2474	0	-7.3438	3	-1	1	1	0	0	1
7	611.64	1.6086	-1.7695	1.6086	-1.7695	0	2	75	3.1058	4.2473	-1	-5.8942	3.2474	0	-7.3438	3	-1	1	1	0	0	1
7	628.24	1.9505	-1.1582	1.9505	-1.1582	0	2	75	3.1058	4.2473	-1	-5.8942	3.2474	0	-7.3438	3	-1	1	1	0	0	1
7	644.91	2.1113	-0.86866	2.1113	-0.86866	0	2	75	3.1058	4.2473	-1	-5.8942	3.2474	0	-7.3438	3	-1	1	1	0	0	1
7	661.42	2.4733	-0.28955	2.4733	-0.28955	0	2	75	3.1058	4.2473	-1	-5.8942	3.2474	0	-7.3438	3	-1	1	1	0	0	1
7	677.97	2.6341	-0.032173	2.6341	-0.032173	0	2	75	3.1058	4.2473	-1	-5.8942	3.2474	0	-7.3438	3	-1	1	1	0	0	1
7	694.62	2.976	0.45042	2.976	0.45042	0	2	75	3.1058	4.2473	-1	-5.8942	3.2474	0	-7.3438	3	-1	1	1	0	0	1
7	711.16	3.2977	0.93301	3.2977	0.93301	0	2	75	3.1058	4.2473	-1	-5.8942	3.2474	0	-7.3438	3	-1	1	1	0	0	1
7	727.84	3.6194	1.3834	3.6194	1.3834	0	2	75	3.1058	4.2473	-1	-5.8942	3.2474	0	-7.3438	3	-1	1	1	0	0	1
7	744.39	3.7602	1.6086	3.7602	1.6086	0	2	75	3.1058	4.2473	-1	-5.8942	3.2474	0	-7.3438	3	-1	1	1	0	0	1
7	760.98	4.0417	2.0269	4.0417	2.0269	0	2	75	3.1058	4.2473	-1	-5.8942	3.2474	0	-7.3438	3	-1	1	1	0	0	1
7	777.58	4.1623	2.1877	4.1623	2.1877	0	2	75	3.1058	4.2473	-1	-5.8942	3.2474	0	-7.3438	3	-1	1	1	0	0	1
7	794.15	4.4036	2.5095	4.4036	2.5095	0	2	75	3.1058	4.2473	-1	-5.8942	3.2474	0	-7.3438	3	-1	1	1	0	0	1
7	810.74	4.5846	2.799	4.5846	2.799	0	2	75	3.1058	4.2473	-1	-5.8942	3.2474	0	-7.3438	3	-1	1	1	0	0	1
7	827.35	4.7455	2.9921	4.7455	2.9921	0	2	75	3.1058	4.2473	-1	-5.8942	3.2474	0	-7.3438	3	-1	1	1	0	0	1
7	843.99	4.8058	3.0886	4.8058	3.0886	0	2	75	3.1058	4.2473	-1	-5.8942	3.2474	0	-7.3438	3	-1	1	1	0	0	1
7	860.56	4.9264	3.2494	4.9264	3.2494	0	2	75	3.1058	4.2473	-1	-5.8942	3.2474	0	-7.3438	3	-1	1	1	0	0	1
7	877.13	4.9465	3.2816	4.9465	3.2816	0	2	75	3.1058	4.2473	-1	-5.8942	3.2474	0	-7.3438	3	-1	1	1	0	0	1
7	893.72	5.0069	3.3781	5.0069	3.3781	0	2	75	3.1058	4.2473	-1	-5.8942	3.2474	0	-7.3438	3	-1	1	1	0	0	1
7	910.32	5.027	3.4103	5.027	3.4103	0	2	75	3.1058	4.2473	-1	-5.8942	3.2474	0	-7.3438	3	-1	1	1	0	0	1
7	926.91	5.027	3.4103	5.027	3.4103	0	2	75	3.1058	4.2473	-1	-5.8942	3.2474	0	-7.3438	3	-1	1	1	0	0	1
7	943.55	5.027	3.4103	5.027	3.4103	0	2	75	3.1058	4.2473	-1	-5.8942	3.2474	0	-7.3438	3	-1	1	0	0	0	1
7	960.13	5.027	3.4103	5.027	3.4103	0	2	75	3.1058	4.2473	-1	-5.8942	3.2474	0	-7.3438	3	-1	1	0	0	0	1
7	976.72	5.027	3.4103	5.027	3.4103	0	3	75	3.1058	4.2473	-1	-5.8942	3.2474	0	-7.3438	3	-1	1	0	0	0	1
8	31.146	0.22119	-7.5606	0.22119	-7.5606	0	1	105	-3.1058	4.2473	-1	-12.106	3.2474	0	-7.3438	3	-1	1	0	0	0	0
8	47.737	0.22119	-7.5606	0.22119	-7.5606	0	1	105	-3.1058	4.2473	-1	-12.106	3.2474	0	-7.3438	3	-1	1	0	0	0	0
8	64.395	0.22119	-7.5284	0.22119	-7.5284	0	1	105	-3.1058	4.2473	-1	-12.106	3.2474	0	-7.3438	3	-1	1	0	0	0	0
8	81.006	0.22119	-7.5284	0.22119	-7.5284	0	1	105	-3.1058	4.2473	-1	-12.106	3.2474	0	-7.3438	3	-1	1	0	0	0	0
8	97.521	0.22119	-7.5284	0.22119	-7.5284	0	1	105	-3.1058	4.2473	-1	-12.106	3.2474	0	-7.3438	3	-1	1	0	0	0	0
8	114.16	0.22119	-7.5284	0.22119	-7.5284	0	1	105	-3.1058	4.2473	-1	-12.106	3.2474	0	-7.3438	3	-1	1	0	0	0	0
8	130.76	0.22119	-7.5284	0.22119	-7.5284	0	1	105	-3.1058	4.2473	-1	-12.106	3.2474	0	-7.3438	3	-1	1	0	0	0	0
8	147.29	0.22119	-7.5284	0.22119	-7.5284	0	1	105	-3.1058	4.2473	-1	-12.106	3.2474	0	-7.3438	3	-1	1	0	0	0	0
8	163.89	0.24129	-7.5284	0.24129	-7.5284	0	1	105	-3.1058	4.2473	-1	-12.106	3.2474	0	-7.3438	3	-1	1	0	0	0	0
8	180.51	0.24129	-7.5284	0.24129	-7.5284	0	1	105	-3.1058	4.2473	-1	-12.106	3.2474	0	-7.3438	3	-1	1	0	0	0	0
8	197.14	0.24129	-7.5284	0.24129	-7.5284	0	1	105	-3.1058	4.2473	-1	-12.106	3.2474	0	-7.3438	3	-1	1	0	0	0	0
8	213.71	0.24129	-7.5284	0.24129	-7.5284	0	1	105	-3.1058	4.2473	-1	-12.106	3.2474	0	-7.3438	3	-1	1	0	0	0	0
8	230.3	0.24129	-7.5284	0.24129	-7.5284	0	1	105	-3.1058	4.2473	-1	-12.106	3.2474	0	-7.3438	3	-1	1	0	0	0	0
8	246.92	0.24129	-7.5284	0.24129	-7.5284	0	1	105	-3.1058	4.2473	-1	-12.106	3.2474	0	-7.3438	3	-1	1	0	0	0	0
8	263.5	0.24129	-7.5284	0.24129	-7.5284	0	1	105	-3.1058	4.2473	-1	-12.106	3.2474	0	-7.3438	3	-1	1	0	0	0	0
8	280.07	0.24129	-7.5284	0.24129	-7.5284	0	1	105	-3.1058	4.2473	-1	-12.106	3.2474	0	-7.3438	3	-1	1	0	0	0	0
8	296.68	0.22119	-7.4962	0.22119	-7.4962	0	1	105	-3.1058	4.2473	-1	-12.106	3.2474	0	-7.3438	3	-1	1	0	0	0	0
8	313.3	0.20108	-7.464	0.20108	-7.464	0	1	105	-3.1058	4.2473	-1	-12.106	3.2474	0	-7.3438	3	-1	1	0	0	0	0
8	329.89	0.14076	-7.4319	0.14076	-7.4319	0	1	105	-3.1058	4.2473	-1	-12.106	3.2474	0	-7.3438	3	-1	1	0	0	0	0
8	346.49	0.060324	-7.271	0.060324	-7.271	0	1	105	-3.1058	4.2473	-1	-12.106	3.2474	0	-7.3438	3	-1	1	0	0	0	0
8	363.04	0	-7.1745	0	-7.1745	0	1	105	-3.1058	4.2473	-1	-12.106	3.2474	0	-7.3438	3	-1	1	0	0	0	0
8	379.56	-0.10054	-6.9171	-0.10054	-6.9171	0	1	105	-3.1058	4.2473	-1	-12.106	3.2474	0	-7.3438	3	-1	1	1	0	0	0
8	396.23	-0.20108	-6.5632	-0.20108	-6.5632	0	1	105	-3.1058	4.2473	-1	-12.106	3.2474	0	-7.3438	3	-1	1	1	0	0	0
8	412.83	-0.24129	-6.3702	-0.24129	-6.3702	0	1	105	-3.1058	4.2473	-1	-12.106	3.2474	0	-7.3438	3	-1	1	1	0	0	0
8	429.42	-0.32173	-5.9198	-0.32173	-5.9198	0	1	105	-3.1058	4.2473	-1	-12.106	3.2474	0	-7.3438	3	-1	1	1	0	0	0
8	446.06	-0.42227	-5.4372	-0.42227	-5.4372	0	1	105	-3.1058	4.2473	-1	-12.106	3.2474	0	-7.3438	3	-1	1	1	0	0	0
8	462.61	-0.48259	-5.1798	-0.48259	-5.1798	0	1	105	-3.1058	4.2473	-1	-12.106	3.2474	0	-7.3438	3	-1	1	1	0	0	0
8	479.23	-0.62334	-4.6329	-0.62334	-4.6329	0	2	105	-3.1058	4.2473	-1	-12.106	3.2474	0	-7.3438	3	-1	1	1	0	0	0
8	495.76	-0.7641	-4.0537	-0.7641	-4.0537	0	2	105	-3.1058	4.2473	-1	-12.106	3.2474	0	-7.3438	3	-1	1	1	0	0	0
8	512.38	-0.84453	-3.732	-0.84453	-3.732	0	2	105	-3.1058	4.2473	-1	-12.106	3.2474	0	-7.3438	3	-1	1	1	0	0	0
8	529	-1.0255	-3.1207	-1.0255	-3.1207	0	2	105	-3.1058	4.2473	-1	-12.106	3.2474	0	-7.3438	3	-1	1	1	0	0	0
8	545.58	-1.2467	-2.5095	-1.2467	-2.5095	0	2	105	-3.1058	4.2473	-1	-12.106	3.2474	0	-7.3438	3	-1	1	1	0	0	0
8	562.19	-1.3472	-2.1877	-1.3472	-2.1877	0	2	105	-3.1058	4.2473	-1	-12.106	3.2474	0	-7.3438	3	-1	1	1	0	1	0
8	578.76	-1.5684	-1.5765	-1.5684	-1.5765	0	2	105	-3.1058	4.2473	-1	-12.106	3.2474	0	-7.3438	3	-1	1	1	0	0	0
8	595.35	-1.8097	-0.99735	-1.8097	-0.99735	0	2	105	-3.1058	4.2473	-1	-12.106	3.2474	0	-7.3438	3	-1	1	1	0	0	0
8	611.92	-1.9102	-0.67563	-1.9102	-0.67562	0	2	105	-3.1058	4.2473	-1	-12.106	3.2474	0	-7.3438	3	-1	1	1	0	0	0
8	628.51	-2.1113	-0.096518	-2.1113	-0.096518	0	2	105	-3.1058	4.2473	-1	-12.106	3.2474	0	-7.3438	3	-1	1	1	0	0	0
8	645.13	-2.2119	0.19304	-2.2119	0.19304	0	2	105	-3.1058	4.2473	-1	-12.106	3.2474	0	-7.3438	3	-1	1	1	0	0	0
8	661.78	-2.3928	0.73997	-2.3928	0.73997	0	2	105	-3.1058	4.2473	-1	-12.106	3.2474	0	-7.3438	3	-1	1	1	0	0	0
8	678.38	-2.5939	1.2547	-2.5939	1.2547	0	2	105	-3.1058	4.2473	-1	-12.106	3.2474	0	-7.3438	3	-1	1	1	0	0	0
8	694.94	-2.7749	1.7373	-2.7749	1.7373	0	2	105	-3.1058	4.2473	-1	-12.106	3.2474	0	-7.3438	3	-1	1	1	0	0	0
8	711.51	-2.8553	1.9625	-2.8553	1.9625	0	2	105	-3.1058	4.2473	-1	-12.106	3.2474	0	-7.3438	3	-1	1	1	0	0	0
8	728.05	-3.0162	2.3808	-3.0162	2.3808	0	2	105	-3.1058	4.2473	-1	-12.106	3.2474	0	-7.3438	3	-1	1	1	0	0	0
8	744.71	-3.0966	2.5738	-3.0966	2.5738	0	2	105	-3.1058	4.2473	-1	-12.106	3.2474	0	-7.3438	3	-1	1	1	0	0	0
8	761.32	-3.2374	2.9277	-3.2374	2.9277	0	2	105	-3.1058	4.2473	-1	-12.106	3.2474	0	-7.3438	3	-1	1	1	0	0	0
8	777.9	-3.358	3.2173	-3.358	3.2173	0	2	105	-3.1058	4.2473	-1	-12.106	3.2474	0	-7.3438	3	-1	1	1	0	0	0
8	794.52	-3.4787	3.5068	-3.4787	3.5068	0	2	105	-3.1058	4.2473	-1	-12.106	3.2474	0	-7.3438	3	-1	1	1	0	0	0
8	811.1	-3.539	3.6033	-3.539	3.6033	0	2	105	-3.1058	4.2473	-1	-12.106	3.2474	0	-7.3438	3	-1	1	1	0	0	0
8	827.65	-3.6395	3.8285	-3.6395	3.8285	0	2	105	-3.1058	4.2473	-1	-12.106	3.2474	0	-7.3438	3	-1	1	1	0	0	0
8	844.23	-3.6797	3.9251	-3.6797	3.9251	0	2	105	-3.1058	4.2473	-1	-12.106	3.2474	0	-7.3438	3	-1	1	1	0	0	0
8	860.86	-3.7401	4.0538	-3.7401	4.0537	0	2	105	-3.1058	4.2473	-1	-12.106	3.2474	0	-7.3438	3	-1	1	1	0	0	0
8	877.46	-3.8004	4.1503	-3.8004	4.1503	0	2	105	-3.1058	4.2473	-1	-12.106	3.2474	0	-7.3438	3	-1	1	1	0	0	0
8	894.06	-3.8406	4.2146	-3.8406	4.2146	0	2	105	-3.1058	4.2473	-1	-12.106	3.2474	0	-7.3438	3	-1	1	1	0	0	0
8	910.66	-3.8406	4.2468	-3.8406	4.2468	0	2	105	-3.1058	4.2473	-1	-12.106	3.2474	0	-7.3438	3	-1	1	1	0	0	0
8	927.26	-3.8607	4.279	-3.8607	4.279	0	2	105	-3.1058	4.2473	-1	-12.106	3.2474	0	-7.3438	3	-1	1	0	0	0	0
8	943.83	-3.8808	4.3111	-3.8808	4.3111	0	2	105	-3.1058	4.2473	-1	-12.106	3.2474	0	-7.3438	3	-1	1	0	0	0	0
8	960.41	-3.8808	4.3111	-3.8808	4.3111	0	3	105	-3.1058	4.2473	-1	-12.106	3.2474	0	-7.3438	3	-1	1	0	0	0	0
9	30.797	0.66356	-7.3997	0.66356	-7.3997	0	1	90	0	4.6562	-1	-9	3.6562	0	-7.3438	3	-1	1	0	0	0	0
9	47.397	0.64345	-7.3997	0.64345	-7.3997	0	1	90	0	4.6562	-1	-9	3.6562	0	-7.3438	3	-1	1	0	0	0	0
9	63.981	0.64345	-7.3675	0.64345	-7.3675	0	1	90	0	4.6562	-1	-9	3.6562	0	-7.3438	3	-1	1	0	0	0	0
9	80.596	0.64345	-7.3675	0.64345	-7.3675	0	1	90	0	4.6562	-1	-9	3.6562	0	-7.3438	3	-1	1	0	0	0	0
9	97.182	0.64345	-7.3675	0.64345	-7.3675	0	1	90	0	4.6562	-1	-9	3.6562	0	-7.3438	3	-1	1	0	0	0	0
9	113.75	0.64345	-7.3675	0.64345	-7.3675	0	1	90	0	4.6562	-1	-9	3.6562	0	-7.3438	3	-1	1	0	0	0	0
9	130.36	0.64345	-7.3675	0.64345	-7.3675	0	1	90	0	4.6562	-1	-9	3.6562	0	-7.3438	3	-1	1	0	0	0	0
9	146.94	0.64345	-7.3675	0.64345	-7.3675	0	1	90	0	4.6562	-1	-9	3.6562	0	-7.3438	3	-1	1	0	0	0	0
9	163.55	0.64345	-7.3675	0.64345	-7.3675	0	1	90	0	4.6562	-1	-9	3.6562	0	-7.3438	3	-1	1	0	0	0	0
9	180.16	0.64345	-7.3675	0.64345	-7.3675	0	1	90	0	4.6562	-1	-9	3.6562	0	-7.3438	3	-1	1	0	0	0	0
9	196.75	0.64345	-7.3354	0.64345	-7.3354	0	1	90	0	4.6562	-1	-9	3.6562	0	-7.3438	3	-1	1	0	0	0	0
9	213.33	0.62334	-7.3354	0.62334	-7.3354	0	1	90	0	4.6562	-1	-9	3.6562	0	-7.3438	3	-1	1	0	0	0	0
9	229.92	0.60324	-7.3354	0.60324	-7.3354	0	1	90	0	4.6562	-1	-9	3.6562	0	-7.3438	3	-1	1	0	0	0	0
9	246.53	0.5027	-7.2388	0.5027	-7.2388	0	1	90	0	4.6562	-1	-9	3.6562	0	-7.3438	3	-1	1	0	0	0	0
9	263.14	0.38205	-7.1101	0.38205	-7.1101	0	1	90	0	4.6562	-1	-9	3.6562	0	-7.3438	3	-1	1	0	0	0	0
9	279.74	0.32173	-7.0458	0.32173	-7.0458	0	1	90	0	4.6562	-1	-9	3.6562	0	-7.3438	3	-1	1	0	0	0	0
9	296.36	0.20108	-6.8528	0.20108	-6.8528	0	1	90	0	4.6562	-1	-9	3.6562	0	-7.3438	3	-1	1	0	0	0	0
9	312.93	0.060324	-6.5954	0.060324	-6.5954	0	1	90	0	4.6562	-1	-9	3.6562	0	-7.3438	3	-1	1	1	0	0	0
9	329.47	-0.020108	-6.4667	-0.020108	-6.4667	0	1	90	0	4.6562	-1	-9	3.6562	0	-7.3438	3	-1	1	1	0	0	0
9	346.08	-0.16086	-6.0806	-0.16086	-6.0806	0	1	90	0	4.6562	-1	-9	3.6562	0	-7.3438	3	-1	1	1	0	0	0
9	362.66	-0.32173	-5.6302	-0.32173	-5.6302	0	1	90	0	4.6562	-1	-9	3.6562	0	-7.3438	3	-1	1	1	0	0	0
9	379.28	-0.38205	-5.3728	-0.38205	-5.3728	0	1	90	0	4.6562	-1	-9	3.6562	0	-7.3438	3	-1	1	1	0	0	0
9	395.87	-0.52281	-4.8581	-0.52281	-4.8581	0	2	90	0	4.6562	-1	-9	3.6562	0	-7.3438	3	-1	1	1	0	0	0
9	412.5	-0.64345	-4.279	-0.64345	-4.279	0	2	90	0	4.6562	-1	-9	3.6562	0	-7.3438	3	-1	1	1	0	0	0
9	429.08	-0.70378	-3.9572	-0.70378	-3.9572	0	2	90	0	4.6562	-1	-9	3.6562	0	-7.3438	3	-1	1	1	0	0	0
9	445.72	-0.82442	-3.346	-0.82442	-3.346	0	2	90	0	4.6562	-1	-9	3.6562	0	-7.3438	3	-1	1	1	0	0	0
9	462.24	-0.90485	-2.7025	-0.90485	-2.7025	0	2	90	0	4.6562	-1	-9	3.6562	0	-7.3438	3	-1	1	1	0	0	0
9	478.84	-0.94507	-2.3808	-0.94507	-2.3808	0	2	90	0	4.6562	-1	-9	3.6562	0	-7.3438	3	-1	1	1	0	1	0
9	495.43	-1.0054	-1.7051	-1.0054	-1.7051	0	2	90	0	4.6562	-1	-9	3.6562	0	-7.3438	3	-1	1	1	0	0	0
9	512.03	-1.0255	-1.0617	-1.0255	-1.0617	0	2	90	0	4.6562	-1	-9	3.6562	0	-7.3438	3	-1	1	1	0	0	0
9	528.65	-1.0456	-0.73997	-1.0456	-0.73997	0	2	90	0	4.6562	-1	-9	3.6562	0	-7.3438	3	-1	1	1	0	0	0
9	545.23	-1.0255	-0.12869	-1.0255	-0.12869	0	2	90	0	4.6562	-1	-9	3.6562	0	-7.3438	3	-1	1	1	0	0	0
9	561.81	-1.0255	0.16086	-1.0255	0.16086	0	2	90	0	4.6562	-1	-9	3.6562	0	-7.3438	3	-1	1	1	0	0	0
9	578.41	-0.96518	0.77214	-0.96518	0.77214	0	2	90	0	4.6562	-1	-9	3.6562	0	-7.3438	3	-1	1	1	0	0	0
9	595.01	-0.88475	1.3191	-0.88475	1.3191	0	2	90	0	4.6562	-1	-9	3.6562	0	-7.3438	3	-1	1	1	0	0	0
9	611.61	-0.84453	1.5765	-0.84453	1.5765	0	2	90	0	4.6562	-1	-9	3.6562	0	-7.3438	3	-1	1	1	0	0	0
9	628.21	-0.72388	2.059	-0.72388	2.059	0	2	90	0	4.6562	-1	-9	3.6562	0	-7.3438	3	-1	1	1	0	0	0
9	644.81	-0.60324	2.5095	-0.60324	2.5095	0	2	90	0	4.6562	-1	-9	3.6562	0	-7.3438	3	-1	1	1	0	0	0
9	661.41	-0.54291	2.7347	-0.54291	2.7347	0	2	90	0	4.6562	-1	-9	3.6562	0	-7.3438	3	-1	1	1	0	0	0
9	677.96	-0.38205	3.1207	-0.38205	3.1207	0	2	90	0	4.6562	-1	-9	3.6562	0	-7.3438	3	-1	1	1	0	0	0
9	694.56	-0.22119	3.5068	-0.22119	3.5068	0	2	90	0	4.6562	-1	-9	3.6562	0	-7.3438	3	-1	1	1	0	0	0
9	711.2	-0.14076	3.6999	-0.14076	3.6999	0	2	90	0	4.6562	-1	-9	3.6562	0	-7.3438	3	-1	1	1	0	0	0
9	727.79	0.020108	4.0538	0.020108	4.0537	0	2	90	0	4.6562	-1	-9	3.6562	0	-7.3438	3	-1	1	1	0	0	0
9	744.39	0.16086	4.3433	0.16086	4.3433	0	2	90	0	4.6562	-1	-9	3.6562	0	-7.3438	3	-1	1	1	0	0	0
9	760.95	0.22119	4.472	0.22119	4.472	0	2	90	0	4.6562	-1	-9	3.6562	0	-7.3438	3	-1	1	1	0	0	0
9	777.54	0.32173	4.665	0.32173	4.665	0	2	90	0	4.6562	-1	-9	3.6562	0	-7.3438	3	-1	1	1	0	0	0
9	794.12	0.42227	4.7937	0.42227	4.7937	0	2	90	0	4.6562	-1	-9	3.6562	0	-7.3438	3	-1	1	1	0	0	0
9	810.72	0.44237	4.8581	0.44237	4.8581	0	2	90	0	4.6562	-1	-9	3.6562	0	-7.3438	3	-1	1	0	0	0	0
9	827.3	0.52281	4.9546	0.52281	4.9546	0	2	90	0	4.6562	-1	-9	3.6562	0	-7.3438	3	-1	1	0	0	0	0
9	843.88	0.56302	5.0511	0.56302	5.0511	0	2	90	0	4.6562	-1	-9	3.6562	0	-7.3438	3	-1	1	0	0	0	0
9	860.49	0.58313	5.0511	0.58313	5.0511	0	2	90	0	4.6562	-1	-9	3.6562	0	-7.3438	3	-1	1	0	0	0	0
9	877.13	0.62334	5.1154	0.62334	5.1154	0	2	90	0	4.6562	-1	-9	3.6562	0	-7.3438	3	-1	1	0	0	0	0
9	893.68	0.64345	5.1154	0.64345	5.1154	0	2	90	0	4.6562	-1	-9	3.6562	0	-7.3438	3	-1	1	0	0	0	0
9	910.28	0.64345	5.1154	0.64345	5.1154	0	3	90	0	4.6562	-1	-9	3.6562	0	-7.3438	3	-1	1	0	0	0	0
10	31.103	0.080432	-7.4962	0.080432	-7.4962	0	1	75	3.1058	4.2473	-1	-5.8942	3.2474	0	-7.3438	3	-1	1	0	0	0	0
10	47.682	0.080432	-7.5284	0.080432	-7.5284	0	1	75	3.1058	4.2473	-1	-5.8942	3.2474	0	-7.3438	3	-1	1	0	0	0	0
10	64.284	0.080432	-7.5284	0.080432	-7.5284	0	1	75	3.1058	4.2473	-1	-5.8942	3.2474	0	-7.3438	3	-1	1	0	0	0	0
10	80.897	0.080432	-7.4962	0.080432	-7.4962	0	1	75	3.1058	4.2473	-1	-5.8942	3.2474	0	-7.3438	3	-1	1	0	0	0	0
10	97.422	0.080432	-7.4962	0.080432	-7.4962	0	1	75	3.1058	4.2473	-1	-5.8942	3.2474	0	-7.3438	3	-1	1	0	0	0	0
10	114.09	0.080432	-7.4962	0.080432	-7.4962	0	1	75	3.1058	4.2473	-1	-5.8942	3.2474	0	-7.3438	3	-1	1	0	0	0	0
10	130.84	0.080432	-7.4962	0.080432	-7.4962	0	1	75	3.1058	4.2473	-1	-5.8942	3.2474	0	-7.3438	3	-1	1	0	0	0	0
10	147.27	0.080432	-7.4962	0.080432	-7.4962	0	1	75	3.1058	4.2473	-1	-5.8942	3.2474	0	-7.3438	3	-1	1	0	0	0	0
10	163.84	0.080432	-7.4962	0.080432	-7.4962	0	1	75	3.1058	4.2473	-1	-5.8942	3.2474	0	-7.3438	3	-1	1	0	0	0	0
10	180.42	0.080432	-7.464	0.080432	-7.464	0	1	75	3.1058	4.2473	-1	-5.8942	3.2474	0	-7.3438	3	-1	1	0	0	0	0
10	197.08	0.080432	-7.464	0.080432	-7.464	0	1	75	3.1058	4.2473	-1	-5.8942	3.2474	0	-7.3438	3	-1	1	0	0	0	0
10	213.65	0.080432	-7.464	0.080432	-7.464	0	1	75	3.1058	4.2473	-1	-5.8942	3.2474	0	-7.3438	3	-1	1	0	0	0	0
10	230.26	0.060324	-7.4319	0.060324	-7.4319	0	1	75	3.1058	4.2473	-1	-5.8942	3.2474	0	-7.3438	3	-1	1	0	0	0	0
10	246.85	0.020108	-7.3354	0.020108	-7.3354	0	1	75	3.1058	4.2473	-1	-5.8942	3.2474	0	-7.3438	3	-1	1	1	0	0	0
10	263.43	-0.080432	-7.1423	-0.080432	-7.1423	0	1	75	3.1058	4.2473	-1	-5.8942	3.2474	0	-7.3438	3	-1	1	1	0	0	0
10	280	-0.14076	-7.0136	-0.14076	-7.0136	0	1	75	3.1058	4.2473	-1	-5.8942	3.2474	0	-7.3438	3	-1	1	1	0	0	0
10	296.59	-0.22119	-6.6597	-0.22119	-6.6597	0	1	75	3.1058	4.2473	-1	-5.8942	3.2474	0	-7.3438	3	-1	1	1	0	0	0
10	313.23	-0.2614	-6.4667	-0.2614	-6.4667	0	1	75	3.1058	4.2473	-1	-5.8942	3.2474	0	-7.3438	3	-1	1	1	0	0	0
10	329.79	-0.32173	-5.9841	-0.32173	-5.9841	0	1	75	3.1058	4.2473	-1	-5.8942	3.2474	0	-7.3438	3	-1	1	1	0	0	0
10	346.43	-0.34183	-5.4372	-0.34183	-5.4372	0	1	75	3.1058	4.2473	-1	-5.8942	3.2474	0	-7.3438	3	-1	1	1	0	0	0
10	362.99	-0.30162	-4.7937	-0.30162	-4.7937	0	1	75	3.1058	4.2473	-1	-5.8942	3.2474	0	-7.3438	3	-1	1	1	0	0	0
10	379.62	-0.2614	-4.4398	-0.2614	-4.4398	0	2	75	3.1058	4.2473	-1	-5.8942	3.2474	0	-7.3438	3	-1	1	1	0	0	0
10	396.17	-0.14076	-3.6677	-0.14076	-3.6677	0	2	75	3.1058	4.2473	-1	-5.8942	3.2474	0	-7.3438	3	-1	1	1	0	0	0
10	412.72	-0.060324	-3.2816	-0.060324	-3.2816	0	2	75	3.1058	4.2473	-1	-5.8942	3.2474	0	-7.3438	3	-1	1	1	0	0	0
10	429.33	0.16086	-2.4773	0.16086	-2.4773	0	2	75	3.1058	4.2473	-1	-5.8942	3.2474	0	-7.3438	3	-1	1	1	0	1	0
10	445.93	0.42227	-1.673	0.42227	-1.673	0	2	75	3.1058	4.2473	-1	-5.8942	3.2474	0	-7.3438	3	-1	1	1	0	0	0
10	462.53	0.7641	-0.86866	0.7641	-0.86866	0	2	75	3.1058	4.2473	-1	-5.8942	3.2474	0	-7.3438	3	-1	1	1	0	0	0
10	479.16	0.94507	-0.48259	0.94507	-0.48259	0	2	75	3.1058	4.2473	-1	-5.8942	3.2474	0	-7.3438	3	-1	1	1	0	0	0
10	495.73	1.3472	0.22521	1.3472	0.22521	0	2	75	3.1058	4.2473	-1	-5.8942	3.2474	0	-7.3438	3	-1	1	1	0	0	0
10	512.3	1.5483	0.54693	1.5483	0.54693	0	2	75	3.1058	4.2473	-1	-5.8942	3.2474	0	-7.3438	3	-1	1	1	0	0	0
10	528.92	1.9907	1.1904	1.9907	1.1904	0	2	75	3.1058	4.2473	-1	-5.8942	3.2474	0	-7.3438	3	-1	1	1	0	0	0
10	545.52	2.4532	1.7373	2.4532	1.7373	0	2	75	3.1058	4.2473	-1	-5.8942	3.2474	0	-7.3438	3	-1	1	1	0	0	0
10	562.12	2.9156	2.2521	2.9156	2.2521	0	2	75	3.1058	4.2473	-1	-5.8942	3.2474	0	-7.3438	3	-1	1	1	0	0	0
10	578.7	3.1368	2.4773	3.1368	2.4773	0	2	75	3.1058	4.2473	-1	-5.8942	3.2474	0	-7.3438	3	-1	1	1	0	0	0
10	595.31	3.5792	2.8634	3.5792	2.8634	0	2	75	3.1058	4.2473	-1	-5.8942	3.2474	0	-7.3438	3	-1	1	1	0	0	0
10	611.88	3.7803	3.0242	3.7803	3.0242	0	2	75	3.1058	4.2473	-1	-5.8942	3.2474	0	-7.3438	3	-1	1	1	0	0	0
10	628.48	4.1824	3.346	4.1824	3.346	0	2	75	3.1058	4.2473	-1	-5.8942	3.2474	0	-7.3438	3	-1	1	0	0	0	0
10	645.06	4.5444	3.6033	4.5444	3.6033	0	2	75	3.1058	4.2473	-1	-5.8942	3.2474	0	-7.3438	3	-1	1	0	0	0	0
10	661.67	4.8661	3.7964	4.8661	3.7964	0	2	75	3.1058	4.2473	-1	-5.8942	3.2474	0	-7.3438	3	-1	1	0	0	0	0
10	678.27	5.027	3.8929	5.027	3.8929	0	2	75	3.1058	4.2473	-1	-5.8942	3.2474	0	-7.3438	3	-1	1	0	0	0	0
10	694.9	5.3085	4.0538	5.3085	4.0537	0	2	75	3.1058	4.2473	-1	-5.8942	3.2474	0	-7.3438	3	-1	1	0	0	0	0
10	711.48	5.4291	4.1503	5.4291	4.1503	0	2	75	3.1058	4.2473	-1	-5.8942	3.2474	0	-7.3438	3	-1	1	0	0	0	0
10	728.04	5.6503	4.2468	5.6503	4.2468	0	2	75	3.1058	4.2473	-1	-5.8942	3.2474	0	-7.3438	3	-1	1	0	0	0	0
10	744.62	5.8112	4.3433	5.8112	4.3433	0	2	75	3.1058	4.2473	-1	-5.8942	3.2474	0	-7.3438	3	-1	1	0	0	0	0
10	761.24	5.8715	4.3755	5.8715	4.3755	0	2	75	3.1058	4.2473	-1	-5.8942	3.2474	0	-7.3438	3	-1	1	0	0	0	0
10	777.82	5.9519	4.4076	5.9519	4.4076	0	2	75	3.1058	4.2473	-1	-5.8942	3.2474	0	-7.3438	3	-1	1	0	0	0	0
10	794.41	6.0123	4.4076	6.0123	4.4076	0	2	75	3.1058	4.2473	-1	-5.8942	3.2474	0	-7.3438	3	-1	1	0	0	0	0
10	811.05	6.0324	4.4398	6.0324	4.4398	0	2	75	3.1058	4.2473	-1	-5.8942	3.2474	0	-7.3438	3	-1	1	0	0	0	0
10	827.62	6.0525	4.4398	6.0525	4.4398	0	2	75	3.1058	4.2473	-1	-5.8942	3.2474	0	-7.3438	3	-1	1	0	0	0	0
10	844.2	6.0525	4.4398	6.0525	4.4398	0	2	75	3.1058	4.2473	-1	-5.8942	3.2474	0	-7.3438	3	-1	1	0	0	0	0
10	860.77	6.0525	4.4398	6.0525	4.4398	0	3	75	3.1058	4.2473	-1	-5.8942	3.2474	0	-7.3438	3	-1	1	0	0	0	0
10	1325.4	4.7656	2.9277	4.7656	2.9277	0	2	75	3.1058	4.2473	-1	-5.8942	3.2474	0	-7.3438	3	-1	1	0	0	0	0
10	1342.1	4.2428	2.2199	4.2428	2.2199	0	3	75	3.1058	4.2473	-1	-5.8942	3.2474	0	-7.3438	3	-1	1	0	0	0	0
10	1358.6	3.6999	1.4156	3.6999	1.4156	0	3	75	3.1058	4.2473	-1	-5.8942	3.2474	0	-7.3438	3	-1	1	0	0	0	0
10	1375.2	3.1167	0.54693	3.1167	0.54693	0	3	75	3.1058	4.2473	-1	-5.8942	3.2474	0	-7.3438	3	-1	1	0	0	0	0
10	1391.8	2.8352	0.064345	2.8352	0.064345	0	3	75	3.1058	4.2473	-1	-5.8942	3.2474	0	-7.3438	3	-1	1	0	0	0	0
10	1408.4	2.2722	-0.86866	2.2722	-0.86866	0	3	75	3.1058	4.2473	-1	-5.8942	3.2474	0	-7.3438	3	-1	1	0	0	0	0
10	1425	2.0108	-1.3834	2.0108	-1.3834	0	3	75	3.1058	4.2473	-1	-5.8942	3.2474	0	-7.3438	3	-1	1	0	0	0	0
10	1441.6	1.5081	-2.3164	1.5081	-2.3164	0	3	75	3.1058	4.2473	-1	-5.8942	3.2474	0	-7.3438	3	-1	1	0	0	0	0
10	1458.2	1.0657	-3.2494	1.0657	-3.2494	0	3	75	3.1058	4.2473	-1	-5.8942	3.2474	0	-7.3438	3	-1	1	0	0	0	0
10	1474.8	0.68367	-4.1181	0.68367	-4.1181	0	3	75	3.1058	4.2473	-1	-5.8942	3.2474	0	-7.3438	3	-1	1	0	0	0	0
10	1491.4	0.5027	-4.5042	0.5027	-4.5042	0	3	75	3.1058	4.2473	-1	-5.8942	3.2474	0	-7.3438	3	-1	1	0	0	0	0
10	1507.9	0.20108	-5.3085	0.20108	-5.3085	0	3	75	3.1058	4.2473	-1	-5.8942	3.2474	0	-7.3438	3	-1	1	0	0	0	0
10	1524.6	0.060324	-5.6624	0.060324	-5.6624	0	3	75	3.1058	4.2473	-1	-5.8942	3.2474	0	-7.3438	3	-1	1	0	0	0	0
10	1541.2	-0.18097	-6.338	-0.18097	-6.338	0	3	75	3.1058	4.2473	-1	-5.8942	3.2474	0	-7.3438	3	-1	1	0	0	0	0
10	1557.7	-0.36194	-6.9493	-0.36194	-6.9493	0	3	75	3.1058	4.2473	-1	-5.8942	3.2474	0	-7.3438	3	-1	1	0	0	0	0
10	1574.3	-0.46248	-7.271	-0.46248	-7.271	0	3	75	3.1058	4.2473	-1	-5.8942	3.2474	0	-7.3438	3	-1	1	0	0	0	0
10	1591	-0.46248	-7.3354	-0.46248	-7.3354	0	3	75	3.1058	4.2473	-1	-5.8942	3.2474	0	-7.3438	3	-1	1	0	0	0	0
10	1607.5	-0.44237	-7.3032	-0.44237	-7.3032	0	3	75	3.1058	4.2473	-1	-5.8942	3.2474	0	-7.3438	3	-1	1	0	0	0	0
10	1624.1	-0.44237	-7.3032	-0.44237	-7.3032	0	3	75	3.1058	4.2473	-1	-5.8942	3.2474	0	-7.3438	3	-1	1	0	0	0	0
10	1640.7	-0.42227	-7.3032	-0.42227	-7.3032	0	3	75	3.1058	4.2473	-1	-5.8942	3.2474	0	-7.3438	3	-1	1	0	0	0	0
10	1657.4	-0.40216	-7.3354	-0.40216	-7.3354	0	3	75	3.1058	4.2473	-1	-5.8942	3.2474	0	-7.3438	3	-1	1	0	0	0	0
10	1673.9	-0.38205	-7.3354	-0.38205	-7.3354	0	3	75	3.1058	4.2473	-1	-5.8942	3.2474	0	-7.3438	3	-1	1	0	0	0	0
10	1690.5	-0.36194	-7.3354	-0.36194	-7.3354	0	3	75	3.1058	4.2473	-1	-5.8942	3.2474	0	-7.3438	3	-1	1	0	0	0	0
10	1707.1	-0.34183	-7.3354	-0.34183	-7.3354	0	3	75	3.1058	4.2473	-1	-5.8942	3.2474	0	-7.3438	3	-1	1	0	0	0	0
10	1723.7	-0.34183	-7.3354	-0.34183	-7.3354	0	3	75	3.1058	4.2473	-1	-5.8942	3.2474	0	-7.3438	3	-1	1	0	0	0	0
10	1740.3	-0.34183	-7.3354	-0.34183	-7.3354	0	3	75	3.1058	4.2473	-1	-5.8942	3.2474	0	-7.3438	3	-1	1	0	0	0	0
10	1756.9	-0.32173	-7.3354	-0.32173	-7.3354	0	3	75	3.1058	4.2473	-1	-5.8942	3.2474	0	-7.3438	3	-1	1	0	0	0	0
10	1773.5	-0.32173	-7.3675	-0.32173	-7.3675	0	3	75	3.1058	4.2473	-1	-5.8942	3.2474	0	-7.3438	3	-1	1	0	0	0	0
10	1790.1	-0.32173	-7.3675	-0.32173	-7.3675	0	3	75	3.1058	4.2473	-1	-5.8942	3.2474	0	-7.3438	3	-1	1	0	0	0	0
10	1806.7	-0.32173	-7.3675	-0.32173	-7.3675	0	3	75	3.1058	4.2473	-1	-5.8942	3.2474	0	-7.3438	3	-1	1	0	0	0	0
10	1823.3	-0.32173	-7.3675	-0.32173	-7.3675	0	3	75	3.1058	4.2473	-1	-5.8942	3.2474	0	-7.3438	3	-1	1	0	0	0	0
10	1839.8	-0.32173	-7.3675	-0.32173	-7.3675	0	3	75	3.1058	4.2473	-1	-5.8942	3.2474	0	-7.3438	3	-1	1	0	0	0	0
10	1856.4	-0.32173	-7.3675	-0.32173	-7.3675	0	3	75	3.1058	4.2473	-1	-5.8942	3.2474	0	-7.3438	3	-1	1	0	0	0	0
10	1873.1	-0.34183	-7.3675	-0.34183	-7.3675	0	3	75	3.1058	4.2473	-1	-5.8942	3.2474	0	-7.3438	3	-1	1	0	0	0	0
10	1889.7	-0.34183	-7.3675	-0.34183	-7.3675	0	3	75	3.1058	4.2473	-1	-5.8942	3.2474	0	-7.3438	3	-1	1	0	0	0	0
10	1906.3	-0.34183	-7.3354	-0.34183	-7.3354	0	3	75	3.1058	4.2473	-1	-5.8942	3.2474	0	-7.3438	3	-1	1	0	0	0	0
10	1922.8	-0.34183	-7.3354	-0.34183	-7.3354	0	3	75	3.1058	4.2473	-1	-5.8942	3.2474	0	-7.3438	3	-1	1	0	0	0	0
10	1939.4	-0.34183	-7.3354	-0.34183	-7.3354	0	3	75	3.1058	4.2473	-1	-5.8942	3.2474	0	-7.3438	3	-1	1	0	0	0	0
10	1956	-0.34183	-7.3032	-0.34183	-7.3032	0	3	75	3.1058	4.2473	-1	-5.8942	3.2474	0	-7.3438	3	-1	1	0	0	0	0
10	1972.6	-0.32173	-7.2388	-0.32173	-7.2388	0	3	75	3.1058	4.2473	-1	-5.8942	3.2474	0	-7.3438	3	-1	1	0	0	0	0
10	1989.2	-0.30162	-7.0458	-0.30162	-7.0458	0	3	75	3.1058	4.2473	-1	-5.8942	3.2474	0	-7.3438	3	-1	1	0	0	0	0
10	2005.8	-0.28151	-6.9171	-0.28151	-6.9171	0	3	75	3.1058	4.2473	-1	-5.8942	3.2474	0	-7.3438	3	-1	1	0	0	0	0
10	2022.4	-0.16086	-6.531	-0.16086	-6.531	0	3	75	3.1058	4.2473	-1	-5.8942	3.2474	0	-7.3438	3	-1	1	0	0	0	0
10	2039	0	-6.0806	0	-6.0806	0	3	75	3.1058	4.2473	-1	-5.8942	3.2474	0	-7.3438	3	-1	1	0	0	0	0
10	2055.6	0.22119	-5.5337	0.22119	-5.5337	0	3	75	3.1058	4.2473	-1	-5.8942	3.2474	0	-7.3438	3	-1	1	0	0	0	0
10	2072.2	0.34183	-5.2441	0.34183	-5.2441	0	3	75	3.1058	4.2473	-1	-5.8942	3.2474	0	-7.3438	3	-1	1	0	0	0	0
10	2088.8	0.66356	-4.6329	0.66356	-4.6329	0	3	75	3.1058	4.2473	-1	-5.8942	3.2474	0	-7.3438	3	-1	1	0	0	0	0
10	2105.3	0.82442	-4.3111	0.82442	-4.3111	0	3	75	3.1058	4.2473	-1	-5.8942	3.2474	0	-7.3438	3	-1	1	0	0	0	0
10	2122	1.2266	-3.6033	1.2266	-3.6033	0	3	75	3.1058	4.2473	-1	-5.8942	3.2474	0	-7.3438	3	-1	1	0	0	0	0
10	2138.5	1.669	-2.8634	1.669	-2.8634	0	3	75	3.1058	4.2473	-1	-5.8942	3.2474	0	-7.3438	3	-1	1	0	0	0	0
10	2155.2	1.9102	-2.5095	1.9102	-2.5095	0	3	75	3.1058	4.2473	-1	-5.8942	3.2474	0	-7.3438	3	-1	1	0	0	0	0
10	2171.7	2.4129	-1.8017	2.4129	-1.8017	0	3	75	3.1058	4.2473	-1	-5.8942	3.2474	0	-7.3438	3	-1	1	0	0	0	0
10	2188.3	2.9559	-1.1582	2.9559	-1.1582	0	3	75	3.1058	4.2473	-1	-5.8942	3.2474	0	-7.3438	3	-1	1	0	0	0	0
10	2204.9	3.2374	-0.83649	3.2374	-0.83649	0	3	75	3.1058	4.2473	-1	-5.8942	3.2474	0	-7.3438	3	-1	1	0	0	0	0
10	2221.5	3.8004	-0.19304	3.8004	-0.19304	0	3	75	3.1058	4.2473	-1	-5.8942	3.2474	0	-7.3438	3	-1	1	0	0	0	0
10	2238.1	4.3634	0.41824	4.3634	0.41824	0	3	75	3.1058	4.2473	-1	-5.8942	3.2474	0	-7.3438	3	-1	1	0	0	0	0
10	2254.7	4.6248	0.7078	4.6248	0.7078	0	3	75	3.1058	4.2473	-1	-5.8942	3.2474	0	-7.3438	3	-1	1	0	0	0	0
10	2271.3	5.1677	1.2547	5.1677	1.2547	0	3	75	3.1058	4.2473	-1	-5.8942	3.2474	0	-7.3438	3	-1	1	0	0	0	0
10	2287.9	5.6704	1.7051	5.6704	1.7051	0	3	75	3.1058	4.2473	-1	-5.8942	3.2474	0	-7.3438	3	-1	1	0	0	0	0
10	2304.5	5.9117	1.9304	5.9117	1.9304	0	3	75	3.1058	4.2473	-1	-5.8942	3.2474	0	-7.3438	3	-1	1	0	0	0	0
10	2321.1	6.3541	2.3164	6.3541	2.3164	0	3	75	3.1058	4.2473	-1	-5.8942	3.2474	0	-7.3438	3	-1	1	0	0	0	0
10	2337.7	6.5753	2.4773	6.5753	2.4773	0	3	75	3.1058	4.2473	-1	-5.8942	3.2474	0	-7.3438	3	-1	1	0	0	0	0
10	2354.3	6.9573	2.799	6.9573	2.799	0	3	75	3.1058	4.2473	-1	-5.8942	3.2474	0	-7.3438	3	-1	1	0	0	0	0
10	2370.8	7.2791	3.0564	7.2791	3.0564	0	3	75	3.1058	4.2473	-1	-5.8942	3.2474	0	-7.3438	3	-1	1	0	0	0	0
10	2387.4	7.5606	3.2816	7.5606	3.2816	0	3	75	3.1058	4.2473	-1	-5.8942	3.2474	0	-7.3438	3	-1	1	0	0	0	0
10	2404	7.6611	3.346	7.6611	3.346	0	3	75	3.1058	4.2473	-1	-5.8942	3.2474	0	-7.3438	3	-1	1	0	0	0	0
10	2420.6	7.8622	3.5068	7.8622	3.5068	0	3	75	3.1058	4.2473	-1	-5.8942	3.2474	0	-7.3438	3	-1	1	0	0	0	0
10	2437.2	8.0029	3.6033	8.0029	3.6033	0	3	75	3.1058	4.2473	-1	-5.8942	3.2474	0	-7.3438	3	-1	1	0	0	0	0
10	2453.8	8.0633	3.6355	8.0633	3.6355	0	3	75	3.1058	4.2473	-1	-5.8942	3.2474	0	-7.3438	3	-1	1	0	0	0	0
10	2470.4	8.1437	3.6999	8.1437	3.6999	0	3	75	3.1058	4.2473	-1	-5.8942	3.2474	0	-7.3438	3	-1	1	0	0	0	0
10	2487	8.1839	3.732	8.1839	3.732	0	3	75	3.1058	4.2473	-1	-5.8942	3.2474	0	-7.3438	3	-1	1	0	0	0	0
10	2503.6	8.1839	3.7642	8.1839	3.7642	0	3	75	3.1058	4.2473	-1	-5.8942	3.2474	0	-7.3438	3	-1	1	0	0	0	0
10	2520.2	8.204	3.7642	8.204	3.7642	0	3	75	3.1058	4.2473	-1	-5.8942	3.2474	0	-7.3438	3	-1	1	0	0	0	0
10	2536.8	8.204	3.7642	8.204	3.7642	0	3	75	3.1058	4.2473	-1	-5.8942	3.2474	0	-7.3438	3	-1	1	0	0	0	0
10	2553.4	8.204	3.7642	8.204	3.7642	0	3	75	3.1058	4.2473	-1	-5.8942	3.2474	0	-7.3438	3	-1	1	0	0	0	0
10	2586.6	8.204	3.7642	8.204	3.7642	0	2	75	3.1058	4.2473	-1	-5.8942	3.2474	0	-7.3438	3	-1	1	0	0	0	0
10	2603.2	8.204	3.7642	8.204	3.7642	0	3	75	3.1058	4.2473	-1	-5.8942	3.2474	0	-7.3438	3	-1	1	0	0	0	0
11	28.059	0.36194	-7.464	0.36194	-7.464	0	1	105	-3.1058	4.2473	-1	-12.106	3.2474	0	-7.3438	3	-1	1	0	0	0	0
11	44.599	0.34183	-7.464	0.34183	-7.464	0	1	105	-3.1058	4.2473	-1	-12.106	3.2474	0	-7.3438	3	-1	1	0	0	0	0
11	61.206	0.34183	-7.464	0.34183	-7.464	0	1	105	-3.1058	4.2473	-1	-12.106	3.2474	0	-7.3438	3	-1	1	0	0	0	0
11	77.805	0.34183	-7.4962	0.34183	-7.4962	0	1	105	-3.1058	4.2473	-1	-12.106	3.2474	0	-7.3438	3	-1	1	0	0	0	0
11	94.443	0.34183	-7.4962	0.34183	-7.4962	0	1	105	-3.1058	4.2473	-1	-12.106	3.2474	0	-7.3438	3	-1	1	0	0	0	0
11	111.04	0.34183	-7.4962	0.34183	-7.4962	0	1	105	-3.1058	4.2473	-1	-12.106	3.2474	0	-7.3438	3	-1	1	0	0	0	0
11	127.57	0.34183	-7.464	0.34183	-7.464	0	1	105	-3.1058	4.2473	-1	-12.106	3.2474	0	-7.3438	3	-1	1	0	0	0	0
11	144.19	0.34183	-7.464	0.34183	-7.464	0	1	105	-3.1058	4.2473	-1	-12.106	3.2474	0	-7.3438	3	-1	1	0	0	0	0
11	160.82	0.34183	-7.464	0.34183	-7.464	0	1	105	-3.1058	4.2473	-1	-12.106	3.2474	0	-7.3438	3	-1	1	0	0	0	0
11	177.46	0.34183	-7.464	0.34183	-7.464	0	1	105	-3.1058	4.2473	-1	-12.106	3.2474	0	-7.3438	3	-1	1	0	0	0	0
11	194.06	0.34183	-7.464	0.34183	-7.464	0	1	105	-3.1058	4.2473	-1	-12.106	3.2474	0	-7.3438	3	-1	1	0	0	0	0
11	210.6	0.34183	-7.464	0.34183	-7.464	0	1	105	-3.1058	4.2473	-1	-12.106	3.2474	0	-7.3438	3	-1	1	0	0	0	0
11	227.15	0.34183	-7.464	0.34183	-7.464	0	1	105	-3.1058	4.2473	-1	-12.106	3.2474	0	-7.3438	3	-1	1	0	0	0	0
11	243.75	0.34183	-7.464	0.34183	-7.464	0	1	105	-3.1058	4.2473	-1	-12.106	3.2474	0	-7.3438	3	-1	1	0	0	0	0
11	260.35	0.34183	-7.464	0.34183	-7.464	0	1	105	-3.1058	4.2473	-1	-12.106	3.2474	0	-7.3438	3	-1	1	0	0	0	0
11	276.92	0.34183	-7.464	0.34183	-7.464	0	1	105	-3.1058	4.2473	-1	-12.106	3.2474	0	-7.3438	3	-1	1	0	0	0	0
11	293.52	0.34183	-7.464	0.34183	-7.464	0	1	105	-3.1058	4.2473	-1	-12.106	3.2474	0	-7.3438	3	-1	1	0	0	0	0
11	310.1	0.32173	-7.464	0.32173	-7.464	0	1	105	-3.1058	4.2473	-1	-12.106	3.2474	0	-7.3438	3	-1	1	0	0	0	0
11	326.76	0.30162	-7.4319	0.30162	-7.4319	0	1	105	-3.1058	4.2473	-1	-12.106	3.2474	0	-7.3438	3	-1	1	0	0	0	0
11	343.36	0.2614	-7.3997	0.2614	-7.3997	0	1	105	-3.1058	4.2473	-1	-12.106	3.2474	0	-7.3438	3	-1	1	0	0	0	0
11	359.82	0.18097	-7.3032	0.18097	-7.3032	0	1	105	-3.1058	4.2473	-1	-12.106	3.2474	0	-7.3438	3	-1	1	0	0	0	0
11	376.46	0.060324	-7.1101	0.060324	-7.1101	0	1	105	-3.1058	4.2473	-1	-12.106	3.2474	0	-7.3438	3	-1	1	1	0	0	0
11	393.09	0	-6.9815	0	-6.9815	0	1	105	-3.1058	4.2473	-1	-12.106	3.2474	0	-7.3438	3	-1	1	1	0	0	0
11	409.86	-0.12065	-6.6597	-0.12065	-6.6597	0	1	105	-3.1058	4.2473	-1	-12.106	3.2474	0	-7.3438	3	-1	1	1	0	0	0
11	426.33	-0.2614	-6.3058	-0.2614	-6.3058	0	1	105	-3.1058	4.2473	-1	-12.106	3.2474	0	-7.3438	3	-1	1	1	0	0	0
11	442.91	-0.32173	-6.0806	-0.32173	-6.0806	0	1	105	-3.1058	4.2473	-1	-12.106	3.2474	0	-7.3438	3	-1	1	1	0	0	0
11	459.5	-0.48259	-5.6302	-0.48259	-5.6302	0	1	105	-3.1058	4.2473	-1	-12.106	3.2474	0	-7.3438	3	-1	1	1	0	0	0
11	476.09	-0.62334	-5.1154	-0.62334	-5.1154	0	1	105	-3.1058	4.2473	-1	-12.106	3.2474	0	-7.3438	3	-1	1	1	0	0	0
11	492.67	-0.70378	-4.8259	-0.70378	-4.8259	0	2	105	-3.1058	4.2473	-1	-12.106	3.2474	0	-7.3438	3	-1	1	1	0	0	0
11	509.24	-0.84453	-4.2468	-0.84453	-4.2468	0	2	105	-3.1058	4.2473	-1	-12.106	3.2474	0	-7.3438	3	-1	1	1	0	0	0
11	525.83	-1.0255	-3.6355	-1.0255	-3.6355	0	2	105	-3.1058	4.2473	-1	-12.106	3.2474	0	-7.3438	3	-1	1	1	0	0	0
11	542.51	-1.1059	-3.346	-1.1059	-3.346	0	2	105	-3.1058	4.2473	-1	-12.106	3.2474	0	-7.3438	3	-1	1	1	0	1	0
11	559.06	-1.2869	-2.7668	-1.2869	-2.7668	0	2	105	-3.1058	4.2473	-1	-12.106	3.2474	0	-7.3438	3	-1	1	1	0	0	0
11	575.63	-1.488	-2.1877	-1.488	-2.1877	0	2	105	-3.1058	4.2473	-1	-12.106	3.2474	0	-7.3438	3	-1	1	1	0	0	0
11	592.21	-1.5885	-1.8982	-1.5885	-1.8982	0	2	105	-3.1058	4.2473	-1	-12.106	3.2474	0	-7.3438	3	-1	1	1	0	0	0
11	608.82	-1.7896	-1.3513	-1.7896	-1.3512	0	2	105	-3.1058	4.2473	-1	-12.106	3.2474	0	-7.3438	3	-1	1	1	0	0	0
11	625.42	-1.8901	-1.0617	-1.8901	-1.0617	0	2	105	-3.1058	4.2473	-1	-12.106	3.2474	0	-7.3438	3	-1	1	1	0	0	0
11	641.99	-2.1113	-0.54693	-2.1113	-0.54693	0	2	105	-3.1058	4.2473	-1	-12.106	3.2474	0	-7.3438	3	-1	1	1	0	0	0
11	658.59	-2.3124	-0.064345	-2.3124	-0.064345	0	2	105	-3.1058	4.2473	-1	-12.106	3.2474	0	-7.3438	3	-1	1	1	0	0	0
11	675.22	-2.5135	0.38607	-2.5135	0.38607	0	2	105	-3.1058	4.2473	-1	-12.106	3.2474	0	-7.3438	3	-1	1	1	0	0	0
11	691.81	-2.614	0.61128	-2.614	0.61128	0	2	105	-3.1058	4.2473	-1	-12.106	3.2474	0	-7.3438	3	-1	1	1	0	0	0
11	708.39	-2.8151	1.0295	-2.8151	1.0295	0	2	105	-3.1058	4.2473	-1	-12.106	3.2474	0	-7.3438	3	-1	1	1	0	0	0
11	724.96	-2.8955	1.2226	-2.8955	1.2226	0	2	105	-3.1058	4.2473	-1	-12.106	3.2474	0	-7.3438	3	-1	1	1	0	0	0
11	741.56	-3.0765	1.6086	-3.0765	1.6086	0	2	105	-3.1058	4.2473	-1	-12.106	3.2474	0	-7.3438	3	-1	1	1	0	0	0
11	758.18	-3.2173	1.9625	-3.2173	1.9625	0	2	105	-3.1058	4.2473	-1	-12.106	3.2474	0	-7.3438	3	-1	1	1	0	0	0
11	774.74	-3.3379	2.3164	-3.3379	2.3164	0	2	105	-3.1058	4.2473	-1	-12.106	3.2474	0	-7.3438	3	-1	1	1	0	0	0
11	791.39	-3.3781	2.4773	-3.3781	2.4773	0	2	105	-3.1058	4.2473	-1	-12.106	3.2474	0	-7.3438	3	-1	1	1	0	0	0
11	807.97	-3.4586	2.7668	-3.4586	2.7668	0	2	105	-3.1058	4.2473	-1	-12.106	3.2474	0	-7.3438	3	-1	1	1	0	0	0
11	824.51	-3.4787	2.8955	-3.4787	2.8955	0	2	105	-3.1058	4.2473	-1	-12.106	3.2474	0	-7.3438	3	-1	1	1	0	0	0
11	841.15	-3.539	3.0886	-3.539	3.0886	0	2	105	-3.1058	4.2473	-1	-12.106	3.2474	0	-7.3438	3	-1	1	1	0	0	0
11	857.75	-3.5591	3.2494	-3.5591	3.2494	0	2	105	-3.1058	4.2473	-1	-12.106	3.2474	0	-7.3438	3	-1	1	1	0	0	0
11	874.37	-3.5792	3.2816	-3.5792	3.2816	0	2	105	-3.1058	4.2473	-1	-12.106	3.2474	0	-7.3438	3	-1	1	1	0	0	0
11	890.97	-3.5792	3.346	-3.5792	3.346	0	2	105	-3.1058	4.2473	-1	-12.106	3.2474	0	-7.3438	3	-1	1	1	0	0	0
11	907.55	-3.5993	3.3781	-3.5993	3.3781	0	2	105	-3.1058	4.2473	-1	-12.106	3.2474	0	-7.3438	3	-1	1	1	0	0	0
11	924.1	-3.5993	3.4103	-3.5993	3.4103	0	2	105	-3.1058	4.2473	-1	-12.106	3.2474	0	-7.3438	3	-1	1	1	0	0	0
11	940.71	-3.5993	3.4103	-3.5993	3.4103	0	2	105	-3.1058	4.2473	-1	-12.106	3.2474	0	-7.3438	3	-1	1	1	0	0	0
11	957.32	-3.5993	3.4103	-3.5993	3.4103	0	3	105	-3.1058	4.2473	-1	-12.106	3.2474	0	-7.3438	3	-1	1	0	0	0	0
