0	16.906	-0.30162	-7.3997	-0.30162	-7.3997	0	1	90	0	4.6562	1	9	3.6562	0	-7.3438	3	-1	1	0	0	0	0
0	33.497	-0.30162	-7.3997	-0.30162	-7.3997	0	1	90	0	4.6562	1	9	3.6562	0	-7.3438	3	-1	1	0	0	0	0
0	50.097	-0.30162	-7.3997	-0.30162	-7.3997	0	1	90	0	4.6562	1	9	3.6562	0	-7.3438	3	-1	1	0	0	0	0
0	66.825	-0.30162	-7.3997	-0.30162	-7.3997	0	1	90	0	4.6562	1	9	3.6562	0	-7.3438	3	-1	1	0	0	0	0
0	83.357	-0.30162	-7.3997	-0.30162	-7.3997	0	1	90	0	4.6562	1	9	3.6562	0	-7.3438	3	-1	1	0	0	0	0
0	99.915	-0.30162	-7.3997	-0.30162	-7.3997	0	1	90	0	4.6562	1	9	3.6562	0	-7.3438	3	-1	1	0	0	0	0
0	116.61	-0.30162	-7.3997	-0.30162	-7.3997	0	1	90	0	4.6562	1	9	3.6562	0	-7.3438	3	-1	1	0	0	0	0
0	133.21	-0.30162	-7.3997	-0.30162	-7.3997	0	1	90	0	4.6562	1	9	3.6562	0	-7.3438	3	-1	1	0	0	0	0
0	149.8	-0.30162	-7.3997	-0.30162	-7.3997	0	1	90	0	4.6562	1	9	3.6562	0	-7.3438	3	-1	1	0	0	0	0
0	166.39	-0.30162	-7.3997	-0.30162	-7.3997	0	1	90	0	4.6562	1	9	3.6562	0	-7.3438	3	-1	1	0	0	0	0
0	183.1	-0.30162	-7.3997	-0.30162	-7.3997	0	1	90	0	4.6562	1	9	3.6562	0	-7.3438	3	-1	1	0	0	0	0
0	199.6	-0.30162	-7.3997	-0.30162	-7.3997	0	1	90	0	4.6562	1	9	3.6562	0	-7.3438	3	-1	1	0	0	0	0
0	216.2	-0.30162	-7.3997	-0.30162	-7.3997	0	1	90	0	4.6562	1	9	3.6562	0	-7.3438	3	-1	1	0	0	0	0
0	232.78	-0.30162	-7.3997	-0.30162	-7.3997	0	1	90	0	4.6562	1	9	3.6562	0	-7.3438	3	-1	1	0	0	0	0
0	249.39	-0.30162	-7.3997	-0.30162	-7.3997	0	1	90	0	4.6562	1	9	3.6562	0	-7.3438	3	-1	1	0	0	0	0
0	265.97	-0.30162	-7.3997	-0.30162	-7.3997	0	1	90	0	4.6562	1	9	3.6562	0	-7.3438	3	-1	1	0	0	0	0
0	282.56	-0.30162	-7.3997	-0.30162	-7.3997	0	1	90	0	4.6562	1	9	3.6562	0	-7.3438	3	-1	1	0	0	0	0
0	299.16	-0.30162	-7.3997	-0.30162	-7.3997	0	1	90	0	4.6562	1	9	3.6562	0	-7.3438	3	-1	1	0	0	0	0
0	315.78	-0.30162	-7.3997	-0.30162	-7.3997	0	1	90	0	4.6562	1	9	3.6562	0	-7.3438	3	-1	1	0	0	0	0
0	332.33	-0.30162	-7.3997	-0.30162	-7.3997	0	1	90	0	4.6562	1	9	3.6562	0	-7.3438	3	-1	1	0	0	0	0
0	348.94	-0.30162	-7.3997	-0.30162	-7.3997	0	1	90	0	4.6562	1	9	3.6562	0	-7.3438	3	-1	1	0	0	0	0
0	365.5	-0.30162	-7.3997	-0.30162	-7.3997	0	1	90	0	4.6562	1	9	3.6562	0	-7.3438	3	-1	1	0	0	0	0
0	382.11	-0.30162	-7.3997	-0.30162	-7.3997	0	1	90	0	4.6562	1	9	3.6562	0	-7.3438	3	-1	1	0	0	0	0
0	398.71	-0.30162	-7.3675	-0.30162	-7.3675	0	1	90	0	4.6562	1	9	3.6562	0	-7.3438	3	-1	1	0	0	0	0
0	415.29	-0.30162	-7.3675	-0.30162	-7.3675	0	1	90	0	4.6562	1	9	3.6562	0	-7.3438	3	-1	1	0	0	0	0
0	431.94	-0.30162	-7.3675	-0.30162	-7.3675	0	1	90	0	4.6562	1	9	3.6562	0	-7.3438	3	-1	1	0	0	0	0
0	448.52	-0.30162	-7.3675	-0.30162	-7.3675	0	1	90	0	4.6562	1	9	3.6562	0	-7.3438	3	-1	1	0	0	0	0
0	465.08	-0.30162	-7.3675	-0.30162	-7.3675	0	1	90	0	4.6562	1	9	3.6562	0	-7.3438	3	-1	1	0	0	0	0
0	481.66	-0.30162	-7.3675	-0.30162	-7.3675	0	1	90	0	4.6562	1	9	3.6562	0	-7.3438	3	-1	1	0	0	0	0
0	498.23	-0.30162	-7.3675	-0.30162	-7.3675	0	1	90	0	4.6562	1	9	3.6562	0	-7.3438	3	-1	1	0	0	0	0
0	514.84	-0.30162	-7.3675	-0.30162	-7.3675	0	1	90	0	4.6562	1	9	3.6562	0	-7.3438	3	-1	1	0	0	0	0
0	531.49	-0.30162	-7.3675	-0.30162	-7.3675	0	1	90	0	4.6562	1	9	3.6562	0	-7.3438	3	-1	1	0	0	0	0
0	548.13	-0.30162	-7.3675	-0.30162	-7.3675	0	1	90	0	4.6562	1	9	3.6562	0	-7.3438	3	-1	1	0	0	0	0
0	564.66	-0.30162	-7.3675	-0.30162	-7.3675	0	1	90	0	4.6562	1	9	3.6562	0	-7.3438	3	-1	1	0	0	0	0
0	581.23	-0.30162	-7.3675	-0.30162	-7.3675	0	1	90	0	4.6562	1	9	3.6562	0	-7.3438	3	-1	1	0	0	0	0
0	597.87	-0.30162	-7.3675	-0.30162	-7.3675	0	1	90	0	4.6562	1	9	3.6562	0	-7.3438	3	-1	1	0	0	0	0
0	614.45	-0.30162	-7.3675	-0.30162	-7.3675	0	1	90	0	4.6562	1	9	3.6562	0	-7.3438	3	-1	1	0	0	0	0
0	631.05	-0.30162	-7.3675	-0.30162	-7.3675	0	1	90	0	4.6562	1	9	3.6562	0	-7.3438	3	-1	1	0	0	0	0
0	647.67	-0.30162	-7.3675	-0.30162	-7.3675	0	1	90	0	4.6562	1	9	3.6562	0	-7.3438	3	-1	1	0	0	0	0
0	664.26	-0.30162	-7.3675	-0.30162	-7.3675	0	1	90	0	4.6562	1	9	3.6562	0	-7.3438	3	-1	1	0	0	0	0
0	680.85	-0.30162	-7.3675	-0.30162	-7.3675	0	1	90	0	4.6562	1	9	3.6562	0	-7.3438	3	-1	1	0	0	0	0
0	697.49	-0.30162	-7.3675	-0.30162	-7.3675	0	1	90	0	4.6562	1	9	3.6562	0	-7.3438	3	-1	1	0	0	0	0
0	714.08	-0.30162	-7.3354	-0.30162	-7.3354	0	1	90	0	4.6562	1	9	3.6562	0	-7.3438	3	-1	1	0	0	0	0
0	730.66	-0.30162	-7.3354	-0.30162	-7.3354	0	1	90	0	4.6562	1	9	3.6562	0	-7.3438	3	-1	1	0	0	0	0
0	747.25	-0.30162	-7.3354	-0.30162	-7.3354	0	1	90	0	4.6562	1	9	3.6562	0	-7.3438	3	-1	1	0	0	0	0
0	763.89	-0.30162	-7.3354	-0.30162	-7.3354	0	1	90	0	4.6562	1	9	3.6562	0	-7.3438	3	-1	1	0	0	0	0
0	780.45	-0.30162	-7.3354	-0.30162	-7.3354	0	1	90	0	4.6562	1	9	3.6562	0	-7.3438	3	-1	1	0	0	0	0
0	797.06	-0.30162	-7.3354	-0.30162	-7.3354	0	1	90	0	4.6562	1	9	3.6562	0	-7.3438	3	-1	1	0	0	0	0
0	813.6	-0.30162	-7.3354	-0.30162	-7.3354	0	1	90	0	4.6562	1	9	3.6562	0	-7.3438	3	-1	1	0	0	0	0
0	830.18	-0.30162	-7.3354	-0.30162	-7.3354	0	1	90	0	4.6562	1	9	3.6562	0	-7.3438	3	-1	1	0	0	0	0
0	846.89	-0.30162	-7.3354	-0.30162	-7.3354	0	1	90	0	4.6562	1	9	3.6562	0	-7.3438	3	-1	1	0	0	0	0
0	863.37	-0.30162	-7.3354	-0.30162	-7.3354	0	1	90	0	4.6562	1	9	3.6562	0	-7.3438	3	-1	1	0	0	0	0
0	879.99	-0.30162	-7.3354	-0.30162	-7.3354	0	1	90	0	4.6562	1	9	3.6562	0	-7.3438	3	-1	1	0	0	0	0
0	896.58	-0.30162	-7.3354	-0.30162	-7.3354	0	1	90	0	4.6562	1	9	3.6562	0	-7.3438	3	-1	1	0	0	0	0
0	913.19	-0.30162	-7.3354	-0.30162	-7.3354	0	1	90	0	4.6562	1	9	3.6562	0	-7.3438	3	-1	1	0	0	0	0
0	929.78	-0.30162	-7.3354	-0.30162	-7.3354	0	1	90	0	4.6562	1	9	3.6562	0	-7.3438	3	-1	1	0	0	0	0
0	946.35	-0.30162	-7.3354	-0.30162	-7.3354	0	1	90	0	4.6562	1	9	3.6562	0	-7.3438	3	-1	1	0	0	0	0
0	963.06	-0.30162	-7.3354	-0.30162	-7.3354	0	1	90	0	4.6562	1	9	3.6562	0	-7.3438	3	-1	1	0	0	0	0
0	979.59	-0.30162	-7.3354	-0.30162	-7.3354	0	1	90	0	4.6562	1	9	3.6562	0	-7.3438	3	-1	1	0	0	0	0
0	996.18	-0.32173	-7.3354	-0.32173	-7.3354	0	1	90	0	4.6562	1	9	3.6562	0	-7.3438	3	-1	1	0	0	0	0
0	1012.8	-0.32173	-7.3354	-0.32173	-7.3354	0	1	90	0	4.6562	1	9	3.6562	0	-7.3438	3	-1	1	0	0	0	0
0	1029.5	-0.38205	-7.2388	-0.38205	-7.2388	0	1	90	0	4.6562	1	9	3.6562	0	-7.3438	3	-1	1	0	0	0	0
0	1045.9	-0.48259	-7.1101	-0.48259	-7.1101	0	1	90	0	4.6562	1	9	3.6562	0	-7.3438	3	-1	1	0	0	0	0
0	1062.5	-0.56302	-6.9171	-0.56302	-6.9171	0	1	90	0	4.6562	1	9	3.6562	0	-7.3438	3	-1	1	1	0	0	0
0	1079.1	-0.60324	-6.7884	-0.60324	-6.7884	0	1	90	0	4.6562	1	9	3.6562	0	-7.3438	3	-1	1	1	0	0	0
0	1095.8	-0.70378	-6.4667	-0.70378	-6.4667	0	1	90	0	4.6562	1	9	3.6562	0	-7.3438	3	-1	1	1	0	0	0
0	1112.4	-0.7641	-6.2737	-0.7641	-6.2737	0	1	90	0	4.6562	1	9	3.6562	0	-7.3438	3	-1	1	1	0	0	0
0	1129	-0.88475	-5.8876	-0.88475	-5.8876	0	1	90	0	4.6562	1	9	3.6562	0	-7.3438	3	-1	1	1	0	0	0
0	1145.5	-1.0456	-5.4693	-1.0456	-5.4693	0	1	90	0	4.6562	1	9	3.6562	0	-7.3438	3	-1	1	1	0	0	0
0	1162.1	-1.1864	-4.9868	-1.1864	-4.9868	0	2	90	0	4.6562	1	9	3.6562	0	-7.3438	3	-1	1	1	0	0	0
0	1178.7	-1.2668	-4.7294	-1.2668	-4.7294	0	2	90	0	4.6562	1	9	3.6562	0	-7.3438	3	-1	1	1	0	0	0
0	1195.3	-1.4277	-4.1824	-1.4277	-4.1824	0	2	90	0	4.6562	1	9	3.6562	0	-7.3438	3	-1	1	1	0	0	0
0	1211.9	-1.5081	-3.8929	-1.5081	-3.8929	0	2	90	0	4.6562	1	9	3.6562	0	-7.3438	3	-1	1	1	0	0	0
0	1228.5	-1.6891	-3.346	-1.6891	-3.346	0	2	90	0	4.6562	1	9	3.6562	0	-7.3438	3	-1	1	1	0	0	0
0	1245.1	-1.8901	-2.799	-1.8901	-2.799	0	2	90	0	4.6562	1	9	3.6562	0	-7.3438	3	-1	1	1	0	1	0
0	1261.6	-2.0912	-2.2521	-2.0912	-2.2521	0	2	90	0	4.6562	1	9	3.6562	0	-7.3438	3	-1	1	1	0	0	0
0	1278.2	-2.1717	-1.9947	-2.1717	-1.9947	0	2	90	0	4.6562	1	9	3.6562	0	-7.3438	3	-1	1	1	0	0	0
0	1294.9	-2.3526	-1.4156	-2.3526	-1.4156	0	2	90	0	4.6562	1	9	3.6562	0	-7.3438	3	-1	1	1	0	0	0
0	1311.4	-2.4331	-1.126	-2.4331	-1.126	0	2	90	0	4.6562	1	9	3.6562	0	-7.3438	3	-1	1	1	0	0	0
0	1328.1	-2.5939	-0.54693	-2.5939	-0.54693	0	2	90	0	4.6562	1	9	3.6562	0	-7.3438	3	-1	1	1	0	0	0
0	1344.7	-2.7749	-0.032173	-2.7749	-0.032173	0	2	90	0	4.6562	1	9	3.6562	0	-7.3438	3	-1	1	1	0	0	0
0	1361.3	-2.9358	0.45042	-2.9358	0.45042	0	2	90	0	4.6562	1	9	3.6562	0	-7.3438	3	-1	1	1	0	0	0
0	1377.8	-3.0162	0.67563	-3.0162	0.67562	0	2	90	0	4.6562	1	9	3.6562	0	-7.3438	3	-1	1	1	0	0	0
0	1394.4	-3.177	1.126	-3.177	1.126	0	2	90	0	4.6562	1	9	3.6562	0	-7.3438	3	-1	1	1	0	0	0
0	1411	-3.2575	1.3513	-3.2575	1.3512	0	2	90	0	4.6562	1	9	3.6562	0	-7.3438	3	-1	1	1	0	0	0
0	1427.6	-3.3781	1.8017	-3.3781	1.8017	0	2	90	0	4.6562	1	9	3.6562	0	-7.3438	3	-1	1	1	0	0	0
0	1444.3	-3.4988	2.1556	-3.4988	2.1556	0	2	90	0	4.6562	1	9	3.6562	0	-7.3438	3	-1	1	1	0	0	0
0	1460.8	-3.5792	2.3164	-3.5792	2.3164	0	2	90	0	4.6562	1	9	3.6562	0	-7.3438	3	-1	1	1	0	0	0
0	1477.4	-3.6999	2.6382	-3.6999	2.6382	0	2	90	0	4.6562	1	9	3.6562	0	-7.3438	3	-1	1	1	0	0	0
0	1494	-3.8205	2.8955	-3.8205	2.8955	0	2	90	0	4.6562	1	9	3.6562	0	-7.3438	3	-1	1	1	0	0	0
0	1510.6	-3.8607	3.0242	-3.8607	3.0242	0	2	90	0	4.6562	1	9	3.6562	0	-7.3438	3	-1	1	1	0	0	0
0	1527.2	-3.9613	3.1851	-3.9613	3.1851	0	2	90	0	4.6562	1	9	3.6562	0	-7.3438	3	-1	1	1	0	0	0
0	1543.8	-3.9814	3.2816	-3.9814	3.2816	0	2	90	0	4.6562	1	9	3.6562	0	-7.3438	3	-1	1	1	0	0	0
0	1560.4	-4.0417	3.3781	-4.0417	3.3781	0	2	90	0	4.6562	1	9	3.6562	0	-7.3438	3	-1	1	1	0	0	0
0	1577	-4.102	3.4746	-4.102	3.4746	0	2	90	0	4.6562	1	9	3.6562	0	-7.3438	3	-1	1	1	0	0	0
0	1593.6	-4.1422	3.539	-4.1422	3.539	0	2	90	0	4.6562	1	9	3.6562	0	-7.3438	3	-1	1	1	0	0	0
0	1610.1	-4.1422	3.5712	-4.1422	3.5712	0	2	90	0	4.6562	1	9	3.6562	0	-7.3438	3	-1	1	0	0	0	0
0	1626.7	-4.1623	3.6033	-4.1623	3.6033	0	2	90	0	4.6562	1	9	3.6562	0	-7.3438	3	-1	1	0	0	0	0
0	1643.3	-4.1824	3.6355	-4.1824	3.6355	0	3	90	0	4.6562	1	9	3.6562	0	-7.3438	3	-1	1	0	0	0	0
1	29.992	-0.28151	-7.4319	-0.28151	-7.4319	0	1	105	-3.1058	4.2473	1	5.8942	3.2474	0	-7.3438	3	-1	1	0	0	0	0
1	46.622	-0.28151	-7.464	-0.28151	-7.464	0	1	105	-3.1058	4.2473	1	5.8942	3.2474	0	-7.3438	3	-1	1	0	0	0	0
1	63.224	-0.28151	-7.4319	-0.28151	-7.4319	0	1	105	-3.1058	4.2473	1	5.8942	3.2474	0	-7.3438	3	-1	1	0	0	0	0
1	79.839	-0.28151	-7.464	-0.28151	-7.464	0	1	105	-3.1058	4.2473	1	5.8942	3.2474	0	-7.3438	3	-1	1	0	0	0	0
1	96.533	-0.28151	-7.464	-0.28151	-7.464	0	1	105	-3.1058	4.2473	1	5.8942	3.2474	0	-7.3438	3	-1	1	0	0	0	0
1	113.04	-0.28151	-7.464	-0.28151	-7.464	0	1	105	-3.1058	4.2473	1	5.8942	3.2474	0	-7.3438	3	-1	1	0	0	0	0
1	129.62	-0.28151	-7.464	-0.28151	-7.464	0	1	105	-3.1058	4.2473	1	5.8942	3.2474	0	-7.3438	3	-1	1	0	0	0	0
1	146.16	-0.28151	-7.4319	-0.28151	-7.4319	0	1	105	-3.1058	4.2473	1	5.8942	3.2474	0	-7.3438	3	-1	1	0	0	0	0
1	162.78	-0.28151	-7.4319	-0.28151	-7.4319	0	1	105	-3.1058	4.2473	1	5.8942	3.2474	0	-7.3438	3	-1	1	0	0	0	0
1	179.37	-0.28151	-7.4319	-0.28151	-7.4319	0	1	105	-3.1058	4.2473	1	5.8942	3.2474	0	-7.3438	3	-1	1	0	0	0	0
1	196	-0.28151	-7.4319	-0.28151	-7.4319	0	1	105	-3.1058	4.2473	1	5.8942	3.2474	0	-7.3438	3	-1	1	0	0	0	0
1	212.59	-0.28151	-7.4319	-0.28151	-7.4319	0	1	105	-3.1058	4.2473	1	5.8942	3.2474	0	-7.3438	3	-1	1	0	0	0	0
1	229.19	-0.28151	-7.464	-0.28151	-7.464	0	1	105	-3.1058	4.2473	1	5.8942	3.2474	0	-7.3438	3	-1	1	0	0	0	0
1	245.76	-0.28151	-7.464	-0.28151	-7.464	0	1	105	-3.1058	4.2473	1	5.8942	3.2474	0	-7.3438	3	-1	1	0	0	0	0
1	262.35	-0.28151	-7.464	-0.28151	-7.464	0	1	105	-3.1058	4.2473	1	5.8942	3.2474	0	-7.3438	3	-1	1	0	0	0	0
1	278.93	-0.28151	-7.464	-0.28151	-7.464	0	1	105	-3.1058	4.2473	1	5.8942	3.2474	0	-7.3438	3	-1	1	0	0	0	0
1	295.5	-0.28151	-7.464	-0.28151	-7.464	0	1	105	-3.1058	4.2473	1	5.8942	3.2474	0	-7.3438	3	-1	1	0	0	0	0
1	312.17	-0.28151	-7.4319	-0.28151	-7.4319	0	1	105	-3.1058	4.2473	1	5.8942	3.2474	0	-7.3438	3	-1	1	0	0	0	0
1	328.73	-0.28151	-7.4319	-0.28151	-7.4319	0	1	105	-3.1058	4.2473	1	5.8942	3.2474	0	-7.3438	3	-1	1	0	0	0	0
1	345.29	-0.28151	-7.4319	-0.28151	-7.4319	0	1	105	-3.1058	4.2473	1	5.8942	3.2474	0	-7.3438	3	-1	1	0	0	0	0
1	361.91	-0.28151	-7.4319	-0.28151	-7.4319	0	1	105	-3.1058	4.2473	1	5.8942	3.2474	0	-7.3438	3	-1	1	0	0	0	0
1	378.51	-0.30162	-7.4319	-0.30162	-7.4319	0	1	105	-3.1058	4.2473	1	5.8942	3.2474	0	-7.3438	3	-1	1	1	0	0	0
1	395.14	-0.30162	-7.3997	-0.30162	-7.3997	0	1	105	-3.1058	4.2473	1	5.8942	3.2474	0	-7.3438	3	-1	1	1	0	0	0
1	411.7	-0.40216	-7.3032	-0.40216	-7.3032	0	1	105	-3.1058	4.2473	1	5.8942	3.2474	0	-7.3438	3	-1	1	1	0	0	0
1	428.33	-0.46248	-7.2067	-0.46248	-7.2067	0	1	105	-3.1058	4.2473	1	5.8942	3.2474	0	-7.3438	3	-1	1	1	0	0	0
1	444.87	-0.64345	-6.9493	-0.64345	-6.9493	0	1	105	-3.1058	4.2473	1	5.8942	3.2474	0	-7.3438	3	-1	1	1	0	0	0
1	461.47	-0.78421	-6.6597	-0.78421	-6.6597	0	1	105	-3.1058	4.2473	1	5.8942	3.2474	0	-7.3438	3	-1	1	1	0	0	0
1	478.05	-0.92496	-6.338	-0.92496	-6.338	0	1	105	-3.1058	4.2473	1	5.8942	3.2474	0	-7.3438	3	-1	1	1	0	0	0
1	494.64	-0.98529	-6.1771	-0.98529	-6.1771	0	1	105	-3.1058	4.2473	1	5.8942	3.2474	0	-7.3438	3	-1	1	1	0	0	0
1	511.26	-1.1663	-5.8232	-1.1663	-5.8232	0	1	105	-3.1058	4.2473	1	5.8942	3.2474	0	-7.3438	3	-1	1	1	0	0	0
1	527.86	-1.2668	-5.598	-1.2668	-5.598	0	1	105	-3.1058	4.2473	1	5.8942	3.2474	0	-7.3438	3	-1	1	1	0	0	0
1	544.47	-1.488	-5.1154	-1.488	-5.1154	0	2	105	-3.1058	4.2473	1	5.8942	3.2474	0	-7.3438	3	-1	1	1	0	0	0
1	561.08	-1.7293	-4.6329	-1.7293	-4.6329	0	2	105	-3.1058	4.2473	1	5.8942	3.2474	0	-7.3438	3	-1	1	1	0	0	0
1	577.66	-1.9907	-4.2146	-1.9907	-4.2146	0	2	105	-3.1058	4.2473	1	5.8942	3.2474	0	-7.3438	3	-1	1	1	0	0	0
1	594.17	-2.1515	-3.9894	-2.1515	-3.9894	0	2	105	-3.1058	4.2473	1	5.8942	3.2474	0	-7.3438	3	-1	1	1	0	0	0
1	610.78	-2.4934	-3.6033	-2.4934	-3.6033	0	2	105	-3.1058	4.2473	1	5.8942	3.2474	0	-7.3438	3	-1	1	1	0	0	0
1	627.42	-2.6743	-3.4103	-2.6743	-3.4103	0	2	105	-3.1058	4.2473	1	5.8942	3.2474	0	-7.3438	3	-1	1	1	0	0	0
1	644.05	-3.0564	-3.0242	-3.0564	-3.0242	0	2	105	-3.1058	4.2473	1	5.8942	3.2474	0	-7.3438	3	-1	1	1	0	0	0
1	660.62	-3.4384	-2.606	-3.4384	-2.606	0	2	105	-3.1058	4.2473	1	5.8942	3.2474	0	-7.3438	3	-1	1	1	0	0	0
1	677.21	-3.6395	-2.4129	-3.6395	-2.4129	0	2	105	-3.1058	4.2473	1	5.8942	3.2474	0	-7.3438	3	-1	1	1	0	0	0
1	693.82	-4.0618	-2.0269	-4.0618	-2.0269	0	2	105	-3.1058	4.2473	1	5.8942	3.2474	0	-7.3438	3	-1	1	1	0	1	0
1	710.39	-4.4841	-1.6086	-4.4841	-1.6086	0	2	105	-3.1058	4.2473	1	5.8942	3.2474	0	-7.3438	3	-1	1	1	0	0	0
1	726.96	-4.7052	-1.4156	-4.7052	-1.4156	0	2	105	-3.1058	4.2473	1	5.8942	3.2474	0	-7.3438	3	-1	1	1	0	0	0
1	743.54	-5.1476	-1.0295	-5.1476	-1.0295	0	2	105	-3.1058	4.2473	1	5.8942	3.2474	0	-7.3438	3	-1	1	1	0	0	0
1	760.17	-5.6101	-0.67563	-5.6101	-0.67562	0	2	105	-3.1058	4.2473	1	5.8942	3.2474	0	-7.3438	3	-1	1	1	0	0	0
1	776.8	-5.8313	-0.48259	-5.8313	-0.48259	0	2	105	-3.1058	4.2473	1	5.8942	3.2474	0	-7.3438	3	-1	1	1	0	0	0
1	793.38	-6.2737	-0.16086	-6.2737	-0.16086	0	2	105	-3.1058	4.2473	1	5.8942	3.2474	0	-7.3438	3	-1	1	1	0	0	0
1	809.95	-6.6959	0.16086	-6.6959	0.16086	0	2	105	-3.1058	4.2473	1	5.8942	3.2474	0	-7.3438	3	-1	1	1	0	0	0
1	826.55	-6.897	0.32173	-6.897	0.32173	0	2	105	-3.1058	4.2473	1	5.8942	3.2474	0	-7.3438	3	-1	1	1	0	0	0
1	843.14	-7.2791	0.61128	-7.2791	0.61128	0	2	105	-3.1058	4.2473	1	5.8942	3.2474	0	-7.3438	3	-1	1	1	0	0	0
1	859.71	-7.4399	0.73997	-7.4399	0.73997	0	2	105	-3.1058	4.2473	1	5.8942	3.2474	0	-7.3438	3	-1	1	1	0	0	0
1	876.35	-7.7616	0.99735	-7.7616	0.99735	0	2	105	-3.1058	4.2473	1	5.8942	3.2474	0	-7.3438	3	-1	1	1	0	0	0
1	892.96	-8.0432	1.1904	-8.0432	1.1904	0	2	105	-3.1058	4.2473	1	5.8942	3.2474	0	-7.3438	3	-1	1	1	0	0	0
1	909.53	-8.2844	1.3513	-8.2844	1.3512	0	2	105	-3.1058	4.2473	1	5.8942	3.2474	0	-7.3438	3	-1	1	1	0	0	0
1	926.06	-8.385	1.4156	-8.385	1.4156	0	2	105	-3.1058	4.2473	1	5.8942	3.2474	0	-7.3438	3	-1	1	1	0	0	0
1	942.69	-8.566	1.5443	-8.566	1.5443	0	2	105	-3.1058	4.2473	1	5.8942	3.2474	0	-7.3438	3	-1	1	1	0	0	0
1	959.3	-8.6464	1.6086	-8.6464	1.6086	0	2	105	-3.1058	4.2473	1	5.8942	3.2474	0	-7.3438	3	-1	1	1	0	0	0
1	975.9	-8.7871	1.7051	-8.7871	1.7051	0	2	105	-3.1058	4.2473	1	5.8942	3.2474	0	-7.3438	3	-1	1	1	0	0	0
1	992.53	-8.8676	1.7695	-8.8676	1.7695	0	2	105	-3.1058	4.2473	1	5.8942	3.2474	0	-7.3438	3	-1	1	1	0	0	0
1	1009.1	-8.9078	1.8017	-8.9078	1.8017	0	2	105	-3.1058	4.2473	1	5.8942	3.2474	0	-7.3438	3	-1	1	0	0	0	0
1	1025.7	-8.9681	1.8338	-8.9681	1.8338	0	2	105	-3.1058	4.2473	1	5.8942	3.2474	0	-7.3438	3	-1	1	0	0	0	0
1	1042.3	-9.0083	1.866	-9.0083	1.866	0	2	105	-3.1058	4.2473	1	5.8942	3.2474	0	-7.3438	3	-1	1	0	0	0	0
1	1058.8	-9.0284	1.8982	-9.0284	1.8982	0	2	105	-3.1058	4.2473	1	5.8942	3.2474	0	-7.3438	3	-1	1	0	0	0	0
1	1075.5	-9.0485	1.8982	-9.0485	1.8982	0	3	105	-3.1058	4.2473	1	5.8942	3.2474	0	-7.3438	3	-1	1	0	0	0	0
2	30.576	-0.16086	-7.4962	-0.16086	-7.4962	0	1	75	3.1058	4.2473	1	12.106	3.2474	0	-7.3438	3	-1	1	0	0	0	0
2	47.126	-0.060324	-7.4962	-0.060324	-7.4962	0	1	75	3.1058	4.2473	1	12.106	3.2474	0	-7.3438	3	-1	1	0	0	0	0
2	63.759	-0.040216	-7.4962	-0.040216	-7.4962	0	1	75	3.1058	4.2473	1	12.106	3.2474	0	-7.3438	3	-1	1	0	0	0	0
2	80.327	-0.020108	-7.4962	-0.020108	-7.4962	0	1	75	3.1058	4.2473	1	12.106	3.2474	0	-7.3438	3	-1	1	0	0	0	0
2	96.887	-0.020108	-7.4962	-0.020108	-7.4962	0	1	75	3.1058	4.2473	1	12.106	3.2474	0	-7.3438	3	-1	1	0	0	0	0
2	113.54	-0.020108	-7.4962	-0.020108	-7.4962	0	1	75	3.1058	4.2473	1	12.106	3.2474	0	-7.3438	3	-1	1	0	0	0	0
2	130.12	-0.020108	-7.4962	-0.020108	-7.4962	0	1	75	3.1058	4.2473	1	12.106	3.2474	0	-7.3438	3	-1	1	0	0	0	0
2	146.74	-0.020108	-7.4962	-0.020108	-7.4962	0	1	75	3.1058	4.2473	1	12.106	3.2474	0	-7.3438	3	-1	1	0	0	0	0
2	163.27	-0.020108	-7.4962	-0.020108	-7.4962	0	1	75	3.1058	4.2473	1	12.106	3.2474	0	-7.3438	3	-1	1	0	0	0	0
2	179.89	-0.020108	-7.4962	-0.020108	-7.4962	0	1	75	3.1058	4.2473	1	12.106	3.2474	0	-7.3438	3	-1	1	0	0	0	0
2	196.48	-0.020108	-7.4962	-0.020108	-7.4962	0	1	75	3.1058	4.2473	1	12.106	3.2474	0	-7.3438	3	-1	1	0	0	0	0
2	213.08	-0.020108	-7.4962	-0.020108	-7.4962	0	1	75	3.1058	4.2473	1	12.106	3.2474	0	-7.3438	3	-1	1	0	0	0	0
2	229.63	-0.020108	-7.4962	-0.020108	-7.4962	0	1	75	3.1058	4.2473	1	12.106	3.2474	0	-7.3438	3	-1	1	0	0	0	0
2	246.29	-0.020108	-7.4962	-0.020108	-7.4962	0	1	75	3.1058	4.2473	1	12.106	3.2474	0	-7.3438	3	-1	1	0	0	0	0
2	262.89	-0.020108	-7.4962	-0.020108	-7.4962	0	1	75	3.1058	4.2473	1	12.106	3.2474	0	-7.3438	3	-1	1	0	0	0	0
2	279.48	-0.020108	-7.4962	-0.020108	-7.4962	0	1	75	3.1058	4.2473	1	12.106	3.2474	0	-7.3438	3	-1	1	0	0	0	0
2	296.05	-0.020108	-7.4962	-0.020108	-7.4962	0	1	75	3.1058	4.2473	1	12.106	3.2474	0	-7.3438	3	-1	1	0	0	0	0
2	312.62	-0.020108	-7.4962	-0.020108	-7.4962	0	1	75	3.1058	4.2473	1	12.106	3.2474	0	-7.3438	3	-1	1	0	0	0	0
2	329.28	-0.020108	-7.4962	-0.020108	-7.4962	0	1	75	3.1058	4.2473	1	12.106	3.2474	0	-7.3438	3	-1	1	0	0	0	0
2	345.84	-0.040216	-7.464	-0.040216	-7.464	0	1	75	3.1058	4.2473	1	12.106	3.2474	0	-7.3438	3	-1	1	0	0	0	0
2	362.44	-0.040216	-7.464	-0.040216	-7.464	0	1	75	3.1058	4.2473	1	12.106	3.2474	0	-7.3438	3	-1	1	1	0	0	0
2	379.06	-0.060324	-7.4319	-0.060324	-7.4319	0	1	75	3.1058	4.2473	1	12.106	3.2474	0	-7.3438	3	-1	1	1	0	0	0
2	395.64	-0.12065	-7.3354	-0.12065	-7.3354	0	1	75	3.1058	4.2473	1	12.106	3.2474	0	-7.3438	3	-1	1	1	0	0	0
2	412.21	-0.2614	-7.1423	-0.2614	-7.1423	0	1	75	3.1058	4.2473	1	12.106	3.2474	0	-7.3438	3	-1	1	1	0	0	0
2	428.77	-0.36194	-7.0136	-0.36194	-7.0136	0	1	75	3.1058	4.2473	1	12.106	3.2474	0	-7.3438	3	-1	1	1	0	0	0
2	445.37	-0.54291	-6.6919	-0.54291	-6.6919	0	1	75	3.1058	4.2473	1	12.106	3.2474	0	-7.3438	3	-1	1	1	0	0	0
2	461.99	-0.64345	-6.531	-0.64345	-6.531	0	1	75	3.1058	4.2473	1	12.106	3.2474	0	-7.3438	3	-1	1	1	0	0	0
2	478.59	-0.86464	-6.145	-0.86464	-6.145	0	1	75	3.1058	4.2473	1	12.106	3.2474	0	-7.3438	3	-1	1	1	0	0	0
2	495.18	-1.1059	-5.7267	-1.1059	-5.7267	0	1	75	3.1058	4.2473	1	12.106	3.2474	0	-7.3438	3	-1	1	1	0	0	0
2	511.77	-1.4076	-5.2763	-1.4076	-5.2763	0	1	75	3.1058	4.2473	1	12.106	3.2474	0	-7.3438	3	-1	1	1	0	0	0
2	528.36	-1.5684	-5.0511	-1.5684	-5.0511	0	2	75	3.1058	4.2473	1	12.106	3.2474	0	-7.3438	3	-1	1	1	0	0	0
2	544.99	-1.9102	-4.5363	-1.9102	-4.5363	0	2	75	3.1058	4.2473	1	12.106	3.2474	0	-7.3438	3	-1	1	1	0	0	0
2	561.54	-2.0912	-4.279	-2.0912	-4.279	0	2	75	3.1058	4.2473	1	12.106	3.2474	0	-7.3438	3	-1	1	1	0	0	0
2	578.19	-2.4733	-3.732	-2.4733	-3.732	0	2	75	3.1058	4.2473	1	12.106	3.2474	0	-7.3438	3	-1	1	1	0	0	0
2	594.77	-2.8352	-3.1529	-2.8352	-3.1529	0	2	75	3.1058	4.2473	1	12.106	3.2474	0	-7.3438	3	-1	1	1	0	0	0
2	611.38	-3.2173	-2.5416	-3.2173	-2.5416	0	2	75	3.1058	4.2473	1	12.106	3.2474	0	-7.3438	3	-1	1	1	0	0	0
2	627.92	-3.4183	-2.2199	-3.4183	-2.2199	0	2	75	3.1058	4.2473	1	12.106	3.2474	0	-7.3438	3	-1	1	1	0	0	0
2	644.47	-3.7803	-1.5765	-3.7803	-1.5765	0	2	75	3.1058	4.2473	1	12.106	3.2474	0	-7.3438	3	-1	1	1	0	0	0
2	661.11	-3.9814	-1.2226	-3.9814	-1.2226	0	2	75	3.1058	4.2473	1	12.106	3.2474	0	-7.3438	3	-1	1	1	0	1	0
2	677.69	-4.3433	-0.57911	-4.3433	-0.57911	0	2	75	3.1058	4.2473	1	12.106	3.2474	0	-7.3438	3	-1	1	1	0	0	0
2	694.37	-4.7052	0.064345	-4.7052	0.064345	0	2	75	3.1058	4.2473	1	12.106	3.2474	0	-7.3438	3	-1	1	1	0	0	0
2	710.93	-4.8862	0.3539	-4.8862	0.3539	0	2	75	3.1058	4.2473	1	12.106	3.2474	0	-7.3438	3	-1	1	1	0	0	0
2	727.5	-5.2482	0.90083	-5.2482	0.90083	0	2	75	3.1058	4.2473	1	12.106	3.2474	0	-7.3438	3	-1	1	1	0	0	0
2	744.09	-5.6302	1.4156	-5.6302	1.4156	0	2	75	3.1058	4.2473	1	12.106	3.2474	0	-7.3438	3	-1	1	1	0	0	0
2	760.67	-5.8112	1.673	-5.8112	1.673	0	2	75	3.1058	4.2473	1	12.106	3.2474	0	-7.3438	3	-1	1	1	0	0	0
2	777.29	-6.1731	2.1234	-6.1731	2.1234	0	2	75	3.1058	4.2473	1	12.106	3.2474	0	-7.3438	3	-1	1	1	0	0	0
2	793.87	-6.4948	2.5416	-6.4948	2.5416	0	2	75	3.1058	4.2473	1	12.106	3.2474	0	-7.3438	3	-1	1	1	0	0	0
2	810.47	-6.6557	2.7025	-6.6557	2.7025	0	2	75	3.1058	4.2473	1	12.106	3.2474	0	-7.3438	3	-1	1	1	0	0	0
2	827.1	-6.9573	3.0242	-6.9573	3.0242	0	2	75	3.1058	4.2473	1	12.106	3.2474	0	-7.3438	3	-1	1	1	0	0	0
2	843.64	-7.2388	3.3138	-7.2388	3.3138	0	2	75	3.1058	4.2473	1	12.106	3.2474	0	-7.3438	3	-1	1	1	0	0	0
2	860.21	-7.3595	3.4425	-7.3595	3.4425	0	2	75	3.1058	4.2473	1	12.106	3.2474	0	-7.3438	3	-1	1	1	0	0	0
2	876.8	-7.6008	3.6355	-7.6008	3.6355	0	2	75	3.1058	4.2473	1	12.106	3.2474	0	-7.3438	3	-1	1	1	0	0	0
2	893.44	-7.8019	3.8285	-7.8019	3.8285	0	2	75	3.1058	4.2473	1	12.106	3.2474	0	-7.3438	3	-1	1	1	0	0	0
2	910.02	-7.8823	3.8929	-7.8823	3.8929	0	2	75	3.1058	4.2473	1	12.106	3.2474	0	-7.3438	3	-1	1	1	0	0	0
2	926.63	-8.0432	4.0216	-8.0432	4.0216	0	2	75	3.1058	4.2473	1	12.106	3.2474	0	-7.3438	3	-1	1	0	0	0	0
2	943.26	-8.1035	4.0538	-8.1035	4.0537	0	2	75	3.1058	4.2473	1	12.106	3.2474	0	-7.3438	3	-1	1	0	0	0	0
2	959.84	-8.2241	4.1181	-8.2241	4.1181	0	2	75	3.1058	4.2473	1	12.106	3.2474	0	-7.3438	3	-1	1	0	0	0	0
2	976.38	-8.3046	4.1824	-8.3046	4.1824	0	2	75	3.1058	4.2473	1	12.106	3.2474	0	-7.3438	3	-1	1	0	0	0	0
2	993	-8.3448	4.2146	-8.3448	4.2146	0	2	75	3.1058	4.2473	1	12.106	3.2474	0	-7.3438	3	-1	1	0	0	0	0
2	1009.5	-8.4051	4.2468	-8.4051	4.2468	0	2	75	3.1058	4.2473	1	12.106	3.2474	0	-7.3438	3	-1	1	0	0	0	0
2	1026.2	-8.4252	4.279	-8.4252	4.279	0	2	75	3.1058	4.2473	1	12.106	3.2474	0	-7.3438	3	-1	1	0	0	0	0
2	1042.8	-8.4453	4.279	-8.4453	4.279	0	3	75	3.1058	4.2473	1	12.106	3.2474	0	-7.3438	3	-1	1	0	0	0	0
3	30.605	-0.32173	-7.3997	-0.32173	-7.3997	0	1	75	3.1058	4.2473	1	12.106	3.2474	0	-7.3438	3	-1	1	0	0	0	0
3	47.14	-0.30162	-7.4319	-0.30162	-7.4319	0	1	75	3.1058	4.2473	1	12.106	3.2474	0	-7.3438	3	-1	1	0	0	0	0
3	63.803	-0.30162	-7.4319	-0.30162	-7.4319	0	1	75	3.1058	4.2473	1	12.106	3.2474	0	-7.3438	3	-1	1	0	0	0	0
3	80.367	-0.30162	-7.4319	-0.30162	-7.4319	0	1	75	3.1058	4.2473	1	12.106	3.2474	0	-7.3438	3	-1	1	0	0	0	0
3	96.945	-0.30162	-7.4319	-0.30162	-7.4319	0	1	75	3.1058	4.2473	1	12.106	3.2474	0	-7.3438	3	-1	1	0	0	0	0
3	113.54	-0.30162	-7.4319	-0.30162	-7.4319	0	1	75	3.1058	4.2473	1	12.106	3.2474	0	-7.3438	3	-1	1	0	0	0	0
3	130.11	-0.30162	-7.4319	-0.30162	-7.4319	0	1	75	3.1058	4.2473	1	12.106	3.2474	0	-7.3438	3	-1	1	0	0	0	0
3	146.77	-0.30162	-7.4319	-0.30162	-7.4319	0	1	75	3.1058	4.2473	1	12.106	3.2474	0	-7.3438	3	-1	1	0	0	0	0
3	163.36	-0.30162	-7.4319	-0.30162	-7.4319	0	1	75	3.1058	4.2473	1	12.106	3.2474	0	-7.3438	3	-1	1	0	0	0	0
3	179.93	-0.30162	-7.4319	-0.30162	-7.4319	0	1	75	3.1058	4.2473	1	12.106	3.2474	0	-7.3438	3	-1	1	0	0	0	0
3	196.55	-0.30162	-7.4319	-0.30162	-7.4319	0	1	75	3.1058	4.2473	1	12.106	3.2474	0	-7.3438	3	-1	1	0	0	0	0
3	213.14	-0.30162	-7.4319	-0.30162	-7.4319	0	1	75	3.1058	4.2473	1	12.106	3.2474	0	-7.3438	3	-1	1	0	0	0	0
3	229.67	-0.30162	-7.3997	-0.30162	-7.3997	0	1	75	3.1058	4.2473	1	12.106	3.2474	0	-7.3438	3	-1	1	0	0	0	0
3	246.32	-0.30162	-7.3997	-0.30162	-7.3997	0	1	75	3.1058	4.2473	1	12.106	3.2474	0	-7.3438	3	-1	1	0	0	0	0
3	262.9	-0.30162	-7.3997	-0.30162	-7.3997	0	1	75	3.1058	4.2473	1	12.106	3.2474	0	-7.3438	3	-1	1	0	0	0	0
3	279.55	-0.30162	-7.3997	-0.30162	-7.3997	0	1	75	3.1058	4.2473	1	12.106	3.2474	0	-7.3438	3	-1	1	1	0	0	0
3	296.08	-0.32173	-7.3675	-0.32173	-7.3675	0	1	75	3.1058	4.2473	1	12.106	3.2474	0	-7.3438	3	-1	1	1	0	0	0
3	312.66	-0.36194	-7.271	-0.36194	-7.271	0	1	75	3.1058	4.2473	1	12.106	3.2474	0	-7.3438	3	-1	1	1	0	0	0
3	329.27	-0.42227	-7.1423	-0.42227	-7.1423	0	1	75	3.1058	4.2473	1	12.106	3.2474	0	-7.3438	3	-1	1	1	0	0	0
3	345.81	-0.48259	-6.8849	-0.48259	-6.8849	0	1	75	3.1058	4.2473	1	12.106	3.2474	0	-7.3438	3	-1	1	1	0	0	0
3	362.43	-0.5027	-6.7241	-0.5027	-6.7241	0	1	75	3.1058	4.2473	1	12.106	3.2474	0	-7.3438	3	-1	1	1	0	0	0
3	379.03	-0.5027	-6.4024	-0.5027	-6.4024	0	1	75	3.1058	4.2473	1	12.106	3.2474	0	-7.3438	3	-1	1	1	0	0	0
3	395.68	-0.5027	-6.2093	-0.5027	-6.2093	0	1	75	3.1058	4.2473	1	12.106	3.2474	0	-7.3438	3	-1	1	1	0	0	0
3	412.27	-0.46248	-5.8232	-0.46248	-5.8232	0	1	75	3.1058	4.2473	1	12.106	3.2474	0	-7.3438	3	-1	1	1	0	0	0
3	428.81	-0.42227	-5.4693	-0.42227	-5.4693	0	1	75	3.1058	4.2473	1	12.106	3.2474	0	-7.3438	3	-1	1	1	0	0	0
3	445.4	-0.38205	-5.1798	-0.38205	-5.1798	0	1	75	3.1058	4.2473	1	12.106	3.2474	0	-7.3438	3	-1	1	1	0	0	0
3	462.02	-0.38205	-5.0511	-0.38205	-5.0511	0	2	75	3.1058	4.2473	1	12.106	3.2474	0	-7.3438	3	-1	1	1	0	0	0
3	478.62	-0.36194	-4.7615	-0.36194	-4.7615	0	2	75	3.1058	4.2473	1	12.106	3.2474	0	-7.3438	3	-1	1	1	0	0	0
3	495.21	-0.36194	-4.6329	-0.36194	-4.6329	0	2	75	3.1058	4.2473	1	12.106	3.2474	0	-7.3438	3	-1	1	1	0	0	0
3	511.82	-0.38205	-4.3111	-0.38205	-4.3111	0	2	75	3.1058	4.2473	1	12.106	3.2474	0	-7.3438	3	-1	1	1	0	0	0
3	528.43	-0.44237	-4.0216	-0.44237	-4.0216	0	2	75	3.1058	4.2473	1	12.106	3.2474	0	-7.3438	3	-1	1	1	0	0	0
3	545.01	-0.54291	-3.6999	-0.54291	-3.6999	0	2	75	3.1058	4.2473	1	12.106	3.2474	0	-7.3438	3	-1	1	1	0	0	0
3	561.56	-0.60324	-3.539	-0.60324	-3.539	0	2	75	3.1058	4.2473	1	12.106	3.2474	0	-7.3438	3	-1	1	1	0	0	0
3	578.17	-0.7641	-3.1851	-0.7641	-3.1851	0	2	75	3.1058	4.2473	1	12.106	3.2474	0	-7.3438	3	-1	1	1	0	0	0
3	594.76	-0.86464	-2.9921	-0.86464	-2.9921	0	2	75	3.1058	4.2473	1	12.106	3.2474	0	-7.3438	3	-1	1	1	0	0	0
3	611.4	-1.1059	-2.5416	-1.1059	-2.5416	0	2	75	3.1058	4.2473	1	12.106	3.2474	0	-7.3438	3	-1	1	1	0	0	0
3	628	-1.3673	-2.0912	-1.3673	-2.0912	0	2	75	3.1058	4.2473	1	12.106	3.2474	0	-7.3438	3	-1	1	1	0	0	0
3	644.58	-1.6488	-1.6086	-1.6488	-1.6086	0	2	75	3.1058	4.2473	1	12.106	3.2474	0	-7.3438	3	-1	1	1	0	0	0
3	661.16	-1.7896	-1.3513	-1.7896	-1.3512	0	2	75	3.1058	4.2473	1	12.106	3.2474	0	-7.3438	3	-1	1	1	0	0	0
3	677.74	-2.0912	-0.77214	-2.0912	-0.77214	0	2	75	3.1058	4.2473	1	12.106	3.2474	0	-7.3438	3	-1	1	1	0	0	0
3	694.33	-2.2521	-0.48259	-2.2521	-0.48259	0	2	75	3.1058	4.2473	1	12.106	3.2474	0	-7.3438	3	-1	1	1	0	0	0
3	710.94	-2.5537	0.12869	-2.5537	0.12869	0	2	75	3.1058	4.2473	1	12.106	3.2474	0	-7.3438	3	-1	1	1	0	1	0
3	727.54	-2.8553	0.73997	-2.8553	0.73997	0	2	75	3.1058	4.2473	1	12.106	3.2474	0	-7.3438	3	-1	1	1	0	0	0
3	744.16	-2.9961	1.0295	-2.9961	1.0295	0	2	75	3.1058	4.2473	1	12.106	3.2474	0	-7.3438	3	-1	1	1	0	0	0
3	760.76	-3.2776	1.5765	-3.2776	1.5765	0	2	75	3.1058	4.2473	1	12.106	3.2474	0	-7.3438	3	-1	1	1	0	0	0
3	777.28	-3.539	2.0912	-3.539	2.0912	0	2	75	3.1058	4.2473	1	12.106	3.2474	0	-7.3438	3	-1	1	1	0	0	0
3	793.88	-3.6596	2.3486	-3.6596	2.3486	0	2	75	3.1058	4.2473	1	12.106	3.2474	0	-7.3438	3	-1	1	1	0	0	0
3	810.58	-3.9009	2.8312	-3.9009	2.8312	0	2	75	3.1058	4.2473	1	12.106	3.2474	0	-7.3438	3	-1	1	1	0	0	0
3	827.19	-4.102	3.2494	-4.102	3.2494	0	2	75	3.1058	4.2473	1	12.106	3.2474	0	-7.3438	3	-1	1	1	0	0	0
3	843.63	-4.2025	3.4425	-4.2025	3.4425	0	2	75	3.1058	4.2473	1	12.106	3.2474	0	-7.3438	3	-1	1	1	0	0	0
3	860.3	-4.3634	3.7964	-4.3634	3.7964	0	2	75	3.1058	4.2473	1	12.106	3.2474	0	-7.3438	3	-1	1	1	0	0	0
3	876.89	-4.5243	4.0859	-4.5243	4.0859	0	2	75	3.1058	4.2473	1	12.106	3.2474	0	-7.3438	3	-1	1	1	0	0	0
3	893.47	-4.5846	4.2146	-4.5846	4.2146	0	2	75	3.1058	4.2473	1	12.106	3.2474	0	-7.3438	3	-1	1	1	0	0	0
3	910.06	-4.7052	4.4398	-4.7052	4.4398	0	2	75	3.1058	4.2473	1	12.106	3.2474	0	-7.3438	3	-1	1	1	0	0	0
3	926.68	-4.8058	4.6329	-4.8058	4.6329	0	2	75	3.1058	4.2473	1	12.106	3.2474	0	-7.3438	3	-1	1	1	0	0	0
3	943.29	-4.846	4.7294	-4.846	4.7294	0	2	75	3.1058	4.2473	1	12.106	3.2474	0	-7.3438	3	-1	1	1	0	0	0
3	959.84	-4.9264	4.8259	-4.9264	4.8259	0	2	75	3.1058	4.2473	1	12.106	3.2474	0	-7.3438	3	-1	1	0	0	0	0
3	976.41	-4.9868	4.9224	-4.9868	4.9224	0	2	75	3.1058	4.2473	1	12.106	3.2474	0	-7.3438	3	-1	1	0	0	0	0
3	993.01	-5.0069	4.9546	-5.0069	4.9546	0	2	75	3.1058	4.2473	1	12.106	3.2474	0	-7.3438	3	-1	1	0	0	0	0
3	1009.6	-5.0672	5.0189	-5.0672	5.0189	0	2	75	3.1058	4.2473	1	12.106	3.2474	0	-7.3438	3	-1	1	0	0	0	0
3	1026.2	-5.0873	5.0833	-5.0873	5.0833	0	2	75	3.1058	4.2473	1	12.106	3.2474	0	-7.3438	3	-1	1	0	0	0	0
3	1042.8	-5.1074	5.0833	-5.1074	5.0833	0	2	75	3.1058	4.2473	1	12.106	3.2474	0	-7.3438	3	-1	1	0	0	0	0
3	1059.4	-5.1275	5.1154	-5.1275	5.1154	0	3	75	3.1058	4.2473	1	12.106	3.2474	0	-7.3438	3	-1	1	0	0	0	0
4	30.538	-0.2614	-7.3997	-0.2614	-7.3997	0	1	90	0	4.6562	1	9	3.6562	0	-7.3438	3	-1	1	0	0	0	0
4	47.108	-0.18097	-7.4319	-0.18097	-7.4319	0	1	90	0	4.6562	1	9	3.6562	0	-7.3438	3	-1	1	0	0	0	0
4	63.693	-0.080432	-7.4319	-0.080432	-7.4319	0	1	90	0	4.6562	1	9	3.6562	0	-7.3438	3	-1	1	0	0	0	0
4	80.297	-0.040216	-7.464	-0.040216	-7.464	0	1	90	0	4.6562	1	9	3.6562	0	-7.3438	3	-1	1	0	0	0	0
4	96.849	-0.040216	-7.464	-0.040216	-7.464	0	1	90	0	4.6562	1	9	3.6562	0	-7.3438	3	-1	1	0	0	0	0
4	113.46	-0.040216	-7.4319	-0.040216	-7.4319	0	1	90	0	4.6562	1	9	3.6562	0	-7.3438	3	-1	1	0	0	0	0
4	130.1	-0.040216	-7.4319	-0.040216	-7.4319	0	1	90	0	4.6562	1	9	3.6562	0	-7.3438	3	-1	1	0	0	0	0
4	146.69	-0.060324	-7.4319	-0.060324	-7.4319	0	1	90	0	4.6562	1	9	3.6562	0	-7.3438	3	-1	1	0	0	0	0
4	163.29	-0.060324	-7.4319	-0.060324	-7.4319	0	1	90	0	4.6562	1	9	3.6562	0	-7.3438	3	-1	1	0	0	0	0
4	179.85	-0.060324	-7.4319	-0.060324	-7.4319	0	1	90	0	4.6562	1	9	3.6562	0	-7.3438	3	-1	1	0	0	0	0
4	196.45	-0.060324	-7.4319	-0.060324	-7.4319	0	1	90	0	4.6562	1	9	3.6562	0	-7.3438	3	-1	1	0	0	0	0
4	213	-0.060324	-7.4319	-0.060324	-7.4319	0	1	90	0	4.6562	1	9	3.6562	0	-7.3438	3	-1	1	0	0	0	0
4	229.62	-0.060324	-7.4319	-0.060324	-7.4319	0	1	90	0	4.6562	1	9	3.6562	0	-7.3438	3	-1	1	0	0	0	0
4	246.25	-0.080432	-7.4319	-0.080432	-7.4319	0	1	90	0	4.6562	1	9	3.6562	0	-7.3438	3	-1	1	0	0	0	0
4	262.83	-0.10054	-7.3997	-0.10054	-7.3997	0	1	90	0	4.6562	1	9	3.6562	0	-7.3438	3	-1	1	0	0	0	0
4	279.37	-0.14076	-7.3354	-0.14076	-7.3354	0	1	90	0	4.6562	1	9	3.6562	0	-7.3438	3	-1	1	0	0	0	0
4	296.02	-0.28151	-7.1745	-0.28151	-7.1745	0	1	90	0	4.6562	1	9	3.6562	0	-7.3438	3	-1	1	0	0	0	0
4	312.56	-0.44237	-6.9171	-0.44237	-6.9171	0	1	90	0	4.6562	1	9	3.6562	0	-7.3438	3	-1	1	1	0	0	0
4	329.17	-0.64345	-6.5954	-0.64345	-6.5954	0	1	90	0	4.6562	1	9	3.6562	0	-7.3438	3	-1	1	1	0	0	0
4	345.85	-0.74399	-6.4024	-0.74399	-6.4024	0	1	90	0	4.6562	1	9	3.6562	0	-7.3438	3	-1	1	1	0	0	0
4	362.39	-0.96518	-5.9841	-0.96518	-5.9841	0	1	90	0	4.6562	1	9	3.6562	0	-7.3438	3	-1	1	1	0	0	0
4	379	-1.0858	-5.7589	-1.0858	-5.7589	0	1	90	0	4.6562	1	9	3.6562	0	-7.3438	3	-1	1	1	0	0	0
4	395.59	-1.3472	-5.2441	-1.3472	-5.2441	0	1	90	0	4.6562	1	9	3.6562	0	-7.3438	3	-1	1	1	0	0	0
4	412.17	-1.6086	-4.6329	-1.6086	-4.6329	0	2	90	0	4.6562	1	9	3.6562	0	-7.3438	3	-1	1	1	0	0	0
4	428.76	-1.87	-3.9251	-1.87	-3.9251	0	2	90	0	4.6562	1	9	3.6562	0	-7.3438	3	-1	1	1	0	0	0
4	445.32	-2.0108	-3.6033	-2.0108	-3.6033	0	2	90	0	4.6562	1	9	3.6562	0	-7.3438	3	-1	1	1	0	0	0
4	461.96	-2.2923	-2.9277	-2.2923	-2.9277	0	2	90	0	4.6562	1	9	3.6562	0	-7.3438	3	-1	1	1	0	0	0
4	478.57	-2.4532	-2.5738	-2.4532	-2.5738	0	2	90	0	4.6562	1	9	3.6562	0	-7.3438	3	-1	1	1	0	0	0
4	495.16	-2.795	-1.9304	-2.795	-1.9304	0	2	90	0	4.6562	1	9	3.6562	0	-7.3438	3	-1	1	1	0	1	0
4	511.71	-3.1368	-1.2547	-3.1368	-1.2547	0	2	90	0	4.6562	1	9	3.6562	0	-7.3438	3	-1	1	1	0	0	0
4	528.34	-3.4988	-0.61128	-3.4988	-0.61128	0	2	90	0	4.6562	1	9	3.6562	0	-7.3438	3	-1	1	1	0	0	0
4	544.9	-3.6797	-0.25738	-3.6797	-0.25738	0	2	90	0	4.6562	1	9	3.6562	0	-7.3438	3	-1	1	1	0	0	0
4	561.49	-4.0216	0.38607	-4.0216	0.38607	0	2	90	0	4.6562	1	9	3.6562	0	-7.3438	3	-1	1	1	0	0	0
4	578.1	-4.2025	0.67563	-4.2025	0.67562	0	2	90	0	4.6562	1	9	3.6562	0	-7.3438	3	-1	1	1	0	0	0
4	594.73	-4.5243	1.2869	-4.5243	1.2869	0	2	90	0	4.6562	1	9	3.6562	0	-7.3438	3	-1	1	1	0	0	0
4	611.29	-4.8058	1.866	-4.8058	1.866	0	2	90	0	4.6562	1	9	3.6562	0	-7.3438	3	-1	1	1	0	0	0
4	627.92	-5.0672	2.4129	-5.0672	2.4129	0	2	90	0	4.6562	1	9	3.6562	0	-7.3438	3	-1	1	1	0	0	0
4	644.46	-5.1878	2.6703	-5.1878	2.6703	0	2	90	0	4.6562	1	9	3.6562	0	-7.3438	3	-1	1	1	0	0	0
4	661.06	-5.3889	3.1529	-5.3889	3.1529	0	2	90	0	4.6562	1	9	3.6562	0	-7.3438	3	-1	1	1	0	0	0
4	677.66	-5.4693	3.346	-5.4693	3.346	0	2	90	0	4.6562	1	9	3.6562	0	-7.3438	3	-1	1	1	0	0	0
4	694.21	-5.6302	3.732	-5.6302	3.732	0	2	90	0	4.6562	1	9	3.6562	0	-7.3438	3	-1	1	1	0	0	0
4	710.87	-5.7509	4.0859	-5.7509	4.0859	0	2	90	0	4.6562	1	9	3.6562	0	-7.3438	3	-1	1	1	0	0	0
4	727.5	-5.7911	4.2468	-5.7911	4.2468	0	2	90	0	4.6562	1	9	3.6562	0	-7.3438	3	-1	1	1	0	0	0
4	744.04	-5.8514	4.5042	-5.8514	4.5042	0	2	90	0	4.6562	1	9	3.6562	0	-7.3438	3	-1	1	0	0	0	0
4	760.62	-5.8715	4.7294	-5.8715	4.7294	0	2	90	0	4.6562	1	9	3.6562	0	-7.3438	3	-1	1	0	0	0	0
4	777.22	-5.8916	4.7937	-5.8916	4.7937	0	2	90	0	4.6562	1	9	3.6562	0	-7.3438	3	-1	1	0	0	0	0
4	793.83	-5.9117	4.9546	-5.9117	4.9546	0	2	90	0	4.6562	1	9	3.6562	0	-7.3438	3	-1	1	0	0	0	0
4	810.37	-5.9117	5.0511	-5.9117	5.0511	0	2	90	0	4.6562	1	9	3.6562	0	-7.3438	3	-1	1	0	0	0	0
4	826.98	-5.9117	5.1154	-5.9117	5.1154	0	2	90	0	4.6562	1	9	3.6562	0	-7.3438	3	-1	1	0	0	0	0
4	843.63	-5.9117	5.1798	-5.9117	5.1798	0	2	90	0	4.6562	1	9	3.6562	0	-7.3438	3	-1	1	0	0	0	0
4	860.19	-5.8916	5.2441	-5.8916	5.2441	0	2	90	0	4.6562	1	9	3.6562	0	-7.3438	3	-1	1	0	0	0	0
4	876.79	-5.8916	5.2441	-5.8916	5.2441	0	2	90	0	4.6562	1	9	3.6562	0	-7.3438	3	-1	1	0	0	0	0
4	893.39	-5.8916	5.2763	-5.8916	5.2763	0	3	90	0	4.6562	1	9	3.6562	0	-7.3438	3	-1	1	0	0	0	0
5	30.878	0.42227	-7.3675	0.42227	-7.3675	0	1	105	-3.1058	4.2473	1	5.8942	3.2474	0	-7.3438	3	-1	1	0	0	0	0
5	47.461	0.44237	-7.3675	0.44237	-7.3675	0	1	105	-3.1058	4.2473	1	5.8942	3.2474	0	-7.3438	3	-1	1	0	0	0	0
5	64.049	0.44237	-7.3675	0.44237	-7.3675	0	1	105	-3.1058	4.2473	1	5.8942	3.2474	0	-7.3438	3	-1	1	0	0	0	0
5	80.621	0.44237	-7.3675	0.44237	-7.3675	0	1	105	-3.1058	4.2473	1	5.8942	3.2474	0	-7.3438	3	-1	1	0	0	0	0
5	97.214	0.44237	-7.3675	0.44237	-7.3675	0	1	105	-3.1058	4.2473	1	5.8942	3.2474	0	-7.3438	3	-1	1	0	0	0	0
5	113.81	0.44237	-7.3354	0.44237	-7.3354	0	1	105	-3.1058	4.2473	1	5.8942	3.2474	0	-7.3438	3	-1	1	0	0	0	0
5	130.38	0.44237	-7.3354	0.44237	-7.3354	0	1	105	-3.1058	4.2473	1	5.8942	3.2474	0	-7.3438	3	-1	1	0	0	0	0
5	147.03	0.44237	-7.3354	0.44237	-7.3354	0	1	105	-3.1058	4.2473	1	5.8942	3.2474	0	-7.3438	3	-1	1	0	0	0	0
5	163.63	0.44237	-7.3354	0.44237	-7.3354	0	1	105	-3.1058	4.2473	1	5.8942	3.2474	0	-7.3438	3	-1	1	0	0	0	0
5	180.22	0.44237	-7.3354	0.44237	-7.3354	0	1	105	-3.1058	4.2473	1	5.8942	3.2474	0	-7.3438	3	-1	1	0	0	0	0
5	196.76	0.44237	-7.3354	0.44237	-7.3354	0	1	105	-3.1058	4.2473	1	5.8942	3.2474	0	-7.3438	3	-1	1	0	0	0	0
5	213.34	0.42227	-7.3032	0.42227	-7.3032	0	1	105	-3.1058	4.2473	1	5.8942	3.2474	0	-7.3438	3	-1	1	0	0	0	0
5	230	0.40216	-7.3032	0.40216	-7.3032	0	1	105	-3.1058	4.2473	1	5.8942	3.2474	0	-7.3438	3	-1	1	0	0	0	0
5	246.56	0.28151	-7.2067	0.28151	-7.2067	0	1	105	-3.1058	4.2473	1	5.8942	3.2474	0	-7.3438	3	-1	1	1	0	0	0
5	263.19	0.20108	-7.1423	0.20108	-7.1423	0	1	105	-3.1058	4.2473	1	5.8942	3.2474	0	-7.3438	3	-1	1	1	0	0	0
5	279.78	0	-6.9493	0	-6.9493	0	1	105	-3.1058	4.2473	1	5.8942	3.2474	0	-7.3438	3	-1	1	1	0	0	0
5	296.29	-0.18097	-6.6597	-0.18097	-6.6597	0	1	105	-3.1058	4.2473	1	5.8942	3.2474	0	-7.3438	3	-1	1	1	0	0	0
5	312.93	-0.36194	-6.3058	-0.36194	-6.3058	0	1	105	-3.1058	4.2473	1	5.8942	3.2474	0	-7.3438	3	-1	1	1	0	0	0
5	329.52	-0.46248	-6.0806	-0.46248	-6.0806	0	1	105	-3.1058	4.2473	1	5.8942	3.2474	0	-7.3438	3	-1	1	1	0	0	0
5	346.12	-0.62334	-5.6302	-0.62334	-5.6302	0	1	105	-3.1058	4.2473	1	5.8942	3.2474	0	-7.3438	3	-1	1	1	0	0	0
5	362.69	-0.70378	-5.405	-0.70378	-5.405	0	1	105	-3.1058	4.2473	1	5.8942	3.2474	0	-7.3438	3	-1	1	1	0	0	0
5	379.35	-0.88475	-4.9224	-0.88475	-4.9224	0	2	105	-3.1058	4.2473	1	5.8942	3.2474	0	-7.3438	3	-1	1	1	0	0	0
5	395.94	-0.98529	-4.665	-0.98529	-4.665	0	2	105	-3.1058	4.2473	1	5.8942	3.2474	0	-7.3438	3	-1	1	1	0	0	0
5	412.51	-1.2266	-4.1181	-1.2266	-4.1181	0	2	105	-3.1058	4.2473	1	5.8942	3.2474	0	-7.3438	3	-1	1	1	0	0	0
5	429.09	-1.4679	-3.5712	-1.4679	-3.5712	0	2	105	-3.1058	4.2473	1	5.8942	3.2474	0	-7.3438	3	-1	1	1	0	0	0
5	445.66	-1.7494	-3.0564	-1.7494	-3.0564	0	2	105	-3.1058	4.2473	1	5.8942	3.2474	0	-7.3438	3	-1	1	1	0	0	0
5	462.3	-1.9102	-2.7668	-1.9102	-2.7668	0	2	105	-3.1058	4.2473	1	5.8942	3.2474	0	-7.3438	3	-1	1	1	0	0	0
5	478.88	-2.2722	-2.2843	-2.2722	-2.2843	0	2	105	-3.1058	4.2473	1	5.8942	3.2474	0	-7.3438	3	-1	1	1	0	0	0
5	495.46	-2.4532	-2.0269	-2.4532	-2.0269	0	2	105	-3.1058	4.2473	1	5.8942	3.2474	0	-7.3438	3	-1	1	1	0	0	0
5	512.11	-2.8955	-1.5443	-2.8955	-1.5443	0	2	105	-3.1058	4.2473	1	5.8942	3.2474	0	-7.3438	3	-1	1	1	0	1	0
5	528.68	-3.358	-1.0295	-3.358	-1.0295	0	2	105	-3.1058	4.2473	1	5.8942	3.2474	0	-7.3438	3	-1	1	1	0	0	0
5	545.23	-3.8406	-0.54693	-3.8406	-0.54693	0	2	105	-3.1058	4.2473	1	5.8942	3.2474	0	-7.3438	3	-1	1	1	0	0	0
5	561.83	-4.102	-0.28955	-4.102	-0.28955	0	2	105	-3.1058	4.2473	1	5.8942	3.2474	0	-7.3438	3	-1	1	1	0	0	0
5	578.42	-4.6047	0.12869	-4.6047	0.12869	0	2	105	-3.1058	4.2473	1	5.8942	3.2474	0	-7.3438	3	-1	1	1	0	0	0
5	595.08	-4.8661	0.3539	-4.8661	0.3539	0	2	105	-3.1058	4.2473	1	5.8942	3.2474	0	-7.3438	3	-1	1	1	0	0	0
5	611.64	-5.3889	0.80432	-5.3889	0.80432	0	2	105	-3.1058	4.2473	1	5.8942	3.2474	0	-7.3438	3	-1	1	1	0	0	0
5	628.26	-5.8916	1.1904	-5.8916	1.1904	0	2	105	-3.1058	4.2473	1	5.8942	3.2474	0	-7.3438	3	-1	1	1	0	0	0
5	644.83	-6.3742	1.5443	-6.3742	1.5443	0	2	105	-3.1058	4.2473	1	5.8942	3.2474	0	-7.3438	3	-1	1	1	0	0	0
5	661.4	-6.6155	1.7051	-6.6155	1.7051	0	2	105	-3.1058	4.2473	1	5.8942	3.2474	0	-7.3438	3	-1	1	1	0	0	0
5	678.03	-7.078	2.0269	-7.078	2.0269	0	2	105	-3.1058	4.2473	1	5.8942	3.2474	0	-7.3438	3	-1	1	1	0	0	0
5	694.42	-7.2992	2.1556	-7.2992	2.1556	0	2	105	-3.1058	4.2473	1	5.8942	3.2474	0	-7.3438	3	-1	1	1	0	0	0
5	711.24	-7.7013	2.4129	-7.7013	2.4129	0	2	105	-3.1058	4.2473	1	5.8942	3.2474	0	-7.3438	3	-1	1	1	0	0	0
5	727.82	-8.0834	2.606	-8.0834	2.606	0	2	105	-3.1058	4.2473	1	5.8942	3.2474	0	-7.3438	3	-1	1	1	0	0	0
5	744.38	-8.4453	2.799	-8.4453	2.799	0	2	105	-3.1058	4.2473	1	5.8942	3.2474	0	-7.3438	3	-1	1	1	0	0	0
5	760.96	-8.5861	2.8955	-8.5861	2.8955	0	2	105	-3.1058	4.2473	1	5.8942	3.2474	0	-7.3438	3	-1	1	1	0	0	0
5	777.57	-8.8676	3.0564	-8.8676	3.0564	0	2	105	-3.1058	4.2473	1	5.8942	3.2474	0	-7.3438	3	-1	1	1	0	0	0
5	794.21	-9.0083	3.1207	-9.0083	3.1207	0	2	105	-3.1058	4.2473	1	5.8942	3.2474	0	-7.3438	3	-1	1	1	0	0	0
5	810.8	-9.2295	3.2494	-9.2295	3.2494	0	2	105	-3.1058	4.2473	1	5.8942	3.2474	0	-7.3438	3	-1	1	1	0	0	0
5	827.39	-9.4306	3.346	-9.4306	3.346	0	2	105	-3.1058	4.2473	1	5.8942	3.2474	0	-7.3438	3	-1	1	1	0	0	0
5	843.98	-9.5311	3.4103	-9.5311	3.4103	0	2	105	-3.1058	4.2473	1	5.8942	3.2474	0	-7.3438	3	-1	1	1	0	0	0
5	860.54	-9.692	3.5068	-9.692	3.5068	0	2	105	-3.1058	4.2473	1	5.8942	3.2474	0	-7.3438	3	-1	1	1	0	0	0
5	877.13	-9.8126	3.5712	-9.8126	3.5712	0	2	105	-3.1058	4.2473	1	5.8942	3.2474	0	-7.3438	3	-1	1	1	0	0	0
5	893.69	-9.873	3.6033	-9.873	3.6033	0	2	105	-3.1058	4.2473	1	5.8942	3.2474	0	-7.3438	3	-1	1	1	0	0	0
5	910.34	-9.9735	3.6677	-9.9735	3.6677	0	2	105	-3.1058	4.2473	1	5.8942	3.2474	0	-7.3438	3	-1	1	0	0	0	0
5	926.94	-10.054	3.732	-10.054	3.732	0	2	105	-3.1058	4.2473	1	5.8942	3.2474	0	-7.3438	3	-1	1	0	0	0	0
5	943.54	-10.094	3.7642	-10.094	3.7642	0	2	105	-3.1058	4.2473	1	5.8942	3.2474	0	-7.3438	3	-1	1	0	0	0	0
5	960.11	-10.154	3.7964	-10.154	3.7964	0	3	105	-3.1058	4.2473	1	5.8942	3.2474	0	-7.3438	3	-1	1	0	0	0	0
6	30.897	-0.2614	-7.4319	-0.2614	-7.4319	0	1	90	0	4.6562	1	9	3.6562	0	-7.3438	3	-1	1	0	0	0	0
6	47.49	-0.16086	-7.464	-0.16086	-7.464	0	1	90	0	4.6562	1	9	3.6562	0	-7.3438	3	-1	1	0	0	0	0
6	64.033	-0.12065	-7.464	-0.12065	-7.464	0	1	90	0	4.6562	1	9	3.6562	0	-7.3438	3	-1	1	0	0	0	0
6	80.612	-0.10054	-7.464	-0.10054	-7.464	0	1	90	0	4.6562	1	9	3.6562	0	-7.3438	3	-1	1	0	0	0	0
6	97.219	-0.10054	-7.464	-0.10054	-7.464	0	1	90	0	4.6562	1	9	3.6562	0	-7.3438	3	-1	1	0	0	0	0
6	113.8	-0.10054	-7.464	-0.10054	-7.464	0	1	90	0	4.6562	1	9	3.6562	0	-7.3438	3	-1	1	0	0	0	0
6	130.39	-0.10054	-7.464	-0.10054	-7.464	0	1	90	0	4.6562	1	9	3.6562	0	-7.3438	3	-1	1	0	0	0	0
6	147.03	-0.10054	-7.464	-0.10054	-7.464	0	1	90	0	4.6562	1	9	3.6562	0	-7.3438	3	-1	1	0	0	0	0
6	163.65	-0.10054	-7.464	-0.10054	-7.464	0	1	90	0	4.6562	1	9	3.6562	0	-7.3438	3	-1	1	0	0	0	0
6	180.17	-0.10054	-7.4319	-0.10054	-7.4319	0	1	90	0	4.6562	1	9	3.6562	0	-7.3438	3	-1	1	0	0	0	0
6	196.8	-0.12065	-7.4319	-0.12065	-7.4319	0	1	90	0	4.6562	1	9	3.6562	0	-7.3438	3	-1	1	0	0	0	0
6	213.37	-0.14076	-7.3997	-0.14076	-7.3997	0	1	90	0	4.6562	1	9	3.6562	0	-7.3438	3	-1	1	0	0	0	0
6	229.89	-0.18097	-7.3675	-0.18097	-7.3675	0	1	90	0	4.6562	1	9	3.6562	0	-7.3438	3	-1	1	1	0	0	0
6	246.62	-0.30162	-7.2388	-0.30162	-7.2388	0	1	90	0	4.6562	1	9	3.6562	0	-7.3438	3	-1	1	1	0	0	0
6	263.21	-0.36194	-7.1423	-0.36194	-7.1423	0	1	90	0	4.6562	1	9	3.6562	0	-7.3438	3	-1	1	1	0	0	0
6	279.8	-0.52281	-6.8849	-0.52281	-6.8849	0	1	90	0	4.6562	1	9	3.6562	0	-7.3438	3	-1	1	1	0	0	0
6	296.36	-0.68367	-6.5954	-0.68367	-6.5954	0	1	90	0	4.6562	1	9	3.6562	0	-7.3438	3	-1	1	1	0	0	0
6	312.96	-0.86464	-6.2737	-0.86464	-6.2737	0	1	90	0	4.6562	1	9	3.6562	0	-7.3438	3	-1	1	1	0	0	0
6	329.65	-0.94507	-6.1128	-0.94507	-6.1128	0	1	90	0	4.6562	1	9	3.6562	0	-7.3438	3	-1	1	1	0	0	0
6	346.12	-1.1663	-5.6946	-1.1663	-5.6946	0	1	90	0	4.6562	1	9	3.6562	0	-7.3438	3	-1	1	1	0	0	0
6	362.77	-1.2668	-5.4693	-1.2668	-5.4693	0	2	90	0	4.6562	1	9	3.6562	0	-7.3438	3	-1	1	1	0	0	0
6	379.32	-1.5081	-4.9868	-1.5081	-4.9868	0	2	90	0	4.6562	1	9	3.6562	0	-7.3438	3	-1	1	1	0	0	0
6	395.9	-1.7494	-4.472	-1.7494	-4.472	0	2	90	0	4.6562	1	9	3.6562	0	-7.3438	3	-1	1	1	0	0	0
6	412.5	-1.9907	-3.8929	-1.9907	-3.8929	0	2	90	0	4.6562	1	9	3.6562	0	-7.3438	3	-1	1	1	0	0	0
6	429.06	-2.1113	-3.6355	-2.1113	-3.6355	0	2	90	0	4.6562	1	9	3.6562	0	-7.3438	3	-1	1	1	0	0	0
6	445.73	-2.3928	-3.0886	-2.3928	-3.0886	0	2	90	0	4.6562	1	9	3.6562	0	-7.3438	3	-1	1	1	0	0	0
6	462.31	-2.5336	-2.799	-2.5336	-2.799	0	2	90	0	4.6562	1	9	3.6562	0	-7.3438	3	-1	1	1	0	0	0
6	478.93	-2.8553	-2.1877	-2.8553	-2.1877	0	2	90	0	4.6562	1	9	3.6562	0	-7.3438	3	-1	1	1	0	1	0
6	495.51	-3.177	-1.5443	-3.177	-1.5443	0	2	90	0	4.6562	1	9	3.6562	0	-7.3438	3	-1	1	1	0	0	0
6	512.02	-3.4988	-0.93301	-3.4988	-0.93301	0	2	90	0	4.6562	1	9	3.6562	0	-7.3438	3	-1	1	1	0	0	0
6	528.68	-3.6797	-0.64345	-3.6797	-0.64345	0	2	90	0	4.6562	1	9	3.6562	0	-7.3438	3	-1	1	1	0	0	0
6	545.25	-4.0216	-0.064345	-4.0216	-0.064345	0	2	90	0	4.6562	1	9	3.6562	0	-7.3438	3	-1	1	1	0	0	0
6	561.87	-4.2025	0.22521	-4.2025	0.22521	0	2	90	0	4.6562	1	9	3.6562	0	-7.3438	3	-1	1	1	0	0	0
6	578.46	-4.5645	0.77214	-4.5645	0.77214	0	2	90	0	4.6562	1	9	3.6562	0	-7.3438	3	-1	1	1	0	0	0
6	595.09	-4.7455	1.0295	-4.7455	1.0295	0	2	90	0	4.6562	1	9	3.6562	0	-7.3438	3	-1	1	1	0	0	0
6	611.68	-5.1074	1.5443	-5.1074	1.5443	0	2	90	0	4.6562	1	9	3.6562	0	-7.3438	3	-1	1	1	0	0	0
6	628.24	-5.4492	2.059	-5.4492	2.059	0	2	90	0	4.6562	1	9	3.6562	0	-7.3438	3	-1	1	1	0	0	0
6	644.77	-5.7911	2.5095	-5.7911	2.5095	0	2	90	0	4.6562	1	9	3.6562	0	-7.3438	3	-1	1	1	0	0	0
6	661.44	-5.9519	2.7347	-5.9519	2.7347	0	2	90	0	4.6562	1	9	3.6562	0	-7.3438	3	-1	1	1	0	0	0
6	678.04	-6.2536	3.1529	-6.2536	3.1529	0	2	90	0	4.6562	1	9	3.6562	0	-7.3438	3	-1	1	1	0	0	0
6	694.64	-6.3943	3.346	-6.3943	3.346	0	2	90	0	4.6562	1	9	3.6562	0	-7.3438	3	-1	1	1	0	0	0
6	711.25	-6.6959	3.6999	-6.6959	3.6999	0	2	90	0	4.6562	1	9	3.6562	0	-7.3438	3	-1	1	1	0	0	0
6	727.82	-6.9372	4.0216	-6.9372	4.0216	0	2	90	0	4.6562	1	9	3.6562	0	-7.3438	3	-1	1	1	0	0	0
6	744.44	-7.1785	4.279	-7.1785	4.279	0	2	90	0	4.6562	1	9	3.6562	0	-7.3438	3	-1	1	1	0	0	0
6	760.98	-7.2791	4.4076	-7.2791	4.4076	0	2	90	0	4.6562	1	9	3.6562	0	-7.3438	3	-1	1	1	0	0	0
6	777.63	-7.46	4.6007	-7.46	4.6007	0	2	90	0	4.6562	1	9	3.6562	0	-7.3438	3	-1	1	1	0	0	0
6	794.23	-7.5405	4.6972	-7.5405	4.6972	0	2	90	0	4.6562	1	9	3.6562	0	-7.3438	3	-1	1	1	0	0	0
6	810.83	-7.6812	4.8581	-7.6812	4.8581	0	2	90	0	4.6562	1	9	3.6562	0	-7.3438	3	-1	1	1	0	0	0
6	827.37	-7.7818	4.9868	-7.7818	4.9868	0	2	90	0	4.6562	1	9	3.6562	0	-7.3438	3	-1	1	1	0	0	0
6	843.99	-7.8622	5.0833	-7.8622	5.0833	0	2	90	0	4.6562	1	9	3.6562	0	-7.3438	3	-1	1	1	0	0	0
6	860.56	-7.9024	5.1154	-7.9024	5.1154	0	2	90	0	4.6562	1	9	3.6562	0	-7.3438	3	-1	1	1	0	0	0
6	877.12	-7.9426	5.1798	-7.9426	5.1798	0	2	90	0	4.6562	1	9	3.6562	0	-7.3438	3	-1	1	1	0	0	0
6	893.72	-7.9627	5.1798	-7.9627	5.1798	0	2	90	0	4.6562	1	9	3.6562	0	-7.3438	3	-1	1	0	0	0	0
6	910.34	-7.9828	5.212	-7.9828	5.212	0	2	90	0	4.6562	1	9	3.6562	0	-7.3438	3	-1	1	0	0	0	0
6	926.97	-7.9828	5.212	-7.9828	5.212	0	3	90	0	4.6562	1	9	3.6562	0	-7.3438	3	-1	1	0	0	0	0
7	31.145	-0.16086	-7.464	-0.16086	-7.464	0	1	105	-3.1058	4.2473	1	5.8942	3.2474	0	-7.3438	3	-1	1	0	0	0	0
7	47.706	-0.12065	-7.464	-0.12065	-7.464	0	1	105	-3.1058	4.2473	1	5.8942	3.2474	0	-7.3438	3	-1	1	0	0	0	0
7	64.323	-0.080432	-7.464	-0.080432	-7.464	0	1	105	-3.1058	4.2473	1	5.8942	3.2474	0	-7.3438	3	-1	1	0	0	0	0
7	80.888	-0.060324	-7.464	-0.060324	-7.464	0	1	105	-3.1058	4.2473	1	5.8942	3.2474	0	-7.3438	3	-1	1	0	0	0	0
7	97.523	-0.060324	-7.4319	-0.060324	-7.4319	0	1	105	-3.1058	4.2473	1	5.8942	3.2474	0	-7.3438	3	-1	1	0	0	0	0
7	114.12	-0.040216	-7.4319	-0.040216	-7.4319	0	1	105	-3.1058	4.2473	1	5.8942	3.2474	0	-7.3438	3	-1	1	0	0	0	0
7	130.68	-0.040216	-7.4319	-0.040216	-7.4319	0	1	105	-3.1058	4.2473	1	5.8942	3.2474	0	-7.3438	3	-1	1	0	0	0	0
7	147.31	-0.040216	-7.4319	-0.040216	-7.4319	0	1	105	-3.1058	4.2473	1	5.8942	3.2474	0	-7.3438	3	-1	1	0	0	0	0
7	163.87	-0.040216	-7.3997	-0.040216	-7.3997	0	1	105	-3.1058	4.2473	1	5.8942	3.2474	0	-7.3438	3	-1	1	0	0	0	0
7	180.4	-0.040216	-7.3997	-0.040216	-7.3997	0	1	105	-3.1058	4.2473	1	5.8942	3.2474	0	-7.3438	3	-1	1	0	0	0	0
7	197.02	-0.040216	-7.3675	-0.040216	-7.3675	0	1	105	-3.1058	4.2473	1	5.8942	3.2474	0	-7.3438	3	-1	1	1	0	0	0
7	213.66	-0.060324	-7.3354	-0.060324	-7.3354	0	1	105	-3.1058	4.2473	1	5.8942	3.2474	0	-7.3438	3	-1	1	1	0	0	0
7	230.22	-0.12065	-7.2067	-0.12065	-7.2067	0	1	105	-3.1058	4.2473	1	5.8942	3.2474	0	-7.3438	3	-1	1	1	0	0	0
7	246.86	-0.16086	-7.1101	-0.16086	-7.1101	0	1	105	-3.1058	4.2473	1	5.8942	3.2474	0	-7.3438	3	-1	1	1	0	0	0
7	263.44	-0.2614	-6.8206	-0.2614	-6.8206	0	1	105	-3.1058	4.2473	1	5.8942	3.2474	0	-7.3438	3	-1	1	1	0	0	0
7	280.01	-0.38205	-6.4345	-0.38205	-6.4345	0	1	105	-3.1058	4.2473	1	5.8942	3.2474	0	-7.3438	3	-1	1	1	0	0	0
7	296.59	-0.46248	-6.2093	-0.46248	-6.2093	0	1	105	-3.1058	4.2473	1	5.8942	3.2474	0	-7.3438	3	-1	1	1	0	0	0
7	313.15	-0.60324	-5.7911	-0.60324	-5.7911	0	1	105	-3.1058	4.2473	1	5.8942	3.2474	0	-7.3438	3	-1	1	1	0	0	0
7	329.81	-0.78421	-5.3085	-0.78421	-5.3085	0	1	105	-3.1058	4.2473	1	5.8942	3.2474	0	-7.3438	3	-1	1	1	0	0	0
7	346.41	-0.86464	-5.0511	-0.86464	-5.0511	0	2	105	-3.1058	4.2473	1	5.8942	3.2474	0	-7.3438	3	-1	1	1	0	0	0
7	363.02	-1.0657	-4.5363	-1.0657	-4.5363	0	2	105	-3.1058	4.2473	1	5.8942	3.2474	0	-7.3438	3	-1	1	1	0	0	0
7	379.57	-1.307	-3.9894	-1.307	-3.9894	0	2	105	-3.1058	4.2473	1	5.8942	3.2474	0	-7.3438	3	-1	1	1	0	0	0
7	396.16	-1.4478	-3.6999	-1.4478	-3.6999	0	2	105	-3.1058	4.2473	1	5.8942	3.2474	0	-7.3438	3	-1	1	1	0	0	0
7	412.74	-1.7494	-3.1851	-1.7494	-3.1851	0	2	105	-3.1058	4.2473	1	5.8942	3.2474	0	-7.3438	3	-1	1	1	0	0	0
7	429.34	-2.0912	-2.6382	-2.0912	-2.6382	0	2	105	-3.1058	4.2473	1	5.8942	3.2474	0	-7.3438	3	-1	1	1	0	0	0
7	445.91	-2.2923	-2.3808	-2.2923	-2.3808	0	2	105	-3.1058	4.2473	1	5.8942	3.2474	0	-7.3438	3	-1	1	1	0	0	0
7	462.53	-2.6743	-1.8338	-2.6743	-1.8338	0	2	105	-3.1058	4.2473	1	5.8942	3.2474	0	-7.3438	3	-1	1	1	0	0	0
7	479.14	-2.8955	-1.5765	-2.8955	-1.5765	0	2	105	-3.1058	4.2473	1	5.8942	3.2474	0	-7.3438	3	-1	1	1	0	0	0
7	495.76	-3.3379	-1.0939	-3.3379	-1.0939	0	2	105	-3.1058	4.2473	1	5.8942	3.2474	0	-7.3438	3	-1	1	1	0	1	0
7	512.34	-3.8004	-0.61128	-3.8004	-0.61128	0	2	105	-3.1058	4.2473	1	5.8942	3.2474	0	-7.3438	3	-1	1	1	0	0	0
7	528.92	-4.3031	-0.19304	-4.3031	-0.19304	0	2	105	-3.1058	4.2473	1	5.8942	3.2474	0	-7.3438	3	-1	1	1	0	0	0
7	545.51	-4.5444	0	-4.5444	0	0	2	105	-3.1058	4.2473	1	5.8942	3.2474	0	-7.3438	3	-1	1	1	0	0	0
7	562.12	-5.027	0.41824	-5.027	0.41824	0	2	105	-3.1058	4.2473	1	5.8942	3.2474	0	-7.3438	3	-1	1	1	0	0	0
7	578.77	-5.2482	0.61128	-5.2482	0.61128	0	2	105	-3.1058	4.2473	1	5.8942	3.2474	0	-7.3438	3	-1	1	1	0	0	0
7	595.33	-5.6905	0.96518	-5.6905	0.96518	0	2	105	-3.1058	4.2473	1	5.8942	3.2474	0	-7.3438	3	-1	1	1	0	0	0
7	611.87	-6.1128	1.3513	-6.1128	1.3512	0	2	105	-3.1058	4.2473	1	5.8942	3.2474	0	-7.3438	3	-1	1	1	0	0	0
7	628.47	-6.4747	1.673	-6.4747	1.673	0	2	105	-3.1058	4.2473	1	5.8942	3.2474	0	-7.3438	3	-1	1	1	0	0	0
7	645.07	-6.6557	1.8338	-6.6557	1.8338	0	2	105	-3.1058	4.2473	1	5.8942	3.2474	0	-7.3438	3	-1	1	1	0	0	0
7	661.68	-6.9372	2.1234	-6.9372	2.1234	0	2	105	-3.1058	4.2473	1	5.8942	3.2474	0	-7.3438	3	-1	1	1	0	0	0
7	678.29	-7.0579	2.2843	-7.0579	2.2843	0	2	105	-3.1058	4.2473	1	5.8942	3.2474	0	-7.3438	3	-1	1	1	0	0	0
7	694.92	-7.2791	2.5095	-7.2791	2.5095	0	2	105	-3.1058	4.2473	1	5.8942	3.2474	0	-7.3438	3	-1	1	1	0	0	0
7	711.49	-7.4399	2.7347	-7.4399	2.7347	0	2	105	-3.1058	4.2473	1	5.8942	3.2474	0	-7.3438	3	-1	1	1	0	0	0
7	728.04	-7.5606	2.8955	-7.5606	2.8955	0	2	105	-3.1058	4.2473	1	5.8942	3.2474	0	-7.3438	3	-1	1	1	0	0	0
7	744.65	-7.6008	2.9921	-7.6008	2.9921	0	2	105	-3.1058	4.2473	1	5.8942	3.2474	0	-7.3438	3	-1	1	1	0	0	0
7	761.05	-7.6812	3.1207	-7.6812	3.1207	0	2	105	-3.1058	4.2473	1	5.8942	3.2474	0	-7.3438	3	-1	1	1	0	0	0
7	777.85	-7.7214	3.1851	-7.7214	3.1851	0	2	105	-3.1058	4.2473	1	5.8942	3.2474	0	-7.3438	3	-1	1	1	0	0	0
7	794.4	-7.7818	3.2816	-7.7818	3.2816	0	2	105	-3.1058	4.2473	1	5.8942	3.2474	0	-7.3438	3	-1	1	1	0	0	0
7	811.03	-7.822	3.346	-7.822	3.346	0	2	105	-3.1058	4.2473	1	5.8942	3.2474	0	-7.3438	3	-1	1	1	0	0	0
7	827.65	-7.8622	3.4103	-7.8622	3.4103	0	2	105	-3.1058	4.2473	1	5.8942	3.2474	0	-7.3438	3	-1	1	0	0	0	0
7	844.23	-7.8622	3.4425	-7.8622	3.4425	0	2	105	-3.1058	4.2473	1	5.8942	3.2474	0	-7.3438	3	-1	1	0	0	0	0
7	860.77	-7.9024	3.4746	-7.9024	3.4746	0	2	105	-3.1058	4.2473	1	5.8942	3.2474	0	-7.3438	3	-1	1	0	0	0	0
7	877.39	-7.9024	3.5068	-7.9024	3.5068	0	3	105	-3.1058	4.2473	1	5.8942	3.2474	0	-7.3438	3	-1	1	0	0	0	0
8	30.178	-0.16086	-7.464	-0.16086	-7.464	0	1	75	3.1058	4.2473	1	12.106	3.2474	0	-7.3438	3	-1	1	0	0	0	0
8	46.746	-0.020108	-7.4962	-0.020108	-7.4962	0	1	75	3.1058	4.2473	1	12.106	3.2474	0	-7.3438	3	-1	1	0	0	0	0
8	63.334	0.040216	-7.464	0.040216	-7.464	0	1	75	3.1058	4.2473	1	12.106	3.2474	0	-7.3438	3	-1	1	0	0	0	0
8	79.903	0.12065	-7.464	0.12065	-7.464	0	1	75	3.1058	4.2473	1	12.106	3.2474	0	-7.3438	3	-1	1	0	0	0	0
8	96.513	0.18097	-7.464	0.18097	-7.464	0	1	75	3.1058	4.2473	1	12.106	3.2474	0	-7.3438	3	-1	1	0	0	0	0
8	113.09	0.18097	-7.464	0.18097	-7.464	0	1	75	3.1058	4.2473	1	12.106	3.2474	0	-7.3438	3	-1	1	0	0	0	0
8	129.71	0.20108	-7.464	0.20108	-7.464	0	1	75	3.1058	4.2473	1	12.106	3.2474	0	-7.3438	3	-1	1	0	0	0	0
8	146.3	0.20108	-7.464	0.20108	-7.464	0	1	75	3.1058	4.2473	1	12.106	3.2474	0	-7.3438	3	-1	1	0	0	0	0
8	162.89	0.20108	-7.464	0.20108	-7.464	0	1	75	3.1058	4.2473	1	12.106	3.2474	0	-7.3438	3	-1	1	0	0	0	0
8	179.46	0.20108	-7.464	0.20108	-7.464	0	1	75	3.1058	4.2473	1	12.106	3.2474	0	-7.3438	3	-1	1	0	0	0	0
8	196.08	0.20108	-7.464	0.20108	-7.464	0	1	75	3.1058	4.2473	1	12.106	3.2474	0	-7.3438	3	-1	1	0	0	0	0
8	212.69	0.20108	-7.464	0.20108	-7.464	0	1	75	3.1058	4.2473	1	12.106	3.2474	0	-7.3438	3	-1	1	0	0	0	0
8	229.24	0.20108	-7.4319	0.20108	-7.4319	0	1	75	3.1058	4.2473	1	12.106	3.2474	0	-7.3438	3	-1	1	0	0	0	0
8	245.88	0.18097	-7.4319	0.18097	-7.4319	0	1	75	3.1058	4.2473	1	12.106	3.2474	0	-7.3438	3	-1	1	1	0	0	0
8	262.45	0.16086	-7.3997	0.16086	-7.3997	0	1	75	3.1058	4.2473	1	12.106	3.2474	0	-7.3438	3	-1	1	1	0	0	0
8	278.99	0.080432	-7.3354	0.080432	-7.3354	0	1	75	3.1058	4.2473	1	12.106	3.2474	0	-7.3438	3	-1	1	1	0	0	0
8	295.62	0.020108	-7.2388	0.020108	-7.2388	0	1	75	3.1058	4.2473	1	12.106	3.2474	0	-7.3438	3	-1	1	1	0	0	0
8	312.22	-0.16086	-6.9815	-0.16086	-6.9815	0	1	75	3.1058	4.2473	1	12.106	3.2474	0	-7.3438	3	-1	1	1	0	0	0
8	328.82	-0.36194	-6.6276	-0.36194	-6.6276	0	1	75	3.1058	4.2473	1	12.106	3.2474	0	-7.3438	3	-1	1	1	0	0	0
8	345.42	-0.46248	-6.4024	-0.46248	-6.4024	0	1	75	3.1058	4.2473	1	12.106	3.2474	0	-7.3438	3	-1	1	1	0	0	0
8	362.03	-0.66356	-5.9519	-0.66356	-5.9519	0	1	75	3.1058	4.2473	1	12.106	3.2474	0	-7.3438	3	-1	1	1	0	0	0
8	378.58	-0.90485	-5.405	-0.90485	-5.405	0	1	75	3.1058	4.2473	1	12.106	3.2474	0	-7.3438	3	-1	1	1	0	0	0
8	395.18	-1.0255	-5.1154	-1.0255	-5.1154	0	2	75	3.1058	4.2473	1	12.106	3.2474	0	-7.3438	3	-1	1	1	0	0	0
8	411.77	-1.307	-4.472	-1.307	-4.472	0	2	75	3.1058	4.2473	1	12.106	3.2474	0	-7.3438	3	-1	1	1	0	0	0
8	428.4	-1.5684	-3.7964	-1.5684	-3.7964	0	2	75	3.1058	4.2473	1	12.106	3.2474	0	-7.3438	3	-1	1	1	0	0	0
8	445.02	-1.7092	-3.4746	-1.7092	-3.4746	0	2	75	3.1058	4.2473	1	12.106	3.2474	0	-7.3438	3	-1	1	1	0	0	0
8	461.62	-1.9907	-2.7668	-1.9907	-2.7668	0	2	75	3.1058	4.2473	1	12.106	3.2474	0	-7.3438	3	-1	1	1	0	0	0
8	478.17	-2.2923	-2.059	-2.2923	-2.059	0	2	75	3.1058	4.2473	1	12.106	3.2474	0	-7.3438	3	-1	1	1	0	0	0
8	494.8	-2.4532	-1.7373	-2.4532	-1.7373	0	2	75	3.1058	4.2473	1	12.106	3.2474	0	-7.3438	3	-1	1	1	0	1	0
8	511.43	-2.795	-1.0295	-2.795	-1.0295	0	2	75	3.1058	4.2473	1	12.106	3.2474	0	-7.3438	3	-1	1	1	0	0	0
8	528.09	-3.1368	-0.32173	-3.1368	-0.32173	0	2	75	3.1058	4.2473	1	12.106	3.2474	0	-7.3438	3	-1	1	1	0	0	0
8	544.68	-3.2977	0	-3.2977	0	0	2	75	3.1058	4.2473	1	12.106	3.2474	0	-7.3438	3	-1	1	1	0	0	0
8	561.35	-3.6596	0.67563	-3.6596	0.67562	0	2	75	3.1058	4.2473	1	12.106	3.2474	0	-7.3438	3	-1	1	1	0	0	0
8	577.91	-4.0015	1.3191	-4.0015	1.3191	0	2	75	3.1058	4.2473	1	12.106	3.2474	0	-7.3438	3	-1	1	1	0	0	0
8	594.52	-4.1824	1.6408	-4.1824	1.6408	0	2	75	3.1058	4.2473	1	12.106	3.2474	0	-7.3438	3	-1	1	1	0	0	0
8	611.1	-4.5444	2.2199	-4.5444	2.2199	0	2	75	3.1058	4.2473	1	12.106	3.2474	0	-7.3438	3	-1	1	1	0	0	0
8	627.66	-4.8661	2.7347	-4.8661	2.7347	0	2	75	3.1058	4.2473	1	12.106	3.2474	0	-7.3438	3	-1	1	1	0	0	0
8	644.27	-5.027	2.9921	-5.027	2.9921	0	2	75	3.1058	4.2473	1	12.106	3.2474	0	-7.3438	3	-1	1	1	0	0	0
8	660.82	-5.3487	3.4425	-5.3487	3.4425	0	2	75	3.1058	4.2473	1	12.106	3.2474	0	-7.3438	3	-1	1	1	0	0	0
8	677.48	-5.6302	3.8607	-5.6302	3.8607	0	2	75	3.1058	4.2473	1	12.106	3.2474	0	-7.3438	3	-1	1	1	0	0	0
8	694.05	-5.7509	4.0538	-5.7509	4.0537	0	2	75	3.1058	4.2473	1	12.106	3.2474	0	-7.3438	3	-1	1	1	0	0	0
8	710.65	-6.0123	4.4076	-6.0123	4.4076	0	2	75	3.1058	4.2473	1	12.106	3.2474	0	-7.3438	3	-1	1	1	0	0	0
8	727.23	-6.2133	4.665	-6.2133	4.665	0	2	75	3.1058	4.2473	1	12.106	3.2474	0	-7.3438	3	-1	1	1	0	0	0
8	743.81	-6.3139	4.7615	-6.3139	4.7615	0	2	75	3.1058	4.2473	1	12.106	3.2474	0	-7.3438	3	-1	1	1	0	0	0
8	760.41	-6.4948	4.9546	-6.4948	4.9546	0	2	75	3.1058	4.2473	1	12.106	3.2474	0	-7.3438	3	-1	1	1	0	0	0
8	776.98	-6.6356	5.0833	-6.6356	5.0833	0	2	75	3.1058	4.2473	1	12.106	3.2474	0	-7.3438	3	-1	1	1	0	0	0
8	793.58	-6.6959	5.1476	-6.6959	5.1476	0	2	75	3.1058	4.2473	1	12.106	3.2474	0	-7.3438	3	-1	1	1	0	0	0
8	810.23	-6.7764	5.212	-6.7764	5.212	0	2	75	3.1058	4.2473	1	12.106	3.2474	0	-7.3438	3	-1	1	0	0	0	0
8	826.83	-6.8166	5.2441	-6.8166	5.2441	0	2	75	3.1058	4.2473	1	12.106	3.2474	0	-7.3438	3	-1	1	0	0	0	0
8	843.39	-6.8568	5.2763	-6.8568	5.2763	0	2	75	3.1058	4.2473	1	12.106	3.2474	0	-7.3438	3	-1	1	0	0	0	0
8	859.95	-6.8769	5.3085	-6.8769	5.3085	0	2	75	3.1058	4.2473	1	12.106	3.2474	0	-7.3438	3	-1	1	0	0	0	0
8	876.57	-6.897	5.3085	-6.897	5.3085	0	2	75	3.1058	4.2473	1	12.106	3.2474	0	-7.3438	3	-1	1	0	0	0	0
8	893.15	-6.897	5.3085	-6.897	5.3085	0	3	75	3.1058	4.2473	1	12.106	3.2474	0	-7.3438	3	-1	1	0	0	0	0
9	30.968	0.060324	-7.3675	0.060324	-7.3675	0	1	105	-3.1058	4.2473	1	5.8942	3.2474	0	-7.3438	3	-1	1	0	0	0	0
9	47.568	0.080432	-7.464	0.080432	-7.464	0	1	105	-3.1058	4.2473	1	5.8942	3.2474	0	-7.3438	3	-1	1	0	0	0	0
9	64.157	0.10054	-7.464	0.10054	-7.464	0	1	105	-3.1058	4.2473	1	5.8942	3.2474	0	-7.3438	3	-1	1	0	0	0	0
9	80.772	0.12065	-7.464	0.12065	-7.464	0	1	105	-3.1058	4.2473	1	5.8942	3.2474	0	-7.3438	3	-1	1	0	0	0	0
9	97.317	0.14076	-7.464	0.14076	-7.464	0	1	105	-3.1058	4.2473	1	5.8942	3.2474	0	-7.3438	3	-1	1	0	0	0	0
9	113.91	0.14076	-7.464	0.14076	-7.464	0	1	105	-3.1058	4.2473	1	5.8942	3.2474	0	-7.3438	3	-1	1	0	0	0	0
9	130.47	0.14076	-7.464	0.14076	-7.464	0	1	105	-3.1058	4.2473	1	5.8942	3.2474	0	-7.3438	3	-1	1	0	0	0	0
9	147	0.14076	-7.464	0.14076	-7.464	0	1	105	-3.1058	4.2473	1	5.8942	3.2474	0	-7.3438	3	-1	1	0	0	0	0
9	163.7	0.14076	-7.464	0.14076	-7.464	0	1	105	-3.1058	4.2473	1	5.8942	3.2474	0	-7.3438	3	-1	1	0	0	0	0
9	180.31	0.14076	-7.464	0.14076	-7.464	0	1	105	-3.1058	4.2473	1	5.8942	3.2474	0	-7.3438	3	-1	1	0	0	0	0
9	197.06	0.14076	-7.464	0.14076	-7.464	0	1	105	-3.1058	4.2473	1	5.8942	3.2474	0	-7.3438	3	-1	1	0	0	0	0
9	213.52	0.14076	-7.464	0.14076	-7.464	0	1	105	-3.1058	4.2473	1	5.8942	3.2474	0	-7.3438	3	-1	1	0	0	0	0
9	230.05	0.14076	-7.4319	0.14076	-7.4319	0	1	105	-3.1058	4.2473	1	5.8942	3.2474	0	-7.3438	3	-1	1	0	0	0	0
9	246.65	0.14076	-7.4319	0.14076	-7.4319	0	1	105	-3.1058	4.2473	1	5.8942	3.2474	0	-7.3438	3	-1	1	1	0	0	0
9	263.26	0.10054	-7.3997	0.10054	-7.3997	0	1	105	-3.1058	4.2473	1	5.8942	3.2474	0	-7.3438	3	-1	1	1	0	0	0
9	279.88	0.060324	-7.3675	0.060324	-7.3675	0	1	105	-3.1058	4.2473	1	5.8942	3.2474	0	-7.3438	3	-1	1	1	0	0	0
9	296.47	-0.060324	-7.2067	-0.060324	-7.2067	0	1	105	-3.1058	4.2473	1	5.8942	3.2474	0	-7.3438	3	-1	1	1	0	0	0
9	313.06	-0.24129	-6.9493	-0.24129	-6.9493	0	1	105	-3.1058	4.2473	1	5.8942	3.2474	0	-7.3438	3	-1	1	1	0	0	0
9	329.6	-0.44237	-6.5954	-0.44237	-6.5954	0	1	105	-3.1058	4.2473	1	5.8942	3.2474	0	-7.3438	3	-1	1	1	0	0	0
9	346.24	-0.56302	-6.4024	-0.56302	-6.4024	0	1	105	-3.1058	4.2473	1	5.8942	3.2474	0	-7.3438	3	-1	1	1	0	0	0
9	362.8	-0.82442	-5.9841	-0.82442	-5.9841	0	1	105	-3.1058	4.2473	1	5.8942	3.2474	0	-7.3438	3	-1	1	1	0	0	0
9	379.4	-0.96518	-5.7589	-0.96518	-5.7589	0	1	105	-3.1058	4.2473	1	5.8942	3.2474	0	-7.3438	3	-1	1	1	0	0	0
9	396.06	-1.2869	-5.2763	-1.2869	-5.2763	0	1	105	-3.1058	4.2473	1	5.8942	3.2474	0	-7.3438	3	-1	1	1	0	0	0
9	412.56	-1.669	-4.7615	-1.669	-4.7615	0	2	105	-3.1058	4.2473	1	5.8942	3.2474	0	-7.3438	3	-1	1	1	0	0	0
9	429.19	-2.0912	-4.2146	-2.0912	-4.2146	0	2	105	-3.1058	4.2473	1	5.8942	3.2474	0	-7.3438	3	-1	1	1	0	0	0
9	445.76	-2.3124	-3.9572	-2.3124	-3.9572	0	2	105	-3.1058	4.2473	1	5.8942	3.2474	0	-7.3438	3	-1	1	1	0	0	0
9	462.4	-2.7548	-3.3781	-2.7548	-3.3781	0	2	105	-3.1058	4.2473	1	5.8942	3.2474	0	-7.3438	3	-1	1	1	0	0	0
9	478.99	-2.9961	-3.0886	-2.9961	-3.0886	0	2	105	-3.1058	4.2473	1	5.8942	3.2474	0	-7.3438	3	-1	1	1	0	0	0
9	495.6	-3.4586	-2.5095	-3.4586	-2.5095	0	2	105	-3.1058	4.2473	1	5.8942	3.2474	0	-7.3438	3	-1	1	1	0	1	0
9	512.2	-3.921	-1.8982	-3.921	-1.8982	0	2	105	-3.1058	4.2473	1	5.8942	3.2474	0	-7.3438	3	-1	1	1	0	0	0
9	528.81	-4.1623	-1.5765	-4.1623	-1.5765	0	2	105	-3.1058	4.2473	1	5.8942	3.2474	0	-7.3438	3	-1	1	1	0	0	0
9	545.36	-4.6449	-0.99735	-4.6449	-0.99735	0	2	105	-3.1058	4.2473	1	5.8942	3.2474	0	-7.3438	3	-1	1	1	0	0	0
9	561.96	-5.1074	-0.45042	-5.1074	-0.45042	0	2	105	-3.1058	4.2473	1	5.8942	3.2474	0	-7.3438	3	-1	1	1	0	0	0
9	578.55	-5.3286	-0.19304	-5.3286	-0.19304	0	2	105	-3.1058	4.2473	1	5.8942	3.2474	0	-7.3438	3	-1	1	1	0	0	0
9	595.1	-5.771	0.3539	-5.771	0.3539	0	2	105	-3.1058	4.2473	1	5.8942	3.2474	0	-7.3438	3	-1	1	1	0	0	0
9	611.75	-6.153	0.86866	-6.153	0.86866	0	2	105	-3.1058	4.2473	1	5.8942	3.2474	0	-7.3438	3	-1	1	1	0	0	0
9	628.33	-6.3541	1.126	-6.3541	1.126	0	2	105	-3.1058	4.2473	1	5.8942	3.2474	0	-7.3438	3	-1	1	1	0	0	0
9	644.95	-6.6959	1.6408	-6.6959	1.6408	0	2	105	-3.1058	4.2473	1	5.8942	3.2474	0	-7.3438	3	-1	1	1	0	0	0
9	661.52	-6.9975	2.0912	-6.9975	2.0912	0	2	105	-3.1058	4.2473	1	5.8942	3.2474	0	-7.3438	3	-1	1	1	0	0	0
9	678.07	-7.1584	2.3164	-7.1584	2.3164	0	2	105	-3.1058	4.2473	1	5.8942	3.2474	0	-7.3438	3	-1	1	1	0	0	0
9	694.74	-7.4198	2.7347	-7.4198	2.7347	0	2	105	-3.1058	4.2473	1	5.8942	3.2474	0	-7.3438	3	-1	1	1	0	0	0
9	711.33	-7.641	3.1207	-7.641	3.1207	0	2	105	-3.1058	4.2473	1	5.8942	3.2474	0	-7.3438	3	-1	1	1	0	0	0
9	727.91	-7.7415	3.3138	-7.7415	3.3138	0	2	105	-3.1058	4.2473	1	5.8942	3.2474	0	-7.3438	3	-1	1	1	0	0	0
9	744.53	-7.9225	3.6355	-7.9225	3.6355	0	2	105	-3.1058	4.2473	1	5.8942	3.2474	0	-7.3438	3	-1	1	1	0	0	0
9	761.1	-8.0834	3.9572	-8.0834	3.9572	0	2	105	-3.1058	4.2473	1	5.8942	3.2474	0	-7.3438	3	-1	1	1	0	0	0
9	777.68	-8.1437	4.0859	-8.1437	4.0859	0	2	105	-3.1058	4.2473	1	5.8942	3.2474	0	-7.3438	3	-1	1	1	0	0	0
9	794.22	-8.2643	4.3111	-8.2643	4.3111	0	2	105	-3.1058	4.2473	1	5.8942	3.2474	0	-7.3438	3	-1	1	1	0	0	0
9	810.91	-8.3649	4.5042	-8.3649	4.5042	0	2	105	-3.1058	4.2473	1	5.8942	3.2474	0	-7.3438	3	-1	1	0	0	0	0
9	827.46	-8.4051	4.5685	-8.4051	4.5685	0	2	105	-3.1058	4.2473	1	5.8942	3.2474	0	-7.3438	3	-1	1	0	0	0	0
9	844.1	-8.4855	4.6972	-8.4855	4.6972	0	2	105	-3.1058	4.2473	1	5.8942	3.2474	0	-7.3438	3	-1	1	0	0	0	0
9	860.67	-8.5056	4.7615	-8.5056	4.7615	0	2	105	-3.1058	4.2473	1	5.8942	3.2474	0	-7.3438	3	-1	1	0	0	0	0
9	877.26	-8.5459	4.8259	-8.5459	4.8259	0	2	105	-3.1058	4.2473	1	5.8942	3.2474	0	-7.3438	3	-1	1	0	0	0	0
9	893.84	-8.566	4.8902	-8.566	4.8902	0	2	105	-3.1058	4.2473	1	5.8942	3.2474	0	-7.3438	3	-1	1	0	0	0	0
9	910.43	-8.5861	4.8902	-8.5861	4.8902	0	2	105	-3.1058	4.2473	1	5.8942	3.2474	0	-7.3438	3	-1	1	0	0	0	0
9	926.99	-8.5861	4.9224	-8.5861	4.9224	0	2	105	-3.1058	4.2473	1	5.8942	3.2474	0	-7.3438	3	-1	1	0	0	0	0
9	943.63	-8.5861	4.9224	-8.5861	4.9224	0	3	105	-3.1058	4.2473	1	5.8942	3.2474	0	-7.3438	3	-1	1	0	0	0	0
9	1458	-7.7616	3.0886	-7.7616	3.0886	0	2	105	-3.1058	4.2473	1	5.8942	3.2474	0	-7.3438	3	-1	1	0	0	0	0
9	1474.6	-7.3997	2.2843	-7.3997	2.2843	0	2	105	-3.1058	4.2473	1	5.8942	3.2474	0	-7.3438	3	-1	1	0	0	0	0
9	1491.2	-7.1986	1.866	-7.1986	1.866	0	2	105	-3.1058	4.2473	1	5.8942	3.2474	0	-7.3438	3	-1	1	0	0	0	0
9	1507.9	-6.7562	0.93301	-6.7562	0.93301	0	2	105	-3.1058	4.2473	1	5.8942	3.2474	0	-7.3438	3	-1	1	0	0	0	0
9	1524.4	-6.2536	0.032173	-6.2536	0.032173	0	2	105	-3.1058	4.2473	1	5.8942	3.2474	0	-7.3438	3	-1	1	0	0	0	0
9	1541	-5.7106	-0.83649	-5.7106	-0.83649	0	2	105	-3.1058	4.2473	1	5.8942	3.2474	0	-7.3438	3	-1	1	0	0	0	0
9	1557.6	-5.409	-1.2226	-5.409	-1.2226	0	2	105	-3.1058	4.2473	1	5.8942	3.2474	0	-7.3438	3	-1	1	0	0	0	0
9	1574.1	-4.8058	-1.9625	-4.8058	-1.9625	0	2	105	-3.1058	4.2473	1	5.8942	3.2474	0	-7.3438	3	-1	1	0	0	0	0
9	1590.8	-4.5042	-2.2843	-4.5042	-2.2843	0	2	105	-3.1058	4.2473	1	5.8942	3.2474	0	-7.3438	3	-1	1	0	0	0	0
9	1607.4	-3.8808	-2.9277	-3.8808	-2.9277	0	2	105	-3.1058	4.2473	1	5.8942	3.2474	0	-7.3438	3	-1	1	0	0	0	0
9	1624	-3.2374	-3.539	-3.2374	-3.539	0	2	105	-3.1058	4.2473	1	5.8942	3.2474	0	-7.3438	3	-1	1	0	0	0	0
9	1640.6	-2.9358	-3.7964	-2.9358	-3.7964	0	2	105	-3.1058	4.2473	1	5.8942	3.2474	0	-7.3438	3	-1	1	0	0	0	0
9	1657.2	-2.3727	-4.3433	-2.3727	-4.3433	0	2	105	-3.1058	4.2473	1	5.8942	3.2474	0	-7.3438	3	-1	1	0	0	0	0
9	1673.8	-1.8499	-4.8581	-1.8499	-4.8581	0	2	105	-3.1058	4.2473	1	5.8942	3.2474	0	-7.3438	3	-1	1	0	0	0	0
9	1690.3	-1.6086	-5.1154	-1.6086	-5.1154	0	2	105	-3.1058	4.2473	1	5.8942	3.2474	0	-7.3438	3	-1	1	0	0	0	0
9	1707	-1.1864	-5.6302	-1.1864	-5.6302	0	2	105	-3.1058	4.2473	1	5.8942	3.2474	0	-7.3438	3	-1	1	0	0	0	0
9	1723.5	-0.82442	-6.0806	-0.82442	-6.0806	0	2	105	-3.1058	4.2473	1	5.8942	3.2474	0	-7.3438	3	-1	1	0	0	0	0
9	1740.1	-0.64345	-6.3058	-0.64345	-6.3058	0	2	105	-3.1058	4.2473	1	5.8942	3.2474	0	-7.3438	3	-1	1	0	0	0	0
9	1756.8	-0.34183	-6.7241	-0.34183	-6.7241	0	2	105	-3.1058	4.2473	1	5.8942	3.2474	0	-7.3438	3	-1	1	0	0	0	0
9	1773.4	-0.060324	-7.1101	-0.060324	-7.1101	0	2	105	-3.1058	4.2473	1	5.8942	3.2474	0	-7.3438	3	-1	1	0	0	0	0
9	1789.9	0.060324	-7.271	0.060324	-7.271	0	2	105	-3.1058	4.2473	1	5.8942	3.2474	0	-7.3438	3	-1	1	0	0	0	0
9	1806.5	0.20108	-7.464	0.20108	-7.464	0	2	105	-3.1058	4.2473	1	5.8942	3.2474	0	-7.3438	3	-1	1	0	0	0	0
9	1823.1	0.22119	-7.4962	0.22119	-7.4962	0	2	105	-3.1058	4.2473	1	5.8942	3.2474	0	-7.3438	3	-1	1	0	0	0	0
9	1839.7	0.22119	-7.4962	0.22119	-7.4962	0	2	105	-3.1058	4.2473	1	5.8942	3.2474	0	-7.3438	3	-1	1	0	0	0	0
9	1856.3	0.24129	-7.4962	0.24129	-7.4962	0	2	105	-3.1058	4.2473	1	5.8942	3.2474	0	-7.3438	3	-1	1	0	0	0	0
9	1872.9	0.24129	-7.464	0.24129	-7.464	0	2	105	-3.1058	4.2473	1	5.8942	3.2474	0	-7.3438	3	-1	1	0	0	0	0
9	1889.5	0.24129	-7.464	0.24129	-7.464	0	2	105	-3.1058	4.2473	1	5.8942	3.2474	0	-7.3438	3	-1	1	0	0	0	0
9	1906.1	0.24129	-7.464	0.24129	-7.464	0	2	105	-3.1058	4.2473	1	5.8942	3.2474	0	-7.3438	3	-1	1	0	0	0	0
9	1922.6	0.24129	-7.464	0.24129	-7.464	0	2	105	-3.1058	4.2473	1	5.8942	3.2474	0	-7.3438	3	-1	1	0	0	0	0
9	1939.3	0.22119	-7.464	0.22119	-7.464	0	2	105	-3.1058	4.2473	1	5.8942	3.2474	0	-7.3438	3	-1	1	0	0	0	0
9	1955.9	0.22119	-7.464	0.22119	-7.464	0	2	105	-3.1058	4.2473	1	5.8942	3.2474	0	-7.3438	3	-1	1	0	0	0	0
9	1972.5	0.22119	-7.464	0.22119	-7.464	0	2	105	-3.1058	4.2473	1	5.8942	3.2474	0	-7.3438	3	-1	1	0	0	0	0
9	1989.1	0.22119	-7.464	0.22119	-7.464	0	2	105	-3.1058	4.2473	1	5.8942	3.2474	0	-7.3438	3	-1	1	0	0	0	0
9	2005.6	0.22119	-7.464	0.22119	-7.464	0	2	105	-3.1058	4.2473	1	5.8942	3.2474	0	-7.3438	3	-1	1	0	0	0	0
9	2022.2	0.22119	-7.464	0.22119	-7.464	0	2	105	-3.1058	4.2473	1	5.8942	3.2474	0	-7.3438	3	-1	1	0	0	0	0
9	2038.8	0.20108	-7.4319	0.20108	-7.4319	0	2	105	-3.1058	4.2473	1	5.8942	3.2474	0	-7.3438	3	-1	1	0	0	0	0
9	2055.4	0.16086	-7.4319	0.16086	-7.4319	0	2	105	-3.1058	4.2473	1	5.8942	3.2474	0	-7.3438	3	-1	1	0	0	0	0
9	2072	0.12065	-7.4319	0.12065	-7.4319	0	2	105	-3.1058	4.2473	1	5.8942	3.2474	0	-7.3438	3	-1	1	0	0	0	0
9	2088.6	0.040216	-7.3997	0.040216	-7.3997	0	2	105	-3.1058	4.2473	1	5.8942	3.2474	0	-7.3438	3	-1	1	0	0	0	0
9	2105.2	-0.040216	-7.3997	-0.040216	-7.3997	0	2	105	-3.1058	4.2473	1	5.8942	3.2474	0	-7.3438	3	-1	1	0	0	0	0
9	2121.8	-0.060324	-7.3675	-0.060324	-7.3675	0	2	105	-3.1058	4.2473	1	5.8942	3.2474	0	-7.3438	3	-1	1	0	0	0	0
9	2138.4	-0.16086	-7.3354	-0.16086	-7.3354	0	2	105	-3.1058	4.2473	1	5.8942	3.2474	0	-7.3438	3	-1	1	0	0	0	0
9	2155	-0.28151	-7.2388	-0.28151	-7.2388	0	2	105	-3.1058	4.2473	1	5.8942	3.2474	0	-7.3438	3	-1	1	0	0	0	0
9	2171.6	-0.36194	-7.1745	-0.36194	-7.1745	0	2	105	-3.1058	4.2473	1	5.8942	3.2474	0	-7.3438	3	-1	1	0	0	0	0
9	2188.3	-0.5027	-6.9815	-0.5027	-6.9815	0	2	105	-3.1058	4.2473	1	5.8942	3.2474	0	-7.3438	3	-1	1	0	0	0	0
9	2204.8	-0.68367	-6.7562	-0.68367	-6.7562	0	2	105	-3.1058	4.2473	1	5.8942	3.2474	0	-7.3438	3	-1	1	0	0	0	0
9	2221.4	-0.80432	-6.5954	-0.80432	-6.5954	0	2	105	-3.1058	4.2473	1	5.8942	3.2474	0	-7.3438	3	-1	1	0	0	0	0
9	2237.9	-1.0657	-6.2093	-1.0657	-6.2093	0	2	105	-3.1058	4.2473	1	5.8942	3.2474	0	-7.3438	3	-1	1	0	0	0	0
9	2254.6	-1.4076	-5.7589	-1.4076	-5.7589	0	2	105	-3.1058	4.2473	1	5.8942	3.2474	0	-7.3438	3	-1	1	0	0	0	0
9	2271.1	-1.5885	-5.5337	-1.5885	-5.5337	0	2	105	-3.1058	4.2473	1	5.8942	3.2474	0	-7.3438	3	-1	1	0	0	0	0
9	2287.8	-2.0108	-4.9868	-2.0108	-4.9868	0	2	105	-3.1058	4.2473	1	5.8942	3.2474	0	-7.3438	3	-1	1	0	0	0	0
9	2304.4	-2.232	-4.6972	-2.232	-4.6972	0	2	105	-3.1058	4.2473	1	5.8942	3.2474	0	-7.3438	3	-1	1	0	0	0	0
9	2320.9	-2.6945	-4.1181	-2.6945	-4.1181	0	2	105	-3.1058	4.2473	1	5.8942	3.2474	0	-7.3438	3	-1	1	0	0	0	0
9	2337.5	-3.1972	-3.4425	-3.1972	-3.4425	0	2	105	-3.1058	4.2473	1	5.8942	3.2474	0	-7.3438	3	-1	1	0	0	0	0
9	2354.1	-3.6999	-2.7668	-3.6999	-2.7668	0	2	105	-3.1058	4.2473	1	5.8942	3.2474	0	-7.3438	3	-1	1	0	0	0	0
9	2370.7	-3.9411	-2.4451	-3.9411	-2.4451	0	2	105	-3.1058	4.2473	1	5.8942	3.2474	0	-7.3438	3	-1	1	0	0	0	0
9	2387.3	-4.4438	-1.8017	-4.4438	-1.8017	0	2	105	-3.1058	4.2473	1	5.8942	3.2474	0	-7.3438	3	-1	1	0	0	0	0
9	2403.9	-4.6851	-1.4799	-4.6851	-1.4799	0	2	105	-3.1058	4.2473	1	5.8942	3.2474	0	-7.3438	3	-1	1	0	0	0	0
9	2420.5	-5.1476	-0.90083	-5.1476	-0.90083	0	2	105	-3.1058	4.2473	1	5.8942	3.2474	0	-7.3438	3	-1	1	0	0	0	0
9	2437	-5.59	-0.38607	-5.59	-0.38607	0	2	105	-3.1058	4.2473	1	5.8942	3.2474	0	-7.3438	3	-1	1	0	0	0	0
9	2453.7	-5.9922	0.064345	-5.9922	0.064345	0	2	105	-3.1058	4.2473	1	5.8942	3.2474	0	-7.3438	3	-1	1	0	0	0	0
9	2470.2	-6.1731	0.28955	-6.1731	0.28955	0	2	105	-3.1058	4.2473	1	5.8942	3.2474	0	-7.3438	3	-1	1	0	0	0	0
9	2486.9	-6.515	0.67563	-6.515	0.67562	0	2	105	-3.1058	4.2473	1	5.8942	3.2474	0	-7.3438	3	-1	1	0	0	0	0
9	2503.5	-6.6758	0.83649	-6.6758	0.83649	0	2	105	-3.1058	4.2473	1	5.8942	3.2474	0	-7.3438	3	-1	1	0	0	0	0
9	2520.1	-6.9372	1.1582	-6.9372	1.1582	0	2	105	-3.1058	4.2473	1	5.8942	3.2474	0	-7.3438	3	-1	1	0	0	0	0
9	2536.7	-7.1785	1.3834	-7.1785	1.3834	0	2	105	-3.1058	4.2473	1	5.8942	3.2474	0	-7.3438	3	-1	1	0	0	0	0
9	2553.3	-7.3796	1.5765	-7.3796	1.5765	0	2	105	-3.1058	4.2473	1	5.8942	3.2474	0	-7.3438	3	-1	1	0	0	0	0
9	2569.8	-7.4801	1.673	-7.4801	1.673	0	2	105	-3.1058	4.2473	1	5.8942	3.2474	0	-7.3438	3	-1	1	0	0	0	0
9	2586.4	-7.641	1.8338	-7.641	1.8338	0	2	105	-3.1058	4.2473	1	5.8942	3.2474	0	-7.3438	3	-1	1	0	0	0	0
9	2603	-7.7013	1.8982	-7.7013	1.8982	0	2	105	-3.1058	4.2473	1	5.8942	3.2474	0	-7.3438	3	-1	1	0	0	0	0
9	2619.6	-7.822	2.0269	-7.822	2.0269	0	2	105	-3.1058	4.2473	1	5.8942	3.2474	0	-7.3438	3	-1	1	0	0	0	0
9	2636.2	-7.9426	2.1234	-7.9426	2.1234	0	2	105	-3.1058	4.2473	1	5.8942	3.2474	0	-7.3438	3	-1	1	0	0	0	0
9	2652.8	-8.0432	2.2199	-8.0432	2.2199	0	2	105	-3.1058	4.2473	1	5.8942	3.2474	0	-7.3438	3	-1	1	0	0	0	0
9	2669.4	-8.0834	2.2843	-8.0834	2.2843	0	2	105	-3.1058	4.2473	1	5.8942	3.2474	0	-7.3438	3	-1	1	0	0	0	0
9	2686	-8.1638	2.3486	-8.1638	2.3486	0	2	105	-3.1058	4.2473	1	5.8942	3.2474	0	-7.3438	3	-1	1	0	0	0	0
9	2702.5	-8.204	2.3808	-8.204	2.3808	0	2	105	-3.1058	4.2473	1	5.8942	3.2474	0	-7.3438	3	-1	1	0	0	0	0
9	2719.1	-8.2643	2.4451	-8.2643	2.4451	0	2	105	-3.1058	4.2473	1	5.8942	3.2474	0	-7.3438	3	-1	1	0	0	0	0
9	2735.8	-8.3247	2.5095	-8.3247	2.5095	0	3	105	-3.1058	4.2473	1	5.8942	3.2474	0	-7.3438	3	-1	1	0	0	0	0
10	27.957	0.10054	-7.3997	0.10054	-7.3997	0	1	90	0	4.6562	1	9	3.6562	0	-7.3438	3	-1	1	0	0	0	0
10	44.518	0.14076	-7.4962	0.14076	-7.4962	0	1	90	0	4.6562	1	9	3.6562	0	-7.3438	3	-1	1	0	0	0	0
10	61.157	0.16086	-7.5284	0.16086	-7.5284	0	1	90	0	4.6562	1	9	3.6562	0	-7.3438	3	-1	1	0	0	0	0
10	77.722	0.18097	-7.5284	0.18097	-7.5284	0	1	90	0	4.6562	1	9	3.6562	0	-7.3438	3	-1	1	0	0	0	0
10	94.277	0.20108	-7.5284	0.20108	-7.5284	0	1	90	0	4.6562	1	9	3.6562	0	-7.3438	3	-1	1	0	0	0	0
10	110.92	0.20108	-7.4962	0.20108	-7.4962	0	1	90	0	4.6562	1	9	3.6562	0	-7.3438	3	-1	1	0	0	0	0
10	127.51	0.20108	-7.4962	0.20108	-7.4962	0	1	90	0	4.6562	1	9	3.6562	0	-7.3438	3	-1	1	0	0	0	0
10	144.09	0.20108	-7.4962	0.20108	-7.4962	0	1	90	0	4.6562	1	9	3.6562	0	-7.3438	3	-1	1	0	0	0	0
10	160.68	0.20108	-7.4962	0.20108	-7.4962	0	1	90	0	4.6562	1	9	3.6562	0	-7.3438	3	-1	1	0	0	0	0
10	177.26	0.20108	-7.4962	0.20108	-7.4962	0	1	90	0	4.6562	1	9	3.6562	0	-7.3438	3	-1	1	0	0	0	0
10	193.84	0.20108	-7.4962	0.20108	-7.4962	0	1	90	0	4.6562	1	9	3.6562	0	-7.3438	3	-1	1	0	0	0	0
10	210.46	0.18097	-7.4962	0.18097	-7.4962	0	1	90	0	4.6562	1	9	3.6562	0	-7.3438	3	-1	1	0	0	0	0
10	227.01	0.18097	-7.4962	0.18097	-7.4962	0	1	90	0	4.6562	1	9	3.6562	0	-7.3438	3	-1	1	0	0	0	0
10	243.65	0.18097	-7.4962	0.18097	-7.4962	0	1	90	0	4.6562	1	9	3.6562	0	-7.3438	3	-1	1	0	0	0	0
10	260.22	0.16086	-7.464	0.16086	-7.464	0	1	90	0	4.6562	1	9	3.6562	0	-7.3438	3	-1	1	0	0	0	0
10	276.88	0.14076	-7.464	0.14076	-7.464	0	1	90	0	4.6562	1	9	3.6562	0	-7.3438	3	-1	1	0	0	0	0
10	293.41	0.080432	-7.4319	0.080432	-7.4319	0	1	90	0	4.6562	1	9	3.6562	0	-7.3438	3	-1	1	0	0	0	0
10	309.97	-0.040216	-7.3032	-0.040216	-7.3032	0	1	90	0	4.6562	1	9	3.6562	0	-7.3438	3	-1	1	1	0	0	0
10	326.6	-0.22119	-7.1423	-0.22119	-7.1423	0	1	90	0	4.6562	1	9	3.6562	0	-7.3438	3	-1	1	1	0	0	0
10	343.18	-0.30162	-7.0458	-0.30162	-7.0458	0	1	90	0	4.6562	1	9	3.6562	0	-7.3438	3	-1	1	1	0	0	0
10	359.83	-0.48259	-6.8206	-0.48259	-6.8206	0	1	90	0	4.6562	1	9	3.6562	0	-7.3438	3	-1	1	1	0	0	0
10	376.39	-0.58313	-6.6919	-0.58313	-6.6919	0	1	90	0	4.6562	1	9	3.6562	0	-7.3438	3	-1	1	1	0	0	0
10	392.98	-0.7641	-6.338	-0.7641	-6.338	0	1	90	0	4.6562	1	9	3.6562	0	-7.3438	3	-1	1	1	0	0	0
10	409.61	-0.94507	-5.8876	-0.94507	-5.8876	0	1	90	0	4.6562	1	9	3.6562	0	-7.3438	3	-1	1	1	0	0	0
10	426.18	-1.126	-5.3728	-1.126	-5.3728	0	1	90	0	4.6562	1	9	3.6562	0	-7.3438	3	-1	1	1	0	0	0
10	442.79	-1.2065	-5.0833	-1.2065	-5.0833	0	2	90	0	4.6562	1	9	3.6562	0	-7.3438	3	-1	1	1	0	0	0
10	459.41	-1.3472	-4.472	-1.3472	-4.472	0	2	90	0	4.6562	1	9	3.6562	0	-7.3438	3	-1	1	1	0	0	0
10	476	-1.4076	-4.1503	-1.4076	-4.1503	0	2	90	0	4.6562	1	9	3.6562	0	-7.3438	3	-1	1	1	0	0	0
10	492.56	-1.5282	-3.5068	-1.5282	-3.5068	0	2	90	0	4.6562	1	9	3.6562	0	-7.3438	3	-1	1	1	0	0	0
10	509.17	-1.6488	-2.8312	-1.6488	-2.8312	0	2	90	0	4.6562	1	9	3.6562	0	-7.3438	3	-1	1	1	0	1	0
10	525.75	-1.7494	-2.1556	-1.7494	-2.1556	0	2	90	0	4.6562	1	9	3.6562	0	-7.3438	3	-1	1	1	0	0	0
10	542.34	-1.8097	-1.8017	-1.8097	-1.8017	0	2	90	0	4.6562	1	9	3.6562	0	-7.3438	3	-1	1	1	0	0	0
10	558.98	-1.9102	-1.1582	-1.9102	-1.1582	0	2	90	0	4.6562	1	9	3.6562	0	-7.3438	3	-1	1	1	0	0	0
10	575.56	-1.9505	-0.83649	-1.9505	-0.83649	0	2	90	0	4.6562	1	9	3.6562	0	-7.3438	3	-1	1	1	0	0	0
10	592.17	-2.051	-0.19304	-2.051	-0.19304	0	2	90	0	4.6562	1	9	3.6562	0	-7.3438	3	-1	1	1	0	0	0
10	608.75	-2.1717	0.45042	-2.1717	0.45042	0	2	90	0	4.6562	1	9	3.6562	0	-7.3438	3	-1	1	1	0	0	0
10	625.34	-2.3124	1.0617	-2.3124	1.0617	0	2	90	0	4.6562	1	9	3.6562	0	-7.3438	3	-1	1	1	0	0	0
10	641.88	-2.3928	1.3834	-2.3928	1.3834	0	2	90	0	4.6562	1	9	3.6562	0	-7.3438	3	-1	1	1	0	0	0
10	658.5	-2.5537	1.9304	-2.5537	1.9304	0	2	90	0	4.6562	1	9	3.6562	0	-7.3438	3	-1	1	1	0	0	0
10	675.11	-2.6341	2.1877	-2.6341	2.1877	0	2	90	0	4.6562	1	9	3.6562	0	-7.3438	3	-1	1	1	0	0	0
10	691.68	-2.795	2.7025	-2.795	2.7025	0	2	90	0	4.6562	1	9	3.6562	0	-7.3438	3	-1	1	1	0	0	0
10	708.31	-2.976	3.1851	-2.976	3.1851	0	2	90	0	4.6562	1	9	3.6562	0	-7.3438	3	-1	1	1	0	0	0
10	724.92	-3.1368	3.6355	-3.1368	3.6355	0	2	90	0	4.6562	1	9	3.6562	0	-7.3438	3	-1	1	1	0	0	0
10	741.49	-3.2173	3.8285	-3.2173	3.8285	0	2	90	0	4.6562	1	9	3.6562	0	-7.3438	3	-1	1	1	0	0	0
10	758.06	-3.3781	4.1824	-3.3781	4.1824	0	2	90	0	4.6562	1	9	3.6562	0	-7.3438	3	-1	1	1	0	0	0
10	774.63	-3.4384	4.3111	-3.4384	4.3111	0	2	90	0	4.6562	1	9	3.6562	0	-7.3438	3	-1	1	0	0	0	0
10	791.23	-3.5993	4.6007	-3.5993	4.6007	0	2	90	0	4.6562	1	9	3.6562	0	-7.3438	3	-1	1	0	0	0	0
10	807.87	-3.6999	4.8581	-3.6999	4.8581	0	2	90	0	4.6562	1	9	3.6562	0	-7.3438	3	-1	1	0	0	0	0
10	824.47	-3.7602	4.9546	-3.7602	4.9546	0	2	90	0	4.6562	1	9	3.6562	0	-7.3438	3	-1	1	0	0	0	0
10	841.05	-3.8406	5.1154	-3.8406	5.1154	0	2	90	0	4.6562	1	9	3.6562	0	-7.3438	3	-1	1	0	0	0	0
10	857.63	-3.921	5.2441	-3.921	5.2441	0	2	90	0	4.6562	1	9	3.6562	0	-7.3438	3	-1	1	0	0	0	0
10	874.22	-3.9411	5.3085	-3.9411	5.3085	0	2	90	0	4.6562	1	9	3.6562	0	-7.3438	3	-1	1	0	0	0	0
10	890.83	-3.9814	5.3728	-3.9814	5.3728	0	2	90	0	4.6562	1	9	3.6562	0	-7.3438	3	-1	1	0	0	0	0
10	907.4	-4.0015	5.4372	-4.0015	5.4372	0	2	90	0	4.6562	1	9	3.6562	0	-7.3438	3	-1	1	0	0	0	0
10	924	-4.0216	5.4693	-4.0216	5.4693	0	2	90	0	4.6562	1	9	3.6562	0	-7.3438	3	-1	1	0	0	0	0
10	940.64	-4.0216	5.4693	-4.0216	5.4693	0	2	90	0	4.6562	1	9	3.6562	0	-7.3438	3	-1	1	0	0	0	0
10	957.2	-4.0216	5.4693	-4.0216	5.4693	0	3	90	0	4.6562	1	9	3.6562	0	-7.3438	3	-1	1	0	0	0	0
11	30.938	0.020108	-7.3675	0.020108	-7.3675	0	1	75	3.1058	4.2473	1	12.106	3.2474	0	-7.3438	3	-1	1	0	0	0	0
11	47.502	0.060324	-7.5284	0.060324	-7.5284	0	1	75	3.1058	4.2473	1	12.106	3.2474	0	-7.3438	3	-1	1	0	0	0	0
11	64.152	0.060324	-7.5284	0.060324	-7.5284	0	1	75	3.1058	4.2473	1	12.106	3.2474	0	-7.3438	3	-1	1	0	0	0	0
11	80.728	0.080432	-7.5284	0.080432	-7.5284	0	1	75	3.1058	4.2473	1	12.106	3.2474	0	-7.3438	3	-1	1	0	0	0	0
11	97.351	0.10054	-7.5284	0.10054	-7.5284	0	1	75	3.1058	4.2473	1	12.106	3.2474	0	-7.3438	3	-1	1	0	0	0	0
11	113.93	0.12065	-7.5284	0.12065	-7.5284	0	1	75	3.1058	4.2473	1	12.106	3.2474	0	-7.3438	3	-1	1	0	0	0	0
11	130.51	0.14076	-7.5284	0.14076	-7.5284	0	1	75	3.1058	4.2473	1	12.106	3.2474	0	-7.3438	3	-1	1	0	0	0	0
11	147.12	0.14076	-7.5284	0.14076	-7.5284	0	1	75	3.1058	4.2473	1	12.106	3.2474	0	-7.3438	3	-1	1	0	0	0	0
11	163.7	0.14076	-7.5284	0.14076	-7.5284	0	1	75	3.1058	4.2473	1	12.106	3.2474	0	-7.3438	3	-1	1	0	0	0	0
11	180.32	0.14076	-7.4962	0.14076	-7.4962	0	1	75	3.1058	4.2473	1	12.106	3.2474	0	-7.3438	3	-1	1	0	0	0	0
11	196.94	0.14076	-7.4962	0.14076	-7.4962	0	1	75	3.1058	4.2473	1	12.106	3.2474	0	-7.3438	3	-1	1	0	0	0	0
11	213.5	0.14076	-7.4962	0.14076	-7.4962	0	1	75	3.1058	4.2473	1	12.106	3.2474	0	-7.3438	3	-1	1	0	0	0	0
11	230.08	0.14076	-7.4962	0.14076	-7.4962	0	1	75	3.1058	4.2473	1	12.106	3.2474	0	-7.3438	3	-1	1	0	0	0	0
11	246.68	0.14076	-7.4962	0.14076	-7.4962	0	1	75	3.1058	4.2473	1	12.106	3.2474	0	-7.3438	3	-1	1	0	0	0	0
11	263.28	0.14076	-7.464	0.14076	-7.464	0	1	75	3.1058	4.2473	1	12.106	3.2474	0	-7.3438	3	-1	1	0	0	0	0
11	279.82	0.14076	-7.464	0.14076	-7.464	0	1	75	3.1058	4.2473	1	12.106	3.2474	0	-7.3438	3	-1	1	0	0	0	0
11	296.5	0.12065	-7.4319	0.12065	-7.4319	0	1	75	3.1058	4.2473	1	12.106	3.2474	0	-7.3438	3	-1	1	0	0	0	0
11	313.09	0.040216	-7.3354	0.040216	-7.3354	0	1	75	3.1058	4.2473	1	12.106	3.2474	0	-7.3438	3	-1	1	0	0	0	0
11	329.68	-0.10054	-7.078	-0.10054	-7.078	0	1	75	3.1058	4.2473	1	12.106	3.2474	0	-7.3438	3	-1	1	0	0	0	0
11	346.24	-0.2614	-6.7241	-0.2614	-6.7241	0	1	75	3.1058	4.2473	1	12.106	3.2474	0	-7.3438	3	-1	1	1	0	0	0
11	362.83	-0.36194	-6.4989	-0.36194	-6.4989	0	1	75	3.1058	4.2473	1	12.106	3.2474	0	-7.3438	3	-1	1	1	0	0	0
11	379.45	-0.54291	-6.0163	-0.54291	-6.0163	0	1	75	3.1058	4.2473	1	12.106	3.2474	0	-7.3438	3	-1	1	1	0	0	0
11	396.03	-0.64345	-5.7589	-0.64345	-5.7589	0	1	75	3.1058	4.2473	1	12.106	3.2474	0	-7.3438	3	-1	1	1	0	0	0
11	412.66	-0.86464	-5.1798	-0.86464	-5.1798	0	1	75	3.1058	4.2473	1	12.106	3.2474	0	-7.3438	3	-1	1	1	0	0	0
11	429.26	-0.96518	-4.8902	-0.96518	-4.8902	0	2	75	3.1058	4.2473	1	12.106	3.2474	0	-7.3438	3	-1	1	1	0	0	0
11	445.83	-1.3271	-3.8929	-1.3271	-3.8929	0	2	75	3.1058	4.2473	1	12.106	3.2474	0	-7.3438	3	-1	1	1	0	0	0
11	462.41	-1.4478	-3.539	-1.4478	-3.539	0	2	75	3.1058	4.2473	1	12.106	3.2474	0	-7.3438	3	-1	1	1	0	0	0
11	479	-1.6891	-2.8634	-1.6891	-2.8634	0	2	75	3.1058	4.2473	1	12.106	3.2474	0	-7.3438	3	-1	1	1	0	0	0
11	495.6	-1.8097	-2.5095	-1.8097	-2.5095	0	2	75	3.1058	4.2473	1	12.106	3.2474	0	-7.3438	3	-1	1	1	0	0	0
11	512.23	-2.051	-1.7695	-2.051	-1.7695	0	2	75	3.1058	4.2473	1	12.106	3.2474	0	-7.3438	3	-1	1	1	0	0	0
11	528.83	-2.1918	-1.3834	-2.1918	-1.3834	0	2	75	3.1058	4.2473	1	12.106	3.2474	0	-7.3438	3	-1	1	1	0	0	0
11	545.42	-2.4331	-0.67563	-2.4331	-0.67562	0	2	75	3.1058	4.2473	1	12.106	3.2474	0	-7.3438	3	-1	1	1	0	1	0
11	561.98	-2.6743	0.032173	-2.6743	0.032173	0	2	75	3.1058	4.2473	1	12.106	3.2474	0	-7.3438	3	-1	1	1	0	0	0
11	578.54	-2.9156	0.73997	-2.9156	0.73997	0	2	75	3.1058	4.2473	1	12.106	3.2474	0	-7.3438	3	-1	1	1	0	0	0
11	595.24	-3.0363	1.0939	-3.0363	1.0939	0	2	75	3.1058	4.2473	1	12.106	3.2474	0	-7.3438	3	-1	1	1	0	0	0
11	611.8	-3.2575	1.8017	-3.2575	1.8017	0	2	75	3.1058	4.2473	1	12.106	3.2474	0	-7.3438	3	-1	1	1	0	0	0
11	628.37	-3.358	2.1234	-3.358	2.1234	0	2	75	3.1058	4.2473	1	12.106	3.2474	0	-7.3438	3	-1	1	1	0	0	0
11	644.97	-3.539	2.7668	-3.539	2.7668	0	2	75	3.1058	4.2473	1	12.106	3.2474	0	-7.3438	3	-1	1	1	0	0	0
11	661.57	-3.72	3.3781	-3.72	3.3781	0	2	75	3.1058	4.2473	1	12.106	3.2474	0	-7.3438	3	-1	1	1	0	0	0
11	678.14	-3.8808	3.8929	-3.8808	3.8929	0	2	75	3.1058	4.2473	1	12.106	3.2474	0	-7.3438	3	-1	1	1	0	0	0
11	694.7	-3.9411	4.1503	-3.9411	4.1503	0	2	75	3.1058	4.2473	1	12.106	3.2474	0	-7.3438	3	-1	1	1	0	0	0
11	711.32	-4.0618	4.5363	-4.0618	4.5363	0	2	75	3.1058	4.2473	1	12.106	3.2474	0	-7.3438	3	-1	1	0	0	0	0
11	727.92	-4.102	4.7294	-4.102	4.7294	0	2	75	3.1058	4.2473	1	12.106	3.2474	0	-7.3438	3	-1	1	0	0	0	0
11	744.53	-4.2025	4.9868	-4.2025	4.9868	0	2	75	3.1058	4.2473	1	12.106	3.2474	0	-7.3438	3	-1	1	0	0	0	0
11	761.08	-4.2629	5.212	-4.2629	5.212	0	2	75	3.1058	4.2473	1	12.106	3.2474	0	-7.3438	3	-1	1	0	0	0	0
11	777.7	-4.3232	5.3407	-4.3232	5.3407	0	2	75	3.1058	4.2473	1	12.106	3.2474	0	-7.3438	3	-1	1	0	0	0	0
11	794.29	-4.3232	5.3728	-4.3232	5.3728	0	2	75	3.1058	4.2473	1	12.106	3.2474	0	-7.3438	3	-1	1	0	0	0	0
11	810.88	-4.3433	5.405	-4.3433	5.405	0	2	75	3.1058	4.2473	1	12.106	3.2474	0	-7.3438	3	-1	1	0	0	0	0
11	827.49	-4.3433	5.405	-4.3433	5.405	0	2	75	3.1058	4.2473	1	12.106	3.2474	0	-7.3438	3	-1	1	0	0	0	0
11	844.05	-4.3433	5.4372	-4.3433	5.4372	0	2	75	3.1058	4.2473	1	12.106	3.2474	0	-7.3438	3	-1	1	0	0	0	0
11	860.7	-4.3433	5.4372	-4.3433	5.4372	0	2	75	3.1058	4.2473	1	12.106	3.2474	0	-7.3438	3	-1	1	0	0	0	0
11	877.29	-4.3433	5.405	-4.3433	5.405	0	2	75	3.1058	4.2473	1	12.106	3.2474	0	-7.3438	3	-1	1	0	0	0	0
11	893.85	-4.3433	5.405	-4.3433	5.405	0	3	75	3.1058	4.2473	1	12.106	3.2474	0	-7.3438	3	-1	1	0	0	0	0
