0	18.534	-0.14076	-7.464	-0.14076	-7.464	0	1	75	3.1058	4.2473	-1	-5.8942	3.2474	0	-7.3438	3	-1	1	0	0	0	0
0	35.061	-0.16086	-7.464	-0.16086	-7.464	0	1	75	3.1058	4.2473	-1	-5.8942	3.2474	0	-7.3438	3	-1	1	0	0	0	0
0	51.688	-0.16086	-7.464	-0.16086	-7.464	0	1	75	3.1058	4.2473	-1	-5.8942	3.2474	0	-7.3438	3	-1	1	0	0	0	0
0	68.248	-0.16086	-7.464	-0.16086	-7.464	0	1	75	3.1058	4.2473	-1	-5.8942	3.2474	0	-7.3438	3	-1	1	0	0	0	0
0	84.92	-0.16086	-7.464	-0.16086	-7.464	0	1	75	3.1058	4.2473	-1	-5.8942	3.2474	0	-7.3438	3	-1	1	0	0	0	0
0	101.49	-0.16086	-7.464	-0.16086	-7.464	0	1	75	3.1058	4.2473	-1	-5.8942	3.2474	0	-7.3438	3	-1	1	0	0	0	0
0	118.08	-0.16086	-7.464	-0.16086	-7.464	0	1	75	3.1058	4.2473	-1	-5.8942	3.2474	0	-7.3438	3	-1	1	0	0	0	0
0	134.67	-0.16086	-7.464	-0.16086	-7.464	0	1	75	3.1058	4.2473	-1	-5.8942	3.2474	0	-7.3438	3	-1	1	0	0	0	0
0	151.22	-0.16086	-7.464	-0.16086	-7.464	0	1	75	3.1058	4.2473	-1	-5.8942	3.2474	0	-7.3438	3	-1	1	0	0	0	0
0	167.83	-0.16086	-7.464	-0.16086	-7.464	0	1	75	3.1058	4.2473	-1	-5.8942	3.2474	0	-7.3438	3	-1	1	0	0	0	0
0	184.48	-0.16086	-7.464	-0.16086	-7.464	0	1	75	3.1058	4.2473	-1	-5.8942	3.2474	0	-7.3438	3	-1	1	0	0	0	0
0	201.14	-0.16086	-7.464	-0.16086	-7.464	0	1	75	3.1058	4.2473	-1	-5.8942	3.2474	0	-7.3438	3	-1	1	0	0	0	0
0	217.68	-0.16086	-7.464	-0.16086	-7.464	0	1	75	3.1058	4.2473	-1	-5.8942	3.2474	0	-7.3438	3	-1	1	0	0	0	0
0	234.25	-0.16086	-7.464	-0.16086	-7.464	0	1	75	3.1058	4.2473	-1	-5.8942	3.2474	0	-7.3438	3	-1	1	0	0	0	0
0	250.76	-0.16086	-7.464	-0.16086	-7.464	0	1	75	3.1058	4.2473	-1	-5.8942	3.2474	0	-7.3438	3	-1	1	0	0	0	0
0	267.42	-0.16086	-7.464	-0.16086	-7.464	0	1	75	3.1058	4.2473	-1	-5.8942	3.2474	0	-7.3438	3	-1	1	0	0	0	0
0	284.04	-0.16086	-7.464	-0.16086	-7.464	0	1	75	3.1058	4.2473	-1	-5.8942	3.2474	0	-7.3438	3	-1	1	0	0	0	0
0	300.61	-0.16086	-7.464	-0.16086	-7.464	0	1	75	3.1058	4.2473	-1	-5.8942	3.2474	0	-7.3438	3	-1	1	0	0	0	0
0	317.28	-0.16086	-7.464	-0.16086	-7.464	0	1	75	3.1058	4.2473	-1	-5.8942	3.2474	0	-7.3438	3	-1	1	0	0	0	0
0	333.81	-0.16086	-7.464	-0.16086	-7.464	0	1	75	3.1058	4.2473	-1	-5.8942	3.2474	0	-7.3438	3	-1	1	0	0	0	0
0	350.36	-0.16086	-7.464	-0.16086	-7.464	0	1	75	3.1058	4.2473	-1	-5.8942	3.2474	0	-7.3438	3	-1	1	0	0	0	0
0	366.91	-0.16086	-7.464	-0.16086	-7.464	0	1	75	3.1058	4.2473	-1	-5.8942	3.2474	0	-7.3438	3	-1	1	0	0	0	0
0	383.53	-0.16086	-7.464	-0.16086	-7.464	0	1	75	3.1058	4.2473	-1	-5.8942	3.2474	0	-7.3438	3	-1	1	0	0	0	0
0	400.12	-0.16086	-7.464	-0.16086	-7.464	0	1	75	3.1058	4.2473	-1	-5.8942	3.2474	0	-7.3438	3	-1	1	0	0	0	0
0	416.75	-0.16086	-7.464	-0.16086	-7.464	0	1	75	3.1058	4.2473	-1	-5.8942	3.2474	0	-7.3438	3	-1	1	0	0	0	0
0	433.34	-0.18097	-7.464	-0.18097	-7.464	0	1	75	3.1058	4.2473	-1	-5.8942	3.2474	0	-7.3438	3	-1	1	0	0	0	0
0	449.95	-0.18097	-7.464	-0.18097	-7.464	0	1	75	3.1058	4.2473	-1	-5.8942	3.2474	0	-7.3438	3	-1	1	0	0	0	0
0	466.53	-0.18097	-7.464	-0.18097	-7.464	0	1	75	3.1058	4.2473	-1	-5.8942	3.2474	0	-7.3438	3	-1	1	0	0	0	0
0	483.13	-0.18097	-7.464	-0.18097	-7.464	0	1	75	3.1058	4.2473	-1	-5.8942	3.2474	0	-7.3438	3	-1	1	0	0	0	0
0	499.75	-0.18097	-7.464	-0.18097	-7.464	0	1	75	3.1058	4.2473	-1	-5.8942	3.2474	0	-7.3438	3	-1	1	0	0	0	0
0	516.3	-0.18097	-7.464	-0.18097	-7.464	0	1	75	3.1058	4.2473	-1	-5.8942	3.2474	0	-7.3438	3	-1	1	0	0	0	0
0	532.87	-0.18097	-7.464	-0.18097	-7.464	0	1	75	3.1058	4.2473	-1	-5.8942	3.2474	0	-7.3438	3	-1	1	0	0	0	0
0	549.55	-0.20108	-7.464	-0.20108	-7.464	0	1	75	3.1058	4.2473	-1	-5.8942	3.2474	0	-7.3438	3	-1	1	0	0	0	0
0	566.06	-0.20108	-7.464	-0.20108	-7.464	0	1	75	3.1058	4.2473	-1	-5.8942	3.2474	0	-7.3438	3	-1	1	0	0	0	0
0	582.68	-0.20108	-7.464	-0.20108	-7.464	0	1	75	3.1058	4.2473	-1	-5.8942	3.2474	0	-7.3438	3	-1	1	0	0	0	0
0	599.3	-0.20108	-7.464	-0.20108	-7.464	0	1	75	3.1058	4.2473	-1	-5.8942	3.2474	0	-7.3438	3	-1	1	0	0	0	0
0	615.89	-0.18097	-7.464	-0.18097	-7.464	0	1	75	3.1058	4.2473	-1	-5.8942	3.2474	0	-7.3438	3	-1	1	0	0	0	0
0	632.47	-0.18097	-7.464	-0.18097	-7.464	0	1	75	3.1058	4.2473	-1	-5.8942	3.2474	0	-7.3438	3	-1	1	0	0	0	0
0	649.08	-0.18097	-7.464	-0.18097	-7.464	0	1	75	3.1058	4.2473	-1	-5.8942	3.2474	0	-7.3438	3	-1	1	0	0	0	0
0	665.64	-0.18097	-7.464	-0.18097	-7.464	0	1	75	3.1058	4.2473	-1	-5.8942	3.2474	0	-7.3438	3	-1	1	0	0	0	0
0	682.23	-0.18097	-7.464	-0.18097	-7.464	0	1	75	3.1058	4.2473	-1	-5.8942	3.2474	0	-7.3438	3	-1	1	0	0	0	0
0	698.89	-0.18097	-7.464	-0.18097	-7.464	0	1	75	3.1058	4.2473	-1	-5.8942	3.2474	0	-7.3438	3	-1	1	1	0	0	0
0	715.47	-0.18097	-7.464	-0.18097	-7.464	0	1	75	3.1058	4.2473	-1	-5.8942	3.2474	0	-7.3438	3	-1	1	1	0	0	0
0	732	-0.18097	-7.464	-0.18097	-7.464	0	1	75	3.1058	4.2473	-1	-5.8942	3.2474	0	-7.3438	3	-1	1	1	0	0	0
0	748.67	-0.18097	-7.464	-0.18097	-7.464	0	1	75	3.1058	4.2473	-1	-5.8942	3.2474	0	-7.3438	3	-1	1	1	0	0	0
0	765.26	-0.18097	-7.464	-0.18097	-7.464	0	1	75	3.1058	4.2473	-1	-5.8942	3.2474	0	-7.3438	3	-1	1	1	0	0	0
0	781.87	-0.18097	-7.464	-0.18097	-7.464	0	1	75	3.1058	4.2473	-1	-5.8942	3.2474	0	-7.3438	3	-1	1	1	0	0	0
0	798.46	-0.18097	-7.464	-0.18097	-7.464	0	1	75	3.1058	4.2473	-1	-5.8942	3.2474	0	-7.3438	3	-1	1	1	0	0	0
0	815.02	-0.18097	-7.464	-0.18097	-7.464	0	1	75	3.1058	4.2473	-1	-5.8942	3.2474	0	-7.3438	3	-1	1	1	0	0	0
0	831.58	-0.18097	-7.464	-0.18097	-7.464	0	1	75	3.1058	4.2473	-1	-5.8942	3.2474	0	-7.3438	3	-1	1	1	0	0	0
0	848.2	-0.18097	-7.4319	-0.18097	-7.4319	0	1	75	3.1058	4.2473	-1	-5.8942	3.2474	0	-7.3438	3	-1	1	1	0	0	0
0	864.84	-0.16086	-7.3997	-0.16086	-7.3997	0	1	75	3.1058	4.2473	-1	-5.8942	3.2474	0	-7.3438	3	-1	1	1	0	0	0
0	881.33	-0.10054	-7.271	-0.10054	-7.271	0	1	75	3.1058	4.2473	-1	-5.8942	3.2474	0	-7.3438	3	-1	1	1	0	0	0
0	898.06	-0.080432	-7.1423	-0.080432	-7.1423	0	1	75	3.1058	4.2473	-1	-5.8942	3.2474	0	-7.3438	3	-1	1	1	0	0	0
0	914.69	0.040216	-6.7562	0.040216	-6.7562	0	1	75	3.1058	4.2473	-1	-5.8942	3.2474	0	-7.3438	3	-1	1	1	0	0	0
0	931.35	0.10054	-6.5632	0.10054	-6.5632	0	1	75	3.1058	4.2473	-1	-5.8942	3.2474	0	-7.3438	3	-1	1	1	0	0	0
0	947.94	0.22119	-6.1128	0.22119	-6.1128	0	1	75	3.1058	4.2473	-1	-5.8942	3.2474	0	-7.3438	3	-1	1	1	0	0	0
0	964.5	0.36194	-5.7267	0.36194	-5.7267	0	1	75	3.1058	4.2473	-1	-5.8942	3.2474	0	-7.3438	3	-1	1	1	0	0	0
0	981.14	0.44237	-5.5337	0.44237	-5.5337	0	1	75	3.1058	4.2473	-1	-5.8942	3.2474	0	-7.3438	3	-1	1	1	0	0	0
0	997.73	0.62334	-5.0511	0.62334	-5.0511	0	1	75	3.1058	4.2473	-1	-5.8942	3.2474	0	-7.3438	3	-1	1	1	0	0	0
0	1014.3	0.86464	-4.5042	0.86464	-4.5042	0	2	75	3.1058	4.2473	-1	-5.8942	3.2474	0	-7.3438	3	-1	1	1	0	0	0
0	1030.9	1.0054	-4.2146	1.0054	-4.2146	0	2	75	3.1058	4.2473	-1	-5.8942	3.2474	0	-7.3438	3	-1	1	1	0	0	0
0	1047.5	1.2869	-3.6033	1.2869	-3.6033	0	2	75	3.1058	4.2473	-1	-5.8942	3.2474	0	-7.3438	3	-1	1	1	0	0	0
0	1064.1	1.5885	-2.9599	1.5885	-2.9599	0	2	75	3.1058	4.2473	-1	-5.8942	3.2474	0	-7.3438	3	-1	1	1	0	0	0
0	1080.7	1.7293	-2.6703	1.7293	-2.6703	0	2	75	3.1058	4.2473	-1	-5.8942	3.2474	0	-7.3438	3	-1	1	1	0	1	0
0	1097.3	2.0309	-2.059	2.0309	-2.059	0	2	75	3.1058	4.2473	-1	-5.8942	3.2474	0	-7.3438	3	-1	1	1	0	0	0
0	1113.9	2.3124	-1.4478	2.3124	-1.4478	0	2	75	3.1058	4.2473	-1	-5.8942	3.2474	0	-7.3438	3	-1	1	1	0	0	0
0	1130.5	2.4733	-1.126	2.4733	-1.126	0	2	75	3.1058	4.2473	-1	-5.8942	3.2474	0	-7.3438	3	-1	1	1	0	0	0
0	1147.1	2.7548	-0.54693	2.7548	-0.54693	0	2	75	3.1058	4.2473	-1	-5.8942	3.2474	0	-7.3438	3	-1	1	1	0	0	0
0	1163.7	3.0363	0	3.0363	0	0	2	75	3.1058	4.2473	-1	-5.8942	3.2474	0	-7.3438	3	-1	1	1	0	0	0
0	1180.2	3.1569	0.25738	3.1569	0.25738	0	2	75	3.1058	4.2473	-1	-5.8942	3.2474	0	-7.3438	3	-1	1	1	0	0	0
0	1196.8	3.3982	0.73997	3.3982	0.73997	0	2	75	3.1058	4.2473	-1	-5.8942	3.2474	0	-7.3438	3	-1	1	1	0	0	0
0	1213.4	3.5993	1.1582	3.5993	1.1582	0	2	75	3.1058	4.2473	-1	-5.8942	3.2474	0	-7.3438	3	-1	1	1	0	0	0
0	1230.1	3.6797	1.3513	3.6797	1.3512	0	2	75	3.1058	4.2473	-1	-5.8942	3.2474	0	-7.3438	3	-1	1	1	0	0	0
0	1246.7	3.8004	1.7051	3.8004	1.7051	0	2	75	3.1058	4.2473	-1	-5.8942	3.2474	0	-7.3438	3	-1	1	1	0	0	0
0	1263.2	3.9009	2.0269	3.9009	2.0269	0	2	75	3.1058	4.2473	-1	-5.8942	3.2474	0	-7.3438	3	-1	1	1	0	0	0
0	1279.8	3.9411	2.1556	3.9411	2.1556	0	2	75	3.1058	4.2473	-1	-5.8942	3.2474	0	-7.3438	3	-1	1	1	0	0	0
0	1296.4	4.0015	2.4129	4.0015	2.4129	0	2	75	3.1058	4.2473	-1	-5.8942	3.2474	0	-7.3438	3	-1	1	1	0	0	0
0	1313	4.0417	2.6382	4.0417	2.6382	0	2	75	3.1058	4.2473	-1	-5.8942	3.2474	0	-7.3438	3	-1	1	1	0	0	0
0	1329.6	4.0618	2.7347	4.0618	2.7347	0	2	75	3.1058	4.2473	-1	-5.8942	3.2474	0	-7.3438	3	-1	1	1	0	0	0
0	1346.2	4.0819	2.9599	4.0819	2.9599	0	2	75	3.1058	4.2473	-1	-5.8942	3.2474	0	-7.3438	3	-1	1	1	0	0	0
0	1362.8	4.102	3.0564	4.102	3.0564	0	2	75	3.1058	4.2473	-1	-5.8942	3.2474	0	-7.3438	3	-1	1	1	0	0	0
0	1379.4	4.102	3.2494	4.102	3.2494	0	2	75	3.1058	4.2473	-1	-5.8942	3.2474	0	-7.3438	3	-1	1	1	0	0	0
0	1396	4.0819	3.3781	4.0819	3.3781	0	2	75	3.1058	4.2473	-1	-5.8942	3.2474	0	-7.3438	3	-1	1	0	0	0	0
0	1412.6	4.0819	3.4425	4.0819	3.4425	0	2	75	3.1058	4.2473	-1	-5.8942	3.2474	0	-7.3438	3	-1	1	0	0	0	0
0	1429.2	4.0618	3.539	4.0618	3.539	0	2	75	3.1058	4.2473	-1	-5.8942	3.2474	0	-7.3438	3	-1	1	0	0	0	0
0	1445.8	4.0618	3.6033	4.0618	3.6033	0	2	75	3.1058	4.2473	-1	-5.8942	3.2474	0	-7.3438	3	-1	1	0	0	0	0
0	1462.4	4.0618	3.6677	4.0618	3.6677	0	3	75	3.1058	4.2473	-1	-5.8942	3.2474	0	-7.3438	3	-1	1	0	0	0	0
1	30.15	-0.44237	-7.5284	-0.44237	-7.5284	0	1	90	0	4.6562	-1	-9	3.6562	0	-7.3438	3	-1	1	0	0	0	0
1	46.733	-0.40216	-7.5606	-0.40216	-7.5606	0	1	90	0	4.6562	-1	-9	3.6562	0	-7.3438	3	-1	1	0	0	0	0
1	63.304	-0.38205	-7.5606	-0.38205	-7.5606	0	1	90	0	4.6562	-1	-9	3.6562	0	-7.3438	3	-1	1	0	0	0	0
1	79.889	-0.38205	-7.5606	-0.38205	-7.5606	0	1	90	0	4.6562	-1	-9	3.6562	0	-7.3438	3	-1	1	0	0	0	0
1	96.489	-0.38205	-7.5606	-0.38205	-7.5606	0	1	90	0	4.6562	-1	-9	3.6562	0	-7.3438	3	-1	1	0	0	0	0
1	113.02	-0.38205	-7.5927	-0.38205	-7.5927	0	1	90	0	4.6562	-1	-9	3.6562	0	-7.3438	3	-1	1	0	0	0	0
1	129.68	-0.38205	-7.5927	-0.38205	-7.5927	0	1	90	0	4.6562	-1	-9	3.6562	0	-7.3438	3	-1	1	0	0	0	0
1	146.3	-0.38205	-7.5927	-0.38205	-7.5927	0	1	90	0	4.6562	-1	-9	3.6562	0	-7.3438	3	-1	1	0	0	0	0
1	162.88	-0.36194	-7.5927	-0.36194	-7.5927	0	1	90	0	4.6562	-1	-9	3.6562	0	-7.3438	3	-1	1	0	0	0	0
1	179.44	-0.34183	-7.6249	-0.34183	-7.6249	0	1	90	0	4.6562	-1	-9	3.6562	0	-7.3438	3	-1	1	0	0	0	0
1	196.06	-0.28151	-7.6571	-0.28151	-7.6571	0	1	90	0	4.6562	-1	-9	3.6562	0	-7.3438	3	-1	1	0	0	0	0
1	212.65	-0.22119	-7.6571	-0.22119	-7.6571	0	1	90	0	4.6562	-1	-9	3.6562	0	-7.3438	3	-1	1	0	0	0	0
1	229.24	-0.20108	-7.6893	-0.20108	-7.6893	0	1	90	0	4.6562	-1	-9	3.6562	0	-7.3438	3	-1	1	0	0	0	0
1	245.84	-0.18097	-7.6893	-0.18097	-7.6893	0	1	90	0	4.6562	-1	-9	3.6562	0	-7.3438	3	-1	1	0	0	0	0
1	262.45	-0.18097	-7.6893	-0.18097	-7.6893	0	1	90	0	4.6562	-1	-9	3.6562	0	-7.3438	3	-1	1	0	0	0	0
1	279.01	-0.18097	-7.6893	-0.18097	-7.6893	0	1	90	0	4.6562	-1	-9	3.6562	0	-7.3438	3	-1	1	0	0	0	0
1	295.64	-0.18097	-7.6893	-0.18097	-7.6893	0	1	90	0	4.6562	-1	-9	3.6562	0	-7.3438	3	-1	1	0	0	0	0
1	312.21	-0.18097	-7.6893	-0.18097	-7.6893	0	1	90	0	4.6562	-1	-9	3.6562	0	-7.3438	3	-1	1	0	0	0	0
1	328.76	-0.16086	-7.6893	-0.16086	-7.6893	0	1	90	0	4.6562	-1	-9	3.6562	0	-7.3438	3	-1	1	0	0	0	0
1	345.38	-0.16086	-7.6893	-0.16086	-7.6893	0	1	90	0	4.6562	-1	-9	3.6562	0	-7.3438	3	-1	1	0	0	0	0
1	362.04	-0.16086	-7.6893	-0.16086	-7.6893	0	1	90	0	4.6562	-1	-9	3.6562	0	-7.3438	3	-1	1	0	0	0	0
1	378.61	-0.16086	-7.6893	-0.16086	-7.6893	0	1	90	0	4.6562	-1	-9	3.6562	0	-7.3438	3	-1	1	0	0	0	0
1	395.16	-0.16086	-7.6893	-0.16086	-7.6893	0	1	90	0	4.6562	-1	-9	3.6562	0	-7.3438	3	-1	1	0	0	0	0
1	411.77	-0.16086	-7.6893	-0.16086	-7.6893	0	1	90	0	4.6562	-1	-9	3.6562	0	-7.3438	3	-1	1	0	0	0	0
1	428.33	-0.16086	-7.6893	-0.16086	-7.6893	0	1	90	0	4.6562	-1	-9	3.6562	0	-7.3438	3	-1	1	0	0	0	0
1	444.97	-0.16086	-7.7214	-0.16086	-7.7214	0	1	90	0	4.6562	-1	-9	3.6562	0	-7.3438	3	-1	1	0	0	0	0
1	461.54	-0.16086	-7.7214	-0.16086	-7.7214	0	1	90	0	4.6562	-1	-9	3.6562	0	-7.3438	3	-1	1	0	0	0	0
1	478.17	-0.16086	-7.7214	-0.16086	-7.7214	0	1	90	0	4.6562	-1	-9	3.6562	0	-7.3438	3	-1	1	0	0	0	0
1	494.77	-0.16086	-7.7214	-0.16086	-7.7214	0	1	90	0	4.6562	-1	-9	3.6562	0	-7.3438	3	-1	1	1	0	0	0
1	511.36	-0.16086	-7.7214	-0.16086	-7.7214	0	1	90	0	4.6562	-1	-9	3.6562	0	-7.3438	3	-1	1	1	0	0	0
1	527.93	-0.16086	-7.6893	-0.16086	-7.6893	0	1	90	0	4.6562	-1	-9	3.6562	0	-7.3438	3	-1	1	1	0	0	0
1	544.53	-0.18097	-7.6893	-0.18097	-7.6893	0	1	90	0	4.6562	-1	-9	3.6562	0	-7.3438	3	-1	1	1	0	0	0
1	561.1	-0.18097	-7.6893	-0.18097	-7.6893	0	1	90	0	4.6562	-1	-9	3.6562	0	-7.3438	3	-1	1	1	0	0	0
1	577.75	-0.18097	-7.6893	-0.18097	-7.6893	0	1	90	0	4.6562	-1	-9	3.6562	0	-7.3438	3	-1	1	1	0	0	0
1	594.32	-0.18097	-7.6571	-0.18097	-7.6571	0	1	90	0	4.6562	-1	-9	3.6562	0	-7.3438	3	-1	1	1	0	0	0
1	610.92	-0.20108	-7.6249	-0.20108	-7.6249	0	1	90	0	4.6562	-1	-9	3.6562	0	-7.3438	3	-1	1	1	0	0	0
1	627.52	-0.20108	-7.5927	-0.20108	-7.5927	0	1	90	0	4.6562	-1	-9	3.6562	0	-7.3438	3	-1	1	1	0	0	0
1	644.09	-0.22119	-7.5606	-0.22119	-7.5606	0	1	90	0	4.6562	-1	-9	3.6562	0	-7.3438	3	-1	1	1	0	0	0
1	660.66	-0.24129	-7.4962	-0.24129	-7.4962	0	1	90	0	4.6562	-1	-9	3.6562	0	-7.3438	3	-1	1	1	0	0	0
1	677.4	-0.32173	-7.3997	-0.32173	-7.3997	0	1	90	0	4.6562	-1	-9	3.6562	0	-7.3438	3	-1	1	1	0	0	0
1	693.91	-0.42227	-7.1745	-0.42227	-7.1745	0	1	90	0	4.6562	-1	-9	3.6562	0	-7.3438	3	-1	1	1	0	0	0
1	710.5	-0.46248	-7.0136	-0.46248	-7.0136	0	1	90	0	4.6562	-1	-9	3.6562	0	-7.3438	3	-1	1	1	0	0	0
1	727.11	-0.54291	-6.6597	-0.54291	-6.6597	0	1	90	0	4.6562	-1	-9	3.6562	0	-7.3438	3	-1	1	1	0	0	0
1	743.68	-0.62334	-6.2093	-0.62334	-6.2093	0	1	90	0	4.6562	-1	-9	3.6562	0	-7.3438	3	-1	1	1	0	0	0
1	760.25	-0.66356	-5.9519	-0.66356	-5.9519	0	1	90	0	4.6562	-1	-9	3.6562	0	-7.3438	3	-1	1	1	0	0	0
1	776.8	-0.7641	-5.4372	-0.7641	-5.4372	0	1	90	0	4.6562	-1	-9	3.6562	0	-7.3438	3	-1	1	1	0	0	0
1	793.42	-0.84453	-4.8581	-0.84453	-4.8581	0	2	90	0	4.6562	-1	-9	3.6562	0	-7.3438	3	-1	1	1	0	0	0
1	810.07	-0.86464	-4.5363	-0.86464	-4.5363	0	2	90	0	4.6562	-1	-9	3.6562	0	-7.3438	3	-1	1	1	0	0	0
1	826.64	-0.92496	-3.8607	-0.92496	-3.8607	0	2	90	0	4.6562	-1	-9	3.6562	0	-7.3438	3	-1	1	1	0	0	0
1	843.19	-0.94507	-3.1207	-0.94507	-3.1207	0	2	90	0	4.6562	-1	-9	3.6562	0	-7.3438	3	-1	1	1	0	0	0
1	859.77	-0.96518	-2.7668	-0.96518	-2.7668	0	2	90	0	4.6562	-1	-9	3.6562	0	-7.3438	3	-1	1	1	0	0	0
1	876.38	-0.98529	-2.0269	-0.98529	-2.0269	0	2	90	0	4.6562	-1	-9	3.6562	0	-7.3438	3	-1	1	1	0	1	0
1	893	-1.0054	-1.2869	-1.0054	-1.2869	0	2	90	0	4.6562	-1	-9	3.6562	0	-7.3438	3	-1	1	1	0	0	0
1	909.56	-1.0255	-0.90083	-1.0255	-0.90083	0	2	90	0	4.6562	-1	-9	3.6562	0	-7.3438	3	-1	1	1	0	0	0
1	926.19	-1.0255	-0.16086	-1.0255	-0.16086	0	2	90	0	4.6562	-1	-9	3.6562	0	-7.3438	3	-1	1	1	0	0	0
1	942.8	-1.0255	0.54693	-1.0255	0.54693	0	2	90	0	4.6562	-1	-9	3.6562	0	-7.3438	3	-1	1	1	0	0	0
1	959.33	-1.0255	0.90083	-1.0255	0.90083	0	2	90	0	4.6562	-1	-9	3.6562	0	-7.3438	3	-1	1	1	0	0	0
1	975.97	-1.0456	1.5443	-1.0456	1.5443	0	2	90	0	4.6562	-1	-9	3.6562	0	-7.3438	3	-1	1	1	0	0	0
1	992.57	-1.0456	1.8338	-1.0456	1.8338	0	2	90	0	4.6562	-1	-9	3.6562	0	-7.3438	3	-1	1	1	0	0	0
1	1009.2	-1.0255	2.4129	-1.0255	2.4129	0	2	90	0	4.6562	-1	-9	3.6562	0	-7.3438	3	-1	1	1	0	0	0
1	1025.8	-1.0054	2.9277	-1.0054	2.9277	0	2	90	0	4.6562	-1	-9	3.6562	0	-7.3438	3	-1	1	1	0	0	0
1	1042.4	-0.98529	3.3781	-0.98529	3.3781	0	2	90	0	4.6562	-1	-9	3.6562	0	-7.3438	3	-1	1	1	0	0	0
1	1059	-0.96518	3.6033	-0.96518	3.6033	0	2	90	0	4.6562	-1	-9	3.6562	0	-7.3438	3	-1	1	1	0	0	0
1	1075.5	-0.96518	3.9894	-0.96518	3.9894	0	2	90	0	4.6562	-1	-9	3.6562	0	-7.3438	3	-1	1	1	0	0	0
1	1092.1	-0.96518	4.1503	-0.96518	4.1503	0	2	90	0	4.6562	-1	-9	3.6562	0	-7.3438	3	-1	1	1	0	0	0
1	1108.7	-0.96518	4.4076	-0.96518	4.4076	0	2	90	0	4.6562	-1	-9	3.6562	0	-7.3438	3	-1	1	1	0	0	0
1	1125.3	-0.96518	4.6329	-0.96518	4.6329	0	2	90	0	4.6562	-1	-9	3.6562	0	-7.3438	3	-1	1	1	0	0	0
1	1141.9	-0.96518	4.8259	-0.96518	4.8259	0	2	90	0	4.6562	-1	-9	3.6562	0	-7.3438	3	-1	1	1	0	0	0
1	1158.5	-0.96518	4.9224	-0.96518	4.9224	0	2	90	0	4.6562	-1	-9	3.6562	0	-7.3438	3	-1	1	1	0	0	0
1	1175.1	-0.98529	5.0833	-0.98529	5.0833	0	2	90	0	4.6562	-1	-9	3.6562	0	-7.3438	3	-1	1	1	0	0	0
1	1191.7	-0.98529	5.1476	-0.98529	5.1476	0	2	90	0	4.6562	-1	-9	3.6562	0	-7.3438	3	-1	1	1	0	0	0
1	1208.3	-0.98529	5.3085	-0.98529	5.3085	0	2	90	0	4.6562	-1	-9	3.6562	0	-7.3438	3	-1	1	0	0	0	0
1	1224.9	-0.98529	5.4693	-0.98529	5.4693	0	2	90	0	4.6562	-1	-9	3.6562	0	-7.3438	3	-1	1	0	0	0	0
1	1241.4	-0.96518	5.6302	-0.96518	5.6302	0	2	90	0	4.6562	-1	-9	3.6562	0	-7.3438	3	-1	1	0	0	0	0
1	1258.1	-0.96518	5.7267	-0.96518	5.7267	0	2	90	0	4.6562	-1	-9	3.6562	0	-7.3438	3	-1	1	0	0	0	0
1	1274.7	-0.96518	5.8876	-0.96518	5.8876	0	2	90	0	4.6562	-1	-9	3.6562	0	-7.3438	3	-1	1	0	0	0	0
1	1291.3	-0.96518	5.9519	-0.96518	5.9519	0	3	90	0	4.6562	-1	-9	3.6562	0	-7.3438	3	-1	1	0	0	0	0
1	1722.7	-1.2467	3.4425	-1.2467	3.4425	0	2	90	0	4.6562	-1	-9	3.6562	0	-7.3438	3	-1	1	0	0	0	0
1	1739.2	-1.2869	3.0564	-1.2869	3.0564	0	2	90	0	4.6562	-1	-9	3.6562	0	-7.3438	3	-1	1	0	0	0	0
1	1755.9	-1.3472	2.3164	-1.3472	2.3164	0	2	90	0	4.6562	-1	-9	3.6562	0	-7.3438	3	-1	1	0	0	0	0
1	1772.5	-1.3673	1.9625	-1.3673	1.9625	0	2	90	0	4.6562	-1	-9	3.6562	0	-7.3438	3	-1	1	0	0	0	0
1	1789.1	-1.3673	1.1904	-1.3673	1.1904	0	2	90	0	4.6562	-1	-9	3.6562	0	-7.3438	3	-1	1	0	0	0	0
1	1805.7	-1.3271	0.45042	-1.3271	0.45042	0	2	90	0	4.6562	-1	-9	3.6562	0	-7.3438	3	-1	1	0	0	0	0
1	1822.3	-1.307	0.064345	-1.307	0.064345	0	2	90	0	4.6562	-1	-9	3.6562	0	-7.3438	3	-1	1	0	0	0	0
1	1838.9	-1.2467	-0.67563	-1.2467	-0.67562	0	2	90	0	4.6562	-1	-9	3.6562	0	-7.3438	3	-1	1	0	0	0	0
1	1855.5	-1.2065	-1.3834	-1.2065	-1.3834	0	2	90	0	4.6562	-1	-9	3.6562	0	-7.3438	3	-1	1	0	0	0	0
1	1872	-1.2065	-1.7695	-1.2065	-1.7695	0	2	90	0	4.6562	-1	-9	3.6562	0	-7.3438	3	-1	1	0	0	0	0
1	1888.6	-1.1864	-2.4773	-1.1864	-2.4773	0	2	90	0	4.6562	-1	-9	3.6562	0	-7.3438	3	-1	1	0	0	0	0
1	1905.3	-1.1461	-3.1207	-1.1461	-3.1207	0	2	90	0	4.6562	-1	-9	3.6562	0	-7.3438	3	-1	1	0	0	0	0
1	1921.9	-1.126	-3.4425	-1.126	-3.4425	0	2	90	0	4.6562	-1	-9	3.6562	0	-7.3438	3	-1	1	0	0	0	0
1	1938.5	-1.0858	-4.0537	-1.0858	-4.0537	0	2	90	0	4.6562	-1	-9	3.6562	0	-7.3438	3	-1	1	0	0	0	0
1	1955	-1.0456	-4.5685	-1.0456	-4.5685	0	2	90	0	4.6562	-1	-9	3.6562	0	-7.3438	3	-1	1	0	0	0	0
1	1971.6	-1.0255	-4.8259	-1.0255	-4.8259	0	2	90	0	4.6562	-1	-9	3.6562	0	-7.3438	3	-1	1	0	0	0	0
1	1988.2	-0.96518	-5.2763	-0.96518	-5.2763	0	2	90	0	4.6562	-1	-9	3.6562	0	-7.3438	3	-1	1	0	0	0	0
1	2004.8	-0.90485	-5.6946	-0.90485	-5.6946	0	2	90	0	4.6562	-1	-9	3.6562	0	-7.3438	3	-1	1	0	0	0	0
1	2021.4	-0.86464	-5.8554	-0.86464	-5.8554	0	2	90	0	4.6562	-1	-9	3.6562	0	-7.3438	3	-1	1	0	0	0	0
1	2038	-0.82442	-6.2415	-0.82442	-6.2415	0	2	90	0	4.6562	-1	-9	3.6562	0	-7.3438	3	-1	1	0	0	0	0
1	2054.6	-0.78421	-6.5632	-0.78421	-6.5632	0	2	90	0	4.6562	-1	-9	3.6562	0	-7.3438	3	-1	1	0	0	0	0
1	2071.1	-0.7641	-6.7241	-0.7641	-6.7241	0	2	90	0	4.6562	-1	-9	3.6562	0	-7.3438	3	-1	1	0	0	0	0
1	2087.8	-0.7641	-7.0136	-0.7641	-7.0136	0	2	90	0	4.6562	-1	-9	3.6562	0	-7.3438	3	-1	1	0	0	0	0
1	2104.4	-0.74399	-7.1101	-0.74399	-7.1101	0	2	90	0	4.6562	-1	-9	3.6562	0	-7.3438	3	-1	1	0	0	0	0
1	2121	-0.74399	-7.1745	-0.74399	-7.1745	0	2	90	0	4.6562	-1	-9	3.6562	0	-7.3438	3	-1	1	0	0	0	0
1	2137.5	-0.70378	-7.2067	-0.70378	-7.2067	0	2	90	0	4.6562	-1	-9	3.6562	0	-7.3438	3	-1	1	0	0	0	0
1	2154.2	-0.66356	-7.271	-0.66356	-7.271	0	2	90	0	4.6562	-1	-9	3.6562	0	-7.3438	3	-1	1	0	0	0	0
1	2170.8	-0.64345	-7.271	-0.64345	-7.271	0	2	90	0	4.6562	-1	-9	3.6562	0	-7.3438	3	-1	1	0	0	0	0
1	2187.3	-0.60324	-7.3354	-0.60324	-7.3354	0	2	90	0	4.6562	-1	-9	3.6562	0	-7.3438	3	-1	1	0	0	0	0
1	2203.9	-0.58313	-7.3354	-0.58313	-7.3354	0	2	90	0	4.6562	-1	-9	3.6562	0	-7.3438	3	-1	1	0	0	0	0
1	2220.5	-0.54291	-7.3675	-0.54291	-7.3675	0	2	90	0	4.6562	-1	-9	3.6562	0	-7.3438	3	-1	1	0	0	0	0
1	2237.1	-0.52281	-7.3997	-0.52281	-7.3997	0	2	90	0	4.6562	-1	-9	3.6562	0	-7.3438	3	-1	1	0	0	0	0
1	2253.8	-0.48259	-7.4319	-0.48259	-7.4319	0	2	90	0	4.6562	-1	-9	3.6562	0	-7.3438	3	-1	1	0	0	0	0
1	2270.3	-0.46248	-7.464	-0.46248	-7.464	0	2	90	0	4.6562	-1	-9	3.6562	0	-7.3438	3	-1	1	0	0	0	0
1	2286.9	-0.44237	-7.464	-0.44237	-7.464	0	2	90	0	4.6562	-1	-9	3.6562	0	-7.3438	3	-1	1	0	0	0	0
1	2303.5	-0.44237	-7.4962	-0.44237	-7.4962	0	2	90	0	4.6562	-1	-9	3.6562	0	-7.3438	3	-1	1	0	0	0	0
1	2320.1	-0.42227	-7.4962	-0.42227	-7.4962	0	2	90	0	4.6562	-1	-9	3.6562	0	-7.3438	3	-1	1	0	0	0	0
1	2336.7	-0.42227	-7.4962	-0.42227	-7.4962	0	2	90	0	4.6562	-1	-9	3.6562	0	-7.3438	3	-1	1	0	0	0	0
1	2353.3	-0.40216	-7.4962	-0.40216	-7.4962	0	2	90	0	4.6562	-1	-9	3.6562	0	-7.3438	3	-1	1	0	0	0	0
1	2369.9	-0.40216	-7.5284	-0.40216	-7.5284	0	2	90	0	4.6562	-1	-9	3.6562	0	-7.3438	3	-1	1	0	0	0	0
1	2386.5	-0.40216	-7.5284	-0.40216	-7.5284	0	2	90	0	4.6562	-1	-9	3.6562	0	-7.3438	3	-1	1	0	0	0	0
1	2403.1	-0.40216	-7.5284	-0.40216	-7.5284	0	2	90	0	4.6562	-1	-9	3.6562	0	-7.3438	3	-1	1	0	0	0	0
1	2419.7	-0.38205	-7.5284	-0.38205	-7.5284	0	2	90	0	4.6562	-1	-9	3.6562	0	-7.3438	3	-1	1	0	0	0	0
1	2436.2	-0.38205	-7.5284	-0.38205	-7.5284	0	2	90	0	4.6562	-1	-9	3.6562	0	-7.3438	3	-1	1	0	0	0	0
1	2452.8	-0.34183	-7.4962	-0.34183	-7.4962	0	2	90	0	4.6562	-1	-9	3.6562	0	-7.3438	3	-1	1	0	0	0	0
1	2469.4	-0.32173	-7.464	-0.32173	-7.464	0	2	90	0	4.6562	-1	-9	3.6562	0	-7.3438	3	-1	1	0	0	0	0
1	2486	-0.24129	-7.3032	-0.24129	-7.3032	0	2	90	0	4.6562	-1	-9	3.6562	0	-7.3438	3	-1	1	0	0	0	0
1	2502.6	-0.22119	-7.1423	-0.22119	-7.1423	0	2	90	0	4.6562	-1	-9	3.6562	0	-7.3438	3	-1	1	0	0	0	0
1	2519.1	-0.20108	-6.6919	-0.20108	-6.6919	0	2	90	0	4.6562	-1	-9	3.6562	0	-7.3438	3	-1	1	0	0	0	0
1	2535.8	-0.20108	-6.0485	-0.20108	-6.0485	0	2	90	0	4.6562	-1	-9	3.6562	0	-7.3438	3	-1	1	0	0	0	0
1	2552.4	-0.20108	-5.7267	-0.20108	-5.7267	0	2	90	0	4.6562	-1	-9	3.6562	0	-7.3438	3	-1	1	0	0	0	0
1	2569	-0.20108	-4.9224	-0.20108	-4.9224	0	2	90	0	4.6562	-1	-9	3.6562	0	-7.3438	3	-1	1	0	0	0	0
1	2585.6	-0.16086	-4.0537	-0.16086	-4.0537	0	2	90	0	4.6562	-1	-9	3.6562	0	-7.3438	3	-1	1	0	0	0	0
1	2602.2	-0.14076	-3.6033	-0.14076	-3.6033	0	2	90	0	4.6562	-1	-9	3.6562	0	-7.3438	3	-1	1	0	0	0	0
1	2618.8	-0.040216	-2.5738	-0.040216	-2.5738	0	2	90	0	4.6562	-1	-9	3.6562	0	-7.3438	3	-1	1	0	0	0	0
1	2635.3	0.10054	-1.4799	0.10054	-1.4799	0	2	90	0	4.6562	-1	-9	3.6562	0	-7.3438	3	-1	1	0	0	0	0
1	2652	0.20108	-0.90083	0.20108	-0.90083	0	2	90	0	4.6562	-1	-9	3.6562	0	-7.3438	3	-1	1	0	0	0	0
1	2668.3	0.38205	0.19304	0.38205	0.19304	0	2	90	0	4.6562	-1	-9	3.6562	0	-7.3438	3	-1	1	0	0	0	0
1	2685.1	0.52281	1.2226	0.52281	1.2226	0	2	90	0	4.6562	-1	-9	3.6562	0	-7.3438	3	-1	1	0	0	0	0
1	2701.7	0.56302	1.673	0.56302	1.673	0	2	90	0	4.6562	-1	-9	3.6562	0	-7.3438	3	-1	1	0	0	0	0
1	2718.4	0.62334	2.5416	0.62334	2.5416	0	2	90	0	4.6562	-1	-9	3.6562	0	-7.3438	3	-1	1	0	0	0	0
1	2734.9	0.68367	3.2816	0.68367	3.2816	0	2	90	0	4.6562	-1	-9	3.6562	0	-7.3438	3	-1	1	0	0	0	0
1	2751.6	0.72388	3.6355	0.72388	3.6355	0	2	90	0	4.6562	-1	-9	3.6562	0	-7.3438	3	-1	1	0	0	0	0
1	2768.1	0.80432	4.3433	0.80432	4.3433	0	2	90	0	4.6562	-1	-9	3.6562	0	-7.3438	3	-1	1	0	0	0	0
1	2784.8	0.84453	4.6329	0.84453	4.6329	0	2	90	0	4.6562	-1	-9	3.6562	0	-7.3438	3	-1	1	0	0	0	0
1	2801.3	0.92496	5.1476	0.92496	5.1476	0	2	90	0	4.6562	-1	-9	3.6562	0	-7.3438	3	-1	1	0	0	0	0
1	2817.9	0.96518	5.5015	0.96518	5.5015	0	2	90	0	4.6562	-1	-9	3.6562	0	-7.3438	3	-1	1	0	0	0	0
1	2834.5	0.96518	5.7589	0.96518	5.7589	0	2	90	0	4.6562	-1	-9	3.6562	0	-7.3438	3	-1	1	0	0	0	0
1	2851.1	0.98529	5.8876	0.98529	5.8876	0	2	90	0	4.6562	-1	-9	3.6562	0	-7.3438	3	-1	1	0	0	0	0
1	2867.7	1.0054	6.0485	1.0054	6.0485	0	2	90	0	4.6562	-1	-9	3.6562	0	-7.3438	3	-1	1	0	0	0	0
1	2884.3	1.0054	6.1128	1.0054	6.1128	0	2	90	0	4.6562	-1	-9	3.6562	0	-7.3438	3	-1	1	0	0	0	0
1	2900.9	1.0255	6.2093	1.0255	6.2093	0	2	90	0	4.6562	-1	-9	3.6562	0	-7.3438	3	-1	1	0	0	0	0
1	2917.5	1.0255	6.2415	1.0255	6.2415	0	2	90	0	4.6562	-1	-9	3.6562	0	-7.3438	3	-1	1	0	0	0	0
1	2934	1.0255	6.2737	1.0255	6.2737	0	2	90	0	4.6562	-1	-9	3.6562	0	-7.3438	3	-1	1	0	0	0	0
1	2950.7	1.0456	6.3058	1.0456	6.3058	0	2	90	0	4.6562	-1	-9	3.6562	0	-7.3438	3	-1	1	0	0	0	0
1	2967.3	1.0456	6.3702	1.0456	6.3702	0	2	90	0	4.6562	-1	-9	3.6562	0	-7.3438	3	-1	1	0	0	0	0
1	2983.8	1.0456	6.3702	1.0456	6.3702	0	2	90	0	4.6562	-1	-9	3.6562	0	-7.3438	3	-1	1	0	0	0	0
1	3000.4	1.0657	6.4024	1.0657	6.4024	0	3	90	0	4.6562	-1	-9	3.6562	0	-7.3438	3	-1	1	0	0	0	0
2	27.766	0.48259	-7.3997	0.48259	-7.3997	0	1	105	-3.1058	4.2473	-1	-12.106	3.2474	0	-7.3438	3	-1	1	0	0	0	0
2	44.35	0.48259	-7.4319	0.48259	-7.4319	0	1	105	-3.1058	4.2473	-1	-12.106	3.2474	0	-7.3438	3	-1	1	0	0	0	0
2	60.872	0.48259	-7.4319	0.48259	-7.4319	0	1	105	-3.1058	4.2473	-1	-12.106	3.2474	0	-7.3438	3	-1	1	0	0	0	0
2	77.543	0.48259	-7.4319	0.48259	-7.4319	0	1	105	-3.1058	4.2473	-1	-12.106	3.2474	0	-7.3438	3	-1	1	0	0	0	0
2	94.139	0.48259	-7.4319	0.48259	-7.4319	0	1	105	-3.1058	4.2473	-1	-12.106	3.2474	0	-7.3438	3	-1	1	0	0	0	0
2	110.71	0.48259	-7.4319	0.48259	-7.4319	0	1	105	-3.1058	4.2473	-1	-12.106	3.2474	0	-7.3438	3	-1	1	0	0	0	0
2	127.29	0.48259	-7.4319	0.48259	-7.4319	0	1	105	-3.1058	4.2473	-1	-12.106	3.2474	0	-7.3438	3	-1	1	0	0	0	0
2	143.96	0.48259	-7.464	0.48259	-7.464	0	1	105	-3.1058	4.2473	-1	-12.106	3.2474	0	-7.3438	3	-1	1	0	0	0	0
2	160.52	0.48259	-7.464	0.48259	-7.464	0	1	105	-3.1058	4.2473	-1	-12.106	3.2474	0	-7.3438	3	-1	1	0	0	0	0
2	177.05	0.48259	-7.464	0.48259	-7.464	0	1	105	-3.1058	4.2473	-1	-12.106	3.2474	0	-7.3438	3	-1	1	0	0	0	0
2	193.68	0.48259	-7.464	0.48259	-7.464	0	1	105	-3.1058	4.2473	-1	-12.106	3.2474	0	-7.3438	3	-1	1	0	0	0	0
2	210.28	0.48259	-7.464	0.48259	-7.464	0	1	105	-3.1058	4.2473	-1	-12.106	3.2474	0	-7.3438	3	-1	1	0	0	0	0
2	226.99	0.48259	-7.464	0.48259	-7.464	0	1	105	-3.1058	4.2473	-1	-12.106	3.2474	0	-7.3438	3	-1	1	0	0	0	0
2	243.51	0.48259	-7.464	0.48259	-7.464	0	1	105	-3.1058	4.2473	-1	-12.106	3.2474	0	-7.3438	3	-1	1	0	0	0	0
2	260.11	0.46248	-7.4962	0.46248	-7.4962	0	1	105	-3.1058	4.2473	-1	-12.106	3.2474	0	-7.3438	3	-1	1	0	0	0	0
2	276.7	0.46248	-7.4962	0.46248	-7.4962	0	1	105	-3.1058	4.2473	-1	-12.106	3.2474	0	-7.3438	3	-1	1	0	0	0	0
2	293.25	0.46248	-7.4962	0.46248	-7.4962	0	1	105	-3.1058	4.2473	-1	-12.106	3.2474	0	-7.3438	3	-1	1	0	0	0	0
2	309.81	0.46248	-7.4962	0.46248	-7.4962	0	1	105	-3.1058	4.2473	-1	-12.106	3.2474	0	-7.3438	3	-1	1	0	0	0	0
2	326.43	0.46248	-7.4962	0.46248	-7.4962	0	1	105	-3.1058	4.2473	-1	-12.106	3.2474	0	-7.3438	3	-1	1	0	0	0	0
2	343.06	0.46248	-7.4962	0.46248	-7.4962	0	1	105	-3.1058	4.2473	-1	-12.106	3.2474	0	-7.3438	3	-1	1	0	0	0	0
2	359.64	0.46248	-7.4962	0.46248	-7.4962	0	1	105	-3.1058	4.2473	-1	-12.106	3.2474	0	-7.3438	3	-1	1	1	0	0	0
2	376.25	0.46248	-7.4962	0.46248	-7.4962	0	1	105	-3.1058	4.2473	-1	-12.106	3.2474	0	-7.3438	3	-1	1	1	0	0	0
2	392.84	0.44237	-7.464	0.44237	-7.464	0	1	105	-3.1058	4.2473	-1	-12.106	3.2474	0	-7.3438	3	-1	1	1	0	0	0
2	409.41	0.44237	-7.464	0.44237	-7.464	0	1	105	-3.1058	4.2473	-1	-12.106	3.2474	0	-7.3438	3	-1	1	1	0	0	0
2	426.02	0.44237	-7.464	0.44237	-7.464	0	1	105	-3.1058	4.2473	-1	-12.106	3.2474	0	-7.3438	3	-1	1	1	0	0	0
2	442.61	0.44237	-7.464	0.44237	-7.464	0	1	105	-3.1058	4.2473	-1	-12.106	3.2474	0	-7.3438	3	-1	1	1	0	0	0
2	459.21	0.44237	-7.464	0.44237	-7.464	0	1	105	-3.1058	4.2473	-1	-12.106	3.2474	0	-7.3438	3	-1	1	1	0	0	0
2	475.84	0.44237	-7.4319	0.44237	-7.4319	0	1	105	-3.1058	4.2473	-1	-12.106	3.2474	0	-7.3438	3	-1	1	1	0	0	0
2	492.43	0.42227	-7.3997	0.42227	-7.3997	0	1	105	-3.1058	4.2473	-1	-12.106	3.2474	0	-7.3438	3	-1	1	1	0	0	0
2	509.01	0.42227	-7.3997	0.42227	-7.3997	0	1	105	-3.1058	4.2473	-1	-12.106	3.2474	0	-7.3438	3	-1	1	1	0	0	0
2	525.55	0.36194	-7.3354	0.36194	-7.3354	0	1	105	-3.1058	4.2473	-1	-12.106	3.2474	0	-7.3438	3	-1	1	1	0	0	0
2	542.18	0.32173	-7.3032	0.32173	-7.3032	0	1	105	-3.1058	4.2473	-1	-12.106	3.2474	0	-7.3438	3	-1	1	1	0	0	0
2	558.77	0.20108	-7.2067	0.20108	-7.2067	0	1	105	-3.1058	4.2473	-1	-12.106	3.2474	0	-7.3438	3	-1	1	1	0	0	0
2	575.37	0.060324	-7.0458	0.060324	-7.0458	0	1	105	-3.1058	4.2473	-1	-12.106	3.2474	0	-7.3438	3	-1	1	1	0	0	0
2	592	-0.10054	-6.8528	-0.10054	-6.8528	0	1	105	-3.1058	4.2473	-1	-12.106	3.2474	0	-7.3438	3	-1	1	1	0	0	0
2	608.56	-0.18097	-6.6919	-0.18097	-6.6919	0	1	105	-3.1058	4.2473	-1	-12.106	3.2474	0	-7.3438	3	-1	1	1	0	0	0
2	625.13	-0.34183	-6.3702	-0.34183	-6.3702	0	1	105	-3.1058	4.2473	-1	-12.106	3.2474	0	-7.3438	3	-1	1	1	0	0	0
2	641.74	-0.42227	-6.2093	-0.42227	-6.2093	0	1	105	-3.1058	4.2473	-1	-12.106	3.2474	0	-7.3438	3	-1	1	1	0	0	0
2	658.31	-0.60324	-5.8232	-0.60324	-5.8232	0	1	105	-3.1058	4.2473	-1	-12.106	3.2474	0	-7.3438	3	-1	1	1	0	0	0
2	674.9	-0.82442	-5.3728	-0.82442	-5.3728	0	1	105	-3.1058	4.2473	-1	-12.106	3.2474	0	-7.3438	3	-1	1	1	0	0	0
2	691.52	-1.0858	-4.8259	-1.0858	-4.8259	0	2	105	-3.1058	4.2473	-1	-12.106	3.2474	0	-7.3438	3	-1	1	1	0	0	0
2	708.13	-1.2266	-4.5363	-1.2266	-4.5363	0	2	105	-3.1058	4.2473	-1	-12.106	3.2474	0	-7.3438	3	-1	1	1	0	0	0
2	724.72	-1.5483	-3.9251	-1.5483	-3.9251	0	2	105	-3.1058	4.2473	-1	-12.106	3.2474	0	-7.3438	3	-1	1	1	0	0	0
2	741.3	-1.7092	-3.5712	-1.7092	-3.5712	0	2	105	-3.1058	4.2473	-1	-12.106	3.2474	0	-7.3438	3	-1	1	1	0	0	0
2	757.9	-2.0711	-2.8955	-2.0711	-2.8955	0	2	105	-3.1058	4.2473	-1	-12.106	3.2474	0	-7.3438	3	-1	1	1	0	0	0
2	774.49	-2.4331	-2.1556	-2.4331	-2.1556	0	2	105	-3.1058	4.2473	-1	-12.106	3.2474	0	-7.3438	3	-1	1	1	0	1	0
2	791.06	-2.795	-1.4478	-2.795	-1.4478	0	2	105	-3.1058	4.2473	-1	-12.106	3.2474	0	-7.3438	3	-1	1	1	0	0	0
2	807.66	-2.976	-1.0939	-2.976	-1.0939	0	2	105	-3.1058	4.2473	-1	-12.106	3.2474	0	-7.3438	3	-1	1	1	0	0	0
2	824.31	-3.3379	-0.3539	-3.3379	-0.3539	0	2	105	-3.1058	4.2473	-1	-12.106	3.2474	0	-7.3438	3	-1	1	1	0	0	0
2	840.91	-3.5189	0	-3.5189	0	0	2	105	-3.1058	4.2473	-1	-12.106	3.2474	0	-7.3438	3	-1	1	1	0	0	0
2	857.45	-3.9009	0.64345	-3.9009	0.64345	0	2	105	-3.1058	4.2473	-1	-12.106	3.2474	0	-7.3438	3	-1	1	1	0	0	0
2	874.03	-4.283	1.2226	-4.283	1.2226	0	2	105	-3.1058	4.2473	-1	-12.106	3.2474	0	-7.3438	3	-1	1	1	0	0	0
2	890.64	-4.464	1.4799	-4.464	1.4799	0	2	105	-3.1058	4.2473	-1	-12.106	3.2474	0	-7.3438	3	-1	1	1	0	0	0
2	907.28	-4.8259	1.9625	-4.8259	1.9625	0	2	105	-3.1058	4.2473	-1	-12.106	3.2474	0	-7.3438	3	-1	1	1	0	0	0
2	923.87	-5.1476	2.3808	-5.1476	2.3808	0	2	105	-3.1058	4.2473	-1	-12.106	3.2474	0	-7.3438	3	-1	1	1	0	0	0
2	940.47	-5.2884	2.5738	-5.2884	2.5738	0	2	105	-3.1058	4.2473	-1	-12.106	3.2474	0	-7.3438	3	-1	1	1	0	0	0
2	957.03	-5.5498	2.8955	-5.5498	2.8955	0	2	105	-3.1058	4.2473	-1	-12.106	3.2474	0	-7.3438	3	-1	1	1	0	0	0
2	973.64	-5.7911	3.1851	-5.7911	3.1851	0	2	105	-3.1058	4.2473	-1	-12.106	3.2474	0	-7.3438	3	-1	1	1	0	0	0
2	990.24	-5.8715	3.2816	-5.8715	3.2816	0	2	105	-3.1058	4.2473	-1	-12.106	3.2474	0	-7.3438	3	-1	1	1	0	0	0
2	1006.9	-6.0525	3.4746	-6.0525	3.4746	0	2	105	-3.1058	4.2473	-1	-12.106	3.2474	0	-7.3438	3	-1	1	1	0	0	0
2	1023.4	-6.1731	3.6033	-6.1731	3.6033	0	2	105	-3.1058	4.2473	-1	-12.106	3.2474	0	-7.3438	3	-1	1	1	0	0	0
2	1040	-6.2133	3.6355	-6.2133	3.6355	0	2	105	-3.1058	4.2473	-1	-12.106	3.2474	0	-7.3438	3	-1	1	1	0	0	0
2	1056.6	-6.2737	3.6999	-6.2737	3.6999	0	2	105	-3.1058	4.2473	-1	-12.106	3.2474	0	-7.3438	3	-1	1	0	0	0	0
2	1073.2	-6.2938	3.732	-6.2938	3.732	0	2	105	-3.1058	4.2473	-1	-12.106	3.2474	0	-7.3438	3	-1	1	0	0	0	0
2	1089.8	-6.2938	3.732	-6.2938	3.732	0	2	105	-3.1058	4.2473	-1	-12.106	3.2474	0	-7.3438	3	-1	1	0	0	0	0
2	1106.3	-6.2938	3.732	-6.2938	3.732	0	2	105	-3.1058	4.2473	-1	-12.106	3.2474	0	-7.3438	3	-1	1	0	0	0	0
2	1123	-6.2938	3.7642	-6.2938	3.7642	0	2	105	-3.1058	4.2473	-1	-12.106	3.2474	0	-7.3438	3	-1	1	0	0	0	0
2	1139.6	-6.2938	3.7642	-6.2938	3.7642	0	3	105	-3.1058	4.2473	-1	-12.106	3.2474	0	-7.3438	3	-1	1	0	0	0	0
3	30.447	-0.32173	-7.4962	-0.32173	-7.4962	0	1	90	0	4.6562	-1	-9	3.6562	0	-7.3438	3	-1	1	0	0	0	0
3	47.062	-0.2614	-7.5284	-0.2614	-7.5284	0	1	90	0	4.6562	-1	-9	3.6562	0	-7.3438	3	-1	1	0	0	0	0
3	63.617	-0.20108	-7.5606	-0.20108	-7.5606	0	1	90	0	4.6562	-1	-9	3.6562	0	-7.3438	3	-1	1	0	0	0	0
3	80.196	-0.18097	-7.5606	-0.18097	-7.5606	0	1	90	0	4.6562	-1	-9	3.6562	0	-7.3438	3	-1	1	0	0	0	0
3	96.799	-0.16086	-7.5606	-0.16086	-7.5606	0	1	90	0	4.6562	-1	-9	3.6562	0	-7.3438	3	-1	1	0	0	0	0
3	113.39	-0.14076	-7.5606	-0.14076	-7.5606	0	1	90	0	4.6562	-1	-9	3.6562	0	-7.3438	3	-1	1	0	0	0	0
3	129.95	-0.14076	-7.5927	-0.14076	-7.5927	0	1	90	0	4.6562	-1	-9	3.6562	0	-7.3438	3	-1	1	0	0	0	0
3	146.61	-0.12065	-7.5927	-0.12065	-7.5927	0	1	90	0	4.6562	-1	-9	3.6562	0	-7.3438	3	-1	1	0	0	0	0
3	163.22	-0.12065	-7.5927	-0.12065	-7.5927	0	1	90	0	4.6562	-1	-9	3.6562	0	-7.3438	3	-1	1	0	0	0	0
3	179.79	-0.12065	-7.5927	-0.12065	-7.5927	0	1	90	0	4.6562	-1	-9	3.6562	0	-7.3438	3	-1	1	0	0	0	0
3	196.35	-0.10054	-7.5927	-0.10054	-7.5927	0	1	90	0	4.6562	-1	-9	3.6562	0	-7.3438	3	-1	1	0	0	0	0
3	212.95	-0.10054	-7.6249	-0.10054	-7.6249	0	1	90	0	4.6562	-1	-9	3.6562	0	-7.3438	3	-1	1	0	0	0	0
3	229.51	-0.10054	-7.6249	-0.10054	-7.6249	0	1	90	0	4.6562	-1	-9	3.6562	0	-7.3438	3	-1	1	0	0	0	0
3	246.18	-0.080432	-7.6249	-0.080432	-7.6249	0	1	90	0	4.6562	-1	-9	3.6562	0	-7.3438	3	-1	1	0	0	0	0
3	262.76	-0.080432	-7.6249	-0.080432	-7.6249	0	1	90	0	4.6562	-1	-9	3.6562	0	-7.3438	3	-1	1	0	0	0	0
3	279.31	-0.080432	-7.6249	-0.080432	-7.6249	0	1	90	0	4.6562	-1	-9	3.6562	0	-7.3438	3	-1	1	0	0	0	0
3	295.95	-0.080432	-7.6249	-0.080432	-7.6249	0	1	90	0	4.6562	-1	-9	3.6562	0	-7.3438	3	-1	1	0	0	0	0
3	312.52	-0.080432	-7.6249	-0.080432	-7.6249	0	1	90	0	4.6562	-1	-9	3.6562	0	-7.3438	3	-1	1	0	0	0	0
3	329.07	-0.080432	-7.6249	-0.080432	-7.6249	0	1	90	0	4.6562	-1	-9	3.6562	0	-7.3438	3	-1	1	0	0	0	0
3	345.69	-0.080432	-7.6249	-0.080432	-7.6249	0	1	90	0	4.6562	-1	-9	3.6562	0	-7.3438	3	-1	1	0	0	0	0
3	362.34	-0.080432	-7.6249	-0.080432	-7.6249	0	1	90	0	4.6562	-1	-9	3.6562	0	-7.3438	3	-1	1	0	0	0	0
3	378.94	-0.080432	-7.6249	-0.080432	-7.6249	0	1	90	0	4.6562	-1	-9	3.6562	0	-7.3438	3	-1	1	0	0	0	0
3	395.5	-0.080432	-7.6249	-0.080432	-7.6249	0	1	90	0	4.6562	-1	-9	3.6562	0	-7.3438	3	-1	1	0	0	0	0
3	412.1	-0.080432	-7.6249	-0.080432	-7.6249	0	1	90	0	4.6562	-1	-9	3.6562	0	-7.3438	3	-1	1	0	0	0	0
3	428.68	-0.080432	-7.6249	-0.080432	-7.6249	0	1	90	0	4.6562	-1	-9	3.6562	0	-7.3438	3	-1	1	0	0	0	0
3	445.26	-0.080432	-7.6249	-0.080432	-7.6249	0	1	90	0	4.6562	-1	-9	3.6562	0	-7.3438	3	-1	1	0	0	0	0
3	461.85	-0.080432	-7.6249	-0.080432	-7.6249	0	1	90	0	4.6562	-1	-9	3.6562	0	-7.3438	3	-1	1	0	0	0	0
3	478.48	-0.080432	-7.6249	-0.080432	-7.6249	0	1	90	0	4.6562	-1	-9	3.6562	0	-7.3438	3	-1	1	0	0	0	0
3	495.1	-0.10054	-7.5927	-0.10054	-7.5927	0	1	90	0	4.6562	-1	-9	3.6562	0	-7.3438	3	-1	1	0	0	0	0
3	511.66	-0.10054	-7.5927	-0.10054	-7.5927	0	1	90	0	4.6562	-1	-9	3.6562	0	-7.3438	3	-1	1	1	0	0	0
3	528.24	-0.10054	-7.5606	-0.10054	-7.5606	0	1	90	0	4.6562	-1	-9	3.6562	0	-7.3438	3	-1	1	1	0	0	0
3	544.81	-0.080432	-7.464	-0.080432	-7.464	0	1	90	0	4.6562	-1	-9	3.6562	0	-7.3438	3	-1	1	1	0	0	0
3	561.45	-0.060324	-7.3032	-0.060324	-7.3032	0	1	90	0	4.6562	-1	-9	3.6562	0	-7.3438	3	-1	1	1	0	0	0
3	578.06	-0.060324	-7.1745	-0.060324	-7.1745	0	1	90	0	4.6562	-1	-9	3.6562	0	-7.3438	3	-1	1	1	0	0	0
3	594.67	0	-6.7884	0	-6.7884	0	1	90	0	4.6562	-1	-9	3.6562	0	-7.3438	3	-1	1	1	0	0	0
3	611.24	0.040216	-6.531	0.040216	-6.531	0	1	90	0	4.6562	-1	-9	3.6562	0	-7.3438	3	-1	1	1	0	0	0
3	627.83	0.12065	-6.0163	0.12065	-6.0163	0	1	90	0	4.6562	-1	-9	3.6562	0	-7.3438	3	-1	1	1	0	0	0
3	644.4	0.20108	-5.4372	0.20108	-5.4372	0	1	90	0	4.6562	-1	-9	3.6562	0	-7.3438	3	-1	1	1	0	0	0
3	661.04	0.24129	-5.1476	0.24129	-5.1476	0	1	90	0	4.6562	-1	-9	3.6562	0	-7.3438	3	-1	1	1	0	0	0
3	677.61	0.32173	-4.5363	0.32173	-4.5363	0	2	90	0	4.6562	-1	-9	3.6562	0	-7.3438	3	-1	1	1	0	0	0
3	694.17	0.42227	-3.8607	0.42227	-3.8607	0	2	90	0	4.6562	-1	-9	3.6562	0	-7.3438	3	-1	1	1	0	0	0
3	710.78	0.46248	-3.5068	0.46248	-3.5068	0	2	90	0	4.6562	-1	-9	3.6562	0	-7.3438	3	-1	1	1	0	0	0
3	727.34	0.58313	-2.799	0.58313	-2.799	0	2	90	0	4.6562	-1	-9	3.6562	0	-7.3438	3	-1	1	1	0	0	0
3	743.98	0.68367	-2.059	0.68367	-2.059	0	2	90	0	4.6562	-1	-9	3.6562	0	-7.3438	3	-1	1	1	0	1	0
3	760.55	0.72388	-1.7051	0.72388	-1.7051	0	2	90	0	4.6562	-1	-9	3.6562	0	-7.3438	3	-1	1	1	0	0	0
3	777.18	0.78421	-0.96518	0.78421	-0.96518	0	2	90	0	4.6562	-1	-9	3.6562	0	-7.3438	3	-1	1	1	0	0	0
3	793.74	0.80432	-0.28955	0.80432	-0.28955	0	2	90	0	4.6562	-1	-9	3.6562	0	-7.3438	3	-1	1	1	0	0	0
3	810.37	0.82442	0.032173	0.82442	0.032173	0	2	90	0	4.6562	-1	-9	3.6562	0	-7.3438	3	-1	1	1	0	0	0
3	826.94	0.84453	0.67563	0.84453	0.67562	0	2	90	0	4.6562	-1	-9	3.6562	0	-7.3438	3	-1	1	1	0	0	0
3	843.5	0.86464	1.2869	0.86464	1.2869	0	2	90	0	4.6562	-1	-9	3.6562	0	-7.3438	3	-1	1	1	0	0	0
3	860.13	0.86464	1.6086	0.86464	1.6086	0	2	90	0	4.6562	-1	-9	3.6562	0	-7.3438	3	-1	1	1	0	0	0
3	876.71	0.84453	2.1556	0.84453	2.1556	0	2	90	0	4.6562	-1	-9	3.6562	0	-7.3438	3	-1	1	1	0	0	0
3	893.3	0.82442	2.6703	0.82442	2.6703	0	2	90	0	4.6562	-1	-9	3.6562	0	-7.3438	3	-1	1	1	0	0	0
3	909.91	0.82442	2.9277	0.82442	2.9277	0	2	90	0	4.6562	-1	-9	3.6562	0	-7.3438	3	-1	1	1	0	0	0
3	926.55	0.78421	3.3781	0.78421	3.3781	0	2	90	0	4.6562	-1	-9	3.6562	0	-7.3438	3	-1	1	1	0	0	0
3	943.11	0.7641	3.7964	0.7641	3.7964	0	2	90	0	4.6562	-1	-9	3.6562	0	-7.3438	3	-1	1	1	0	0	0
3	959.7	0.74399	3.9894	0.74399	3.9894	0	2	90	0	4.6562	-1	-9	3.6562	0	-7.3438	3	-1	1	1	0	0	0
3	976.25	0.68367	4.3111	0.68367	4.3111	0	2	90	0	4.6562	-1	-9	3.6562	0	-7.3438	3	-1	1	1	0	0	0
3	992.87	0.66356	4.4398	0.66356	4.4398	0	2	90	0	4.6562	-1	-9	3.6562	0	-7.3438	3	-1	1	1	0	0	0
3	1009.5	0.58313	4.6972	0.58313	4.6972	0	2	90	0	4.6562	-1	-9	3.6562	0	-7.3438	3	-1	1	1	0	0	0
3	1026.1	0.52281	4.9224	0.52281	4.9224	0	2	90	0	4.6562	-1	-9	3.6562	0	-7.3438	3	-1	1	1	0	0	0
3	1042.7	0.48259	5.0833	0.48259	5.0833	0	2	90	0	4.6562	-1	-9	3.6562	0	-7.3438	3	-1	1	1	0	0	0
3	1059.3	0.46248	5.1798	0.46248	5.1798	0	2	90	0	4.6562	-1	-9	3.6562	0	-7.3438	3	-1	1	1	0	0	0
3	1075.9	0.42227	5.3085	0.42227	5.3085	0	2	90	0	4.6562	-1	-9	3.6562	0	-7.3438	3	-1	1	0	0	0	0
3	1092.4	0.40216	5.3728	0.40216	5.3728	0	2	90	0	4.6562	-1	-9	3.6562	0	-7.3438	3	-1	1	0	0	0	0
3	1109.1	0.36194	5.4693	0.36194	5.4693	0	2	90	0	4.6562	-1	-9	3.6562	0	-7.3438	3	-1	1	0	0	0	0
3	1125.6	0.32173	5.5337	0.32173	5.5337	0	2	90	0	4.6562	-1	-9	3.6562	0	-7.3438	3	-1	1	0	0	0	0
3	1142.2	0.30162	5.598	0.30162	5.598	0	2	90	0	4.6562	-1	-9	3.6562	0	-7.3438	3	-1	1	0	0	0	0
3	1158.8	0.30162	5.6302	0.30162	5.6302	0	3	90	0	4.6562	-1	-9	3.6562	0	-7.3438	3	-1	1	0	0	0	0
4	30.809	-0.24129	-7.4319	-0.24129	-7.4319	0	1	75	3.1058	4.2473	-1	-5.8942	3.2474	0	-7.3438	3	-1	1	0	0	0	0
4	47.367	-0.24129	-7.5284	-0.24129	-7.5284	0	1	75	3.1058	4.2473	-1	-5.8942	3.2474	0	-7.3438	3	-1	1	0	0	0	0
4	63.968	-0.22119	-7.5284	-0.22119	-7.5284	0	1	75	3.1058	4.2473	-1	-5.8942	3.2474	0	-7.3438	3	-1	1	0	0	0	0
4	80.554	-0.22119	-7.5606	-0.22119	-7.5606	0	1	75	3.1058	4.2473	-1	-5.8942	3.2474	0	-7.3438	3	-1	1	0	0	0	0
4	97.189	-0.20108	-7.5606	-0.20108	-7.5606	0	1	75	3.1058	4.2473	-1	-5.8942	3.2474	0	-7.3438	3	-1	1	0	0	0	0
4	113.75	-0.20108	-7.5927	-0.20108	-7.5927	0	1	75	3.1058	4.2473	-1	-5.8942	3.2474	0	-7.3438	3	-1	1	0	0	0	0
4	130.34	-0.20108	-7.5927	-0.20108	-7.5927	0	1	75	3.1058	4.2473	-1	-5.8942	3.2474	0	-7.3438	3	-1	1	0	0	0	0
4	146.94	-0.18097	-7.5927	-0.18097	-7.5927	0	1	75	3.1058	4.2473	-1	-5.8942	3.2474	0	-7.3438	3	-1	1	0	0	0	0
4	163.52	-0.18097	-7.5927	-0.18097	-7.5927	0	1	75	3.1058	4.2473	-1	-5.8942	3.2474	0	-7.3438	3	-1	1	0	0	0	0
4	180.12	-0.18097	-7.5927	-0.18097	-7.5927	0	1	75	3.1058	4.2473	-1	-5.8942	3.2474	0	-7.3438	3	-1	1	0	0	0	0
4	196.69	-0.18097	-7.5927	-0.18097	-7.5927	0	1	75	3.1058	4.2473	-1	-5.8942	3.2474	0	-7.3438	3	-1	1	0	0	0	0
4	213.32	-0.18097	-7.6249	-0.18097	-7.6249	0	1	75	3.1058	4.2473	-1	-5.8942	3.2474	0	-7.3438	3	-1	1	0	0	0	0
4	229.94	-0.18097	-7.6249	-0.18097	-7.6249	0	1	75	3.1058	4.2473	-1	-5.8942	3.2474	0	-7.3438	3	-1	1	0	0	0	0
4	246.53	-0.18097	-7.6249	-0.18097	-7.6249	0	1	75	3.1058	4.2473	-1	-5.8942	3.2474	0	-7.3438	3	-1	1	0	0	0	0
4	263.1	-0.18097	-7.6249	-0.18097	-7.6249	0	1	75	3.1058	4.2473	-1	-5.8942	3.2474	0	-7.3438	3	-1	1	0	0	0	0
4	279.7	-0.18097	-7.6249	-0.18097	-7.6249	0	1	75	3.1058	4.2473	-1	-5.8942	3.2474	0	-7.3438	3	-1	1	0	0	0	0
4	296.24	-0.18097	-7.6249	-0.18097	-7.6249	0	1	75	3.1058	4.2473	-1	-5.8942	3.2474	0	-7.3438	3	-1	1	0	0	0	0
4	312.83	-0.18097	-7.6249	-0.18097	-7.6249	0	1	75	3.1058	4.2473	-1	-5.8942	3.2474	0	-7.3438	3	-1	1	0	0	0	0
4	329.49	-0.18097	-7.6249	-0.18097	-7.6249	0	1	75	3.1058	4.2473	-1	-5.8942	3.2474	0	-7.3438	3	-1	1	0	0	0	0
4	346.05	-0.18097	-7.6249	-0.18097	-7.6249	0	1	75	3.1058	4.2473	-1	-5.8942	3.2474	0	-7.3438	3	-1	1	0	0	0	0
4	362.69	-0.18097	-7.6249	-0.18097	-7.6249	0	1	75	3.1058	4.2473	-1	-5.8942	3.2474	0	-7.3438	3	-1	1	0	0	0	0
4	379.28	-0.18097	-7.6249	-0.18097	-7.6249	0	1	75	3.1058	4.2473	-1	-5.8942	3.2474	0	-7.3438	3	-1	1	0	0	0	0
4	395.84	-0.18097	-7.6249	-0.18097	-7.6249	0	1	75	3.1058	4.2473	-1	-5.8942	3.2474	0	-7.3438	3	-1	1	0	0	0	0
4	412.41	-0.18097	-7.6249	-0.18097	-7.6249	0	1	75	3.1058	4.2473	-1	-5.8942	3.2474	0	-7.3438	3	-1	1	0	0	0	0
4	429.03	-0.18097	-7.6249	-0.18097	-7.6249	0	1	75	3.1058	4.2473	-1	-5.8942	3.2474	0	-7.3438	3	-1	1	0	0	0	0
4	445.63	-0.18097	-7.5927	-0.18097	-7.5927	0	1	75	3.1058	4.2473	-1	-5.8942	3.2474	0	-7.3438	3	-1	1	0	0	0	0
4	462.25	-0.16086	-7.5927	-0.16086	-7.5927	0	1	75	3.1058	4.2473	-1	-5.8942	3.2474	0	-7.3438	3	-1	1	0	0	0	0
4	478.82	-0.12065	-7.5284	-0.12065	-7.5284	0	1	75	3.1058	4.2473	-1	-5.8942	3.2474	0	-7.3438	3	-1	1	1	0	0	0
4	495.42	-0.080432	-7.4962	-0.080432	-7.4962	0	1	75	3.1058	4.2473	-1	-5.8942	3.2474	0	-7.3438	3	-1	1	1	0	0	0
4	512.02	0.060324	-7.3354	0.060324	-7.3354	0	1	75	3.1058	4.2473	-1	-5.8942	3.2474	0	-7.3438	3	-1	1	1	0	0	0
4	528.57	0.28151	-7.0458	0.28151	-7.0458	0	1	75	3.1058	4.2473	-1	-5.8942	3.2474	0	-7.3438	3	-1	1	1	0	0	0
4	545.16	0.40216	-6.8528	0.40216	-6.8528	0	1	75	3.1058	4.2473	-1	-5.8942	3.2474	0	-7.3438	3	-1	1	1	0	0	0
4	561.74	0.70378	-6.3702	0.70378	-6.3702	0	1	75	3.1058	4.2473	-1	-5.8942	3.2474	0	-7.3438	3	-1	1	1	0	0	0
4	578.43	1.0255	-5.8554	1.0255	-5.8554	0	1	75	3.1058	4.2473	-1	-5.8942	3.2474	0	-7.3438	3	-1	1	1	0	0	0
4	594.99	1.1864	-5.5659	1.1864	-5.5659	0	1	75	3.1058	4.2473	-1	-5.8942	3.2474	0	-7.3438	3	-1	1	1	0	0	0
4	611.49	1.5282	-4.9868	1.5282	-4.9868	0	2	75	3.1058	4.2473	-1	-5.8942	3.2474	0	-7.3438	3	-1	1	1	0	0	0
4	628.14	1.9102	-4.3111	1.9102	-4.3111	0	2	75	3.1058	4.2473	-1	-5.8942	3.2474	0	-7.3438	3	-1	1	1	0	0	0
4	644.71	2.1113	-3.9894	2.1113	-3.9894	0	2	75	3.1058	4.2473	-1	-5.8942	3.2474	0	-7.3438	3	-1	1	1	0	0	0
4	661.33	2.5336	-3.2816	2.5336	-3.2816	0	2	75	3.1058	4.2473	-1	-5.8942	3.2474	0	-7.3438	3	-1	1	1	0	1	0
4	677.9	2.9559	-2.5738	2.9559	-2.5738	0	2	75	3.1058	4.2473	-1	-5.8942	3.2474	0	-7.3438	3	-1	1	1	0	0	0
4	694.55	3.177	-2.2199	3.177	-2.2199	0	2	75	3.1058	4.2473	-1	-5.8942	3.2474	0	-7.3438	3	-1	1	1	0	0	0
4	711.13	3.6194	-1.5121	3.6194	-1.5121	0	2	75	3.1058	4.2473	-1	-5.8942	3.2474	0	-7.3438	3	-1	1	1	0	0	0
4	727.66	4.0618	-0.80432	4.0618	-0.80432	0	2	75	3.1058	4.2473	-1	-5.8942	3.2474	0	-7.3438	3	-1	1	1	0	0	0
4	744.32	4.2629	-0.48259	4.2629	-0.48259	0	2	75	3.1058	4.2473	-1	-5.8942	3.2474	0	-7.3438	3	-1	1	1	0	0	0
4	760.88	4.6248	0.16086	4.6248	0.16086	0	2	75	3.1058	4.2473	-1	-5.8942	3.2474	0	-7.3438	3	-1	1	1	0	0	0
4	777.47	4.9465	0.73997	4.9465	0.73997	0	2	75	3.1058	4.2473	-1	-5.8942	3.2474	0	-7.3438	3	-1	1	1	0	0	0
4	794.1	5.0873	0.99735	5.0873	0.99735	0	2	75	3.1058	4.2473	-1	-5.8942	3.2474	0	-7.3438	3	-1	1	1	0	0	0
4	810.71	5.3286	1.5121	5.3286	1.5121	0	2	75	3.1058	4.2473	-1	-5.8942	3.2474	0	-7.3438	3	-1	1	1	0	0	0
4	827.32	5.5096	1.9625	5.5096	1.9625	0	2	75	3.1058	4.2473	-1	-5.8942	3.2474	0	-7.3438	3	-1	1	1	0	0	0
4	843.88	5.59	2.1877	5.59	2.1877	0	2	75	3.1058	4.2473	-1	-5.8942	3.2474	0	-7.3438	3	-1	1	1	0	0	0
4	860.49	5.7106	2.5416	5.7106	2.5416	0	2	75	3.1058	4.2473	-1	-5.8942	3.2474	0	-7.3438	3	-1	1	1	0	0	0
4	877.09	5.771	2.7347	5.771	2.7347	0	2	75	3.1058	4.2473	-1	-5.8942	3.2474	0	-7.3438	3	-1	1	1	0	0	0
4	893.65	5.8514	3.0242	5.8514	3.0242	0	2	75	3.1058	4.2473	-1	-5.8942	3.2474	0	-7.3438	3	-1	1	1	0	0	0
4	910.3	5.8715	3.2816	5.8715	3.2816	0	2	75	3.1058	4.2473	-1	-5.8942	3.2474	0	-7.3438	3	-1	1	1	0	0	0
4	926.85	5.8916	3.4425	5.8916	3.4425	0	2	75	3.1058	4.2473	-1	-5.8942	3.2474	0	-7.3438	3	-1	1	1	0	0	0
4	943.44	5.8916	3.539	5.8916	3.539	0	2	75	3.1058	4.2473	-1	-5.8942	3.2474	0	-7.3438	3	-1	1	1	0	0	0
4	960.06	5.8715	3.6355	5.8715	3.6355	0	2	75	3.1058	4.2473	-1	-5.8942	3.2474	0	-7.3438	3	-1	1	0	0	0	0
4	976.61	5.8715	3.6999	5.8715	3.6999	0	2	75	3.1058	4.2473	-1	-5.8942	3.2474	0	-7.3438	3	-1	1	0	0	0	0
4	993.22	5.8514	3.7642	5.8514	3.7642	0	2	75	3.1058	4.2473	-1	-5.8942	3.2474	0	-7.3438	3	-1	1	0	0	0	0
4	1009.8	5.8514	3.8285	5.8514	3.8285	0	2	75	3.1058	4.2473	-1	-5.8942	3.2474	0	-7.3438	3	-1	1	0	0	0	0
4	1026.5	5.8313	3.8929	5.8313	3.8929	0	2	75	3.1058	4.2473	-1	-5.8942	3.2474	0	-7.3438	3	-1	1	0	0	0	0
4	1043	5.8313	3.9251	5.8313	3.9251	0	3	75	3.1058	4.2473	-1	-5.8942	3.2474	0	-7.3438	3	-1	1	0	0	0	0
5	30.653	-0.66356	-7.271	-0.66356	-7.271	0	1	105	-3.1058	4.2473	-1	-12.106	3.2474	0	-7.3438	3	-1	1	0	0	0	0
5	47.32	-0.66356	-7.271	-0.66356	-7.271	0	1	105	-3.1058	4.2473	-1	-12.106	3.2474	0	-7.3438	3	-1	1	0	0	0	0
5	63.838	-0.66356	-7.3032	-0.66356	-7.3032	0	1	105	-3.1058	4.2473	-1	-12.106	3.2474	0	-7.3438	3	-1	1	0	0	0	0
5	80.424	-0.64345	-7.3032	-0.64345	-7.3032	0	1	105	-3.1058	4.2473	-1	-12.106	3.2474	0	-7.3438	3	-1	1	0	0	0	0
5	97.009	-0.62334	-7.3675	-0.62334	-7.3675	0	1	105	-3.1058	4.2473	-1	-12.106	3.2474	0	-7.3438	3	-1	1	0	0	0	0
5	113.58	-0.58313	-7.3997	-0.58313	-7.3997	0	1	105	-3.1058	4.2473	-1	-12.106	3.2474	0	-7.3438	3	-1	1	0	0	0	0
5	130.13	-0.56302	-7.4319	-0.56302	-7.4319	0	1	105	-3.1058	4.2473	-1	-12.106	3.2474	0	-7.3438	3	-1	1	0	0	0	0
5	146.81	-0.52281	-7.464	-0.52281	-7.464	0	1	105	-3.1058	4.2473	-1	-12.106	3.2474	0	-7.3438	3	-1	1	0	0	0	0
5	163.38	-0.5027	-7.4962	-0.5027	-7.4962	0	1	105	-3.1058	4.2473	-1	-12.106	3.2474	0	-7.3438	3	-1	1	0	0	0	0
5	179.99	-0.5027	-7.4962	-0.5027	-7.4962	0	1	105	-3.1058	4.2473	-1	-12.106	3.2474	0	-7.3438	3	-1	1	0	0	0	0
5	196.61	-0.48259	-7.5284	-0.48259	-7.5284	0	1	105	-3.1058	4.2473	-1	-12.106	3.2474	0	-7.3438	3	-1	1	0	0	0	0
5	213.13	-0.48259	-7.5284	-0.48259	-7.5284	0	1	105	-3.1058	4.2473	-1	-12.106	3.2474	0	-7.3438	3	-1	1	0	0	0	0
5	229.72	-0.46248	-7.5284	-0.46248	-7.5284	0	1	105	-3.1058	4.2473	-1	-12.106	3.2474	0	-7.3438	3	-1	1	0	0	0	0
5	246.35	-0.46248	-7.5284	-0.46248	-7.5284	0	1	105	-3.1058	4.2473	-1	-12.106	3.2474	0	-7.3438	3	-1	1	0	0	0	0
5	262.94	-0.46248	-7.5606	-0.46248	-7.5606	0	1	105	-3.1058	4.2473	-1	-12.106	3.2474	0	-7.3438	3	-1	1	0	0	0	0
5	279.56	-0.46248	-7.5606	-0.46248	-7.5606	0	1	105	-3.1058	4.2473	-1	-12.106	3.2474	0	-7.3438	3	-1	1	0	0	0	0
5	296.15	-0.44237	-7.5606	-0.44237	-7.5606	0	1	105	-3.1058	4.2473	-1	-12.106	3.2474	0	-7.3438	3	-1	1	0	0	0	0
5	312.72	-0.44237	-7.5606	-0.44237	-7.5606	0	1	105	-3.1058	4.2473	-1	-12.106	3.2474	0	-7.3438	3	-1	1	0	0	0	0
5	329.28	-0.44237	-7.5606	-0.44237	-7.5606	0	1	105	-3.1058	4.2473	-1	-12.106	3.2474	0	-7.3438	3	-1	1	0	0	0	0
5	345.88	-0.42227	-7.5606	-0.42227	-7.5606	0	1	105	-3.1058	4.2473	-1	-12.106	3.2474	0	-7.3438	3	-1	1	0	0	0	0
5	362.48	-0.42227	-7.5927	-0.42227	-7.5927	0	1	105	-3.1058	4.2473	-1	-12.106	3.2474	0	-7.3438	3	-1	1	0	0	0	0
5	379.08	-0.42227	-7.5927	-0.42227	-7.5927	0	1	105	-3.1058	4.2473	-1	-12.106	3.2474	0	-7.3438	3	-1	1	0	0	0	0
5	395.71	-0.40216	-7.5927	-0.40216	-7.5927	0	1	105	-3.1058	4.2473	-1	-12.106	3.2474	0	-7.3438	3	-1	1	0	0	0	0
5	412.31	-0.40216	-7.5927	-0.40216	-7.5927	0	1	105	-3.1058	4.2473	-1	-12.106	3.2474	0	-7.3438	3	-1	1	0	0	0	0
5	428.81	-0.40216	-7.5927	-0.40216	-7.5927	0	1	105	-3.1058	4.2473	-1	-12.106	3.2474	0	-7.3438	3	-1	1	0	0	0	0
5	445.42	-0.40216	-7.5927	-0.40216	-7.5927	0	1	105	-3.1058	4.2473	-1	-12.106	3.2474	0	-7.3438	3	-1	1	0	0	0	0
5	462.02	-0.40216	-7.5927	-0.40216	-7.5927	0	1	105	-3.1058	4.2473	-1	-12.106	3.2474	0	-7.3438	3	-1	1	0	0	0	0
5	478.63	-0.40216	-7.5927	-0.40216	-7.5927	0	1	105	-3.1058	4.2473	-1	-12.106	3.2474	0	-7.3438	3	-1	1	0	0	0	0
5	495.25	-0.40216	-7.5927	-0.40216	-7.5927	0	1	105	-3.1058	4.2473	-1	-12.106	3.2474	0	-7.3438	3	-1	1	0	0	0	0
5	511.89	-0.40216	-7.5606	-0.40216	-7.5606	0	1	105	-3.1058	4.2473	-1	-12.106	3.2474	0	-7.3438	3	-1	1	0	0	0	0
5	528.42	-0.40216	-7.5606	-0.40216	-7.5606	0	1	105	-3.1058	4.2473	-1	-12.106	3.2474	0	-7.3438	3	-1	1	0	0	0	0
5	545.01	-0.42227	-7.5284	-0.42227	-7.5284	0	1	105	-3.1058	4.2473	-1	-12.106	3.2474	0	-7.3438	3	-1	1	1	0	0	0
5	561.59	-0.42227	-7.4962	-0.42227	-7.4962	0	1	105	-3.1058	4.2473	-1	-12.106	3.2474	0	-7.3438	3	-1	1	1	0	0	0
5	578.19	-0.48259	-7.3997	-0.48259	-7.3997	0	1	105	-3.1058	4.2473	-1	-12.106	3.2474	0	-7.3438	3	-1	1	1	0	0	0
5	594.76	-0.58313	-7.271	-0.58313	-7.271	0	1	105	-3.1058	4.2473	-1	-12.106	3.2474	0	-7.3438	3	-1	1	1	0	0	0
5	611.44	-0.66356	-7.1745	-0.66356	-7.1745	0	1	105	-3.1058	4.2473	-1	-12.106	3.2474	0	-7.3438	3	-1	1	1	0	0	0
5	628.04	-0.82442	-6.9815	-0.82442	-6.9815	0	1	105	-3.1058	4.2473	-1	-12.106	3.2474	0	-7.3438	3	-1	1	1	0	0	0
5	644.57	-1.0255	-6.7562	-1.0255	-6.7562	0	1	105	-3.1058	4.2473	-1	-12.106	3.2474	0	-7.3438	3	-1	1	1	0	0	0
5	661.21	-1.126	-6.6276	-1.126	-6.6276	0	1	105	-3.1058	4.2473	-1	-12.106	3.2474	0	-7.3438	3	-1	1	1	0	0	0
5	677.78	-1.3271	-6.3058	-1.3271	-6.3058	0	1	105	-3.1058	4.2473	-1	-12.106	3.2474	0	-7.3438	3	-1	1	1	0	0	0
5	694.35	-1.4478	-6.145	-1.4478	-6.145	0	1	105	-3.1058	4.2473	-1	-12.106	3.2474	0	-7.3438	3	-1	1	1	0	0	0
5	710.97	-1.6891	-5.7267	-1.6891	-5.7267	0	1	105	-3.1058	4.2473	-1	-12.106	3.2474	0	-7.3438	3	-1	1	1	0	0	0
5	727.61	-1.9706	-5.2763	-1.9706	-5.2763	0	2	105	-3.1058	4.2473	-1	-12.106	3.2474	0	-7.3438	3	-1	1	1	0	0	0
5	744.14	-2.2722	-4.7937	-2.2722	-4.7937	0	2	105	-3.1058	4.2473	-1	-12.106	3.2474	0	-7.3438	3	-1	1	1	0	0	0
5	760.75	-2.4331	-4.5042	-2.4331	-4.5042	0	2	105	-3.1058	4.2473	-1	-12.106	3.2474	0	-7.3438	3	-1	1	1	0	0	0
5	777.37	-2.7548	-3.9572	-2.7548	-3.9572	0	2	105	-3.1058	4.2473	-1	-12.106	3.2474	0	-7.3438	3	-1	1	1	0	0	0
5	793.91	-2.9156	-3.6677	-2.9156	-3.6677	0	2	105	-3.1058	4.2473	-1	-12.106	3.2474	0	-7.3438	3	-1	1	1	0	0	0
5	810.54	-3.2374	-3.0564	-3.2374	-3.0564	0	2	105	-3.1058	4.2473	-1	-12.106	3.2474	0	-7.3438	3	-1	1	1	0	1	0
5	827.12	-3.5591	-2.4773	-3.5591	-2.4773	0	2	105	-3.1058	4.2473	-1	-12.106	3.2474	0	-7.3438	3	-1	1	1	0	0	0
5	843.75	-3.8607	-1.866	-3.8607	-1.866	0	2	105	-3.1058	4.2473	-1	-12.106	3.2474	0	-7.3438	3	-1	1	1	0	0	0
5	860.3	-4.0015	-1.5443	-4.0015	-1.5443	0	2	105	-3.1058	4.2473	-1	-12.106	3.2474	0	-7.3438	3	-1	1	1	0	0	0
5	876.88	-4.283	-0.96518	-4.283	-0.96518	0	2	105	-3.1058	4.2473	-1	-12.106	3.2474	0	-7.3438	3	-1	1	1	0	0	0
5	893.5	-4.4237	-0.67563	-4.4237	-0.67562	0	2	105	-3.1058	4.2473	-1	-12.106	3.2474	0	-7.3438	3	-1	1	1	0	0	0
5	910.07	-4.6449	-0.096518	-4.6449	-0.096518	0	2	105	-3.1058	4.2473	-1	-12.106	3.2474	0	-7.3438	3	-1	1	1	0	0	0
5	926.68	-4.8661	0.41824	-4.8661	0.41824	0	2	105	-3.1058	4.2473	-1	-12.106	3.2474	0	-7.3438	3	-1	1	1	0	0	0
5	943.29	-5.027	0.90083	-5.027	0.90083	0	2	105	-3.1058	4.2473	-1	-12.106	3.2474	0	-7.3438	3	-1	1	1	0	0	0
5	959.91	-5.1074	1.126	-5.1074	1.126	0	2	105	-3.1058	4.2473	-1	-12.106	3.2474	0	-7.3438	3	-1	1	1	0	0	0
5	976.59	-5.2482	1.5121	-5.2482	1.5121	0	2	105	-3.1058	4.2473	-1	-12.106	3.2474	0	-7.3438	3	-1	1	1	0	0	0
5	993.07	-5.3085	1.7051	-5.3085	1.7051	0	2	105	-3.1058	4.2473	-1	-12.106	3.2474	0	-7.3438	3	-1	1	1	0	0	0
5	1009.7	-5.409	2.0269	-5.409	2.0269	0	2	105	-3.1058	4.2473	-1	-12.106	3.2474	0	-7.3438	3	-1	1	1	0	0	0
5	1026.2	-5.4693	2.3164	-5.4693	2.3164	0	2	105	-3.1058	4.2473	-1	-12.106	3.2474	0	-7.3438	3	-1	1	1	0	0	0
5	1042.9	-5.5297	2.5416	-5.5297	2.5416	0	2	105	-3.1058	4.2473	-1	-12.106	3.2474	0	-7.3438	3	-1	1	1	0	0	0
5	1059.5	-5.5498	2.6382	-5.5498	2.6382	0	2	105	-3.1058	4.2473	-1	-12.106	3.2474	0	-7.3438	3	-1	1	1	0	0	0
5	1076.1	-5.59	2.8312	-5.59	2.8312	0	2	105	-3.1058	4.2473	-1	-12.106	3.2474	0	-7.3438	3	-1	1	0	0	0	0
5	1092.7	-5.59	2.8955	-5.59	2.8955	0	2	105	-3.1058	4.2473	-1	-12.106	3.2474	0	-7.3438	3	-1	1	0	0	0	0
5	1109.2	-5.6101	3.0564	-5.6101	3.0564	0	2	105	-3.1058	4.2473	-1	-12.106	3.2474	0	-7.3438	3	-1	1	0	0	0	0
5	1125.8	-5.6302	3.1851	-5.6302	3.1851	0	2	105	-3.1058	4.2473	-1	-12.106	3.2474	0	-7.3438	3	-1	1	0	0	0	0
5	1142.4	-5.6302	3.2494	-5.6302	3.2494	0	2	105	-3.1058	4.2473	-1	-12.106	3.2474	0	-7.3438	3	-1	1	0	0	0	0
5	1159	-5.6302	3.3781	-5.6302	3.3781	0	2	105	-3.1058	4.2473	-1	-12.106	3.2474	0	-7.3438	3	-1	1	0	0	0	0
5	1175.6	-5.6503	3.4746	-5.6503	3.4746	0	2	105	-3.1058	4.2473	-1	-12.106	3.2474	0	-7.3438	3	-1	1	0	0	0	0
5	1192.2	-5.6503	3.5712	-5.6503	3.5712	0	2	105	-3.1058	4.2473	-1	-12.106	3.2474	0	-7.3438	3	-1	1	0	0	0	0
5	1208.8	-5.6704	3.6999	-5.6704	3.6999	0	3	105	-3.1058	4.2473	-1	-12.106	3.2474	0	-7.3438	3	-1	1	0	0	0	0
6	30.242	-0.32173	-7.1101	-0.32173	-7.1101	0	1	105	-3.1058	4.2473	-1	-12.106	3.2474	0	-7.3438	3	-1	1	1	0	0	0
6	46.841	-0.24129	-7.3032	-0.24129	-7.3032	0	1	105	-3.1058	4.2473	-1	-12.106	3.2474	0	-7.3438	3	-1	1	1	0	0	0
6	63.428	-0.18097	-7.4319	-0.18097	-7.4319	0	1	105	-3.1058	4.2473	-1	-12.106	3.2474	0	-7.3438	3	-1	1	1	0	0	0
6	80.002	-0.18097	-7.4962	-0.18097	-7.4962	0	1	105	-3.1058	4.2473	-1	-12.106	3.2474	0	-7.3438	3	-1	1	1	0	0	0
6	96.58	-0.16086	-7.5284	-0.16086	-7.5284	0	1	105	-3.1058	4.2473	-1	-12.106	3.2474	0	-7.3438	3	-1	1	1	0	0	0
6	113.18	-0.14076	-7.5284	-0.14076	-7.5284	0	1	105	-3.1058	4.2473	-1	-12.106	3.2474	0	-7.3438	3	-1	1	1	0	0	0
6	129.81	-0.14076	-7.5606	-0.14076	-7.5606	0	1	105	-3.1058	4.2473	-1	-12.106	3.2474	0	-7.3438	3	-1	1	1	0	0	0
6	146.37	-0.14076	-7.5606	-0.14076	-7.5606	0	1	105	-3.1058	4.2473	-1	-12.106	3.2474	0	-7.3438	3	-1	1	1	0	0	0
6	163.02	-0.14076	-7.5606	-0.14076	-7.5606	0	1	105	-3.1058	4.2473	-1	-12.106	3.2474	0	-7.3438	3	-1	1	1	0	0	0
6	179.62	-0.12065	-7.5927	-0.12065	-7.5927	0	1	105	-3.1058	4.2473	-1	-12.106	3.2474	0	-7.3438	3	-1	1	1	0	0	0
6	196.16	-0.12065	-7.5927	-0.12065	-7.5927	0	1	105	-3.1058	4.2473	-1	-12.106	3.2474	0	-7.3438	3	-1	1	1	0	0	0
6	212.71	-0.12065	-7.5927	-0.12065	-7.5927	0	1	105	-3.1058	4.2473	-1	-12.106	3.2474	0	-7.3438	3	-1	1	1	0	0	0
6	229.37	-0.12065	-7.5927	-0.12065	-7.5927	0	1	105	-3.1058	4.2473	-1	-12.106	3.2474	0	-7.3438	3	-1	1	1	0	0	0
6	246	-0.12065	-7.5927	-0.12065	-7.5927	0	1	105	-3.1058	4.2473	-1	-12.106	3.2474	0	-7.3438	3	-1	1	1	0	0	0
6	262.52	-0.12065	-7.5927	-0.12065	-7.5927	0	1	105	-3.1058	4.2473	-1	-12.106	3.2474	0	-7.3438	3	-1	1	1	0	0	0
6	279.15	-0.12065	-7.5927	-0.12065	-7.5927	0	1	105	-3.1058	4.2473	-1	-12.106	3.2474	0	-7.3438	3	-1	1	1	0	0	0
6	295.78	-0.12065	-7.5927	-0.12065	-7.5927	0	1	105	-3.1058	4.2473	-1	-12.106	3.2474	0	-7.3438	3	-1	1	1	0	0	0
6	312.35	-0.12065	-7.5927	-0.12065	-7.5927	0	1	105	-3.1058	4.2473	-1	-12.106	3.2474	0	-7.3438	3	-1	1	1	0	0	0
6	328.92	-0.12065	-7.5927	-0.12065	-7.5927	0	1	105	-3.1058	4.2473	-1	-12.106	3.2474	0	-7.3438	3	-1	1	1	0	0	0
6	345.49	-0.12065	-7.5927	-0.12065	-7.5927	0	1	105	-3.1058	4.2473	-1	-12.106	3.2474	0	-7.3438	3	-1	1	1	0	0	0
6	362.12	-0.12065	-7.5927	-0.12065	-7.5927	0	1	105	-3.1058	4.2473	-1	-12.106	3.2474	0	-7.3438	3	-1	1	1	0	0	0
6	378.74	-0.12065	-7.5927	-0.12065	-7.5927	0	1	105	-3.1058	4.2473	-1	-12.106	3.2474	0	-7.3438	3	-1	1	1	0	0	0
6	395.34	-0.12065	-7.5927	-0.12065	-7.5927	0	1	105	-3.1058	4.2473	-1	-12.106	3.2474	0	-7.3438	3	-1	1	1	0	0	0
6	411.87	-0.12065	-7.5927	-0.12065	-7.5927	0	1	105	-3.1058	4.2473	-1	-12.106	3.2474	0	-7.3438	3	-1	1	1	0	0	0
6	428.52	-0.14076	-7.5927	-0.14076	-7.5927	0	1	105	-3.1058	4.2473	-1	-12.106	3.2474	0	-7.3438	3	-1	1	1	0	0	0
6	445.08	-0.14076	-7.5606	-0.14076	-7.5606	0	1	105	-3.1058	4.2473	-1	-12.106	3.2474	0	-7.3438	3	-1	1	1	0	0	0
6	461.65	-0.14076	-7.5606	-0.14076	-7.5606	0	1	105	-3.1058	4.2473	-1	-12.106	3.2474	0	-7.3438	3	-1	1	1	0	0	0
6	478.27	-0.18097	-7.4962	-0.18097	-7.4962	0	1	105	-3.1058	4.2473	-1	-12.106	3.2474	0	-7.3438	3	-1	1	1	0	0	0
6	494.98	-0.24129	-7.3354	-0.24129	-7.3354	0	1	105	-3.1058	4.2473	-1	-12.106	3.2474	0	-7.3438	3	-1	1	1	0	0	0
6	511.44	-0.30162	-7.2067	-0.30162	-7.2067	0	1	105	-3.1058	4.2473	-1	-12.106	3.2474	0	-7.3438	3	-1	1	1	0	0	0
6	528.09	-0.42227	-6.9171	-0.42227	-6.9171	0	1	105	-3.1058	4.2473	-1	-12.106	3.2474	0	-7.3438	3	-1	1	1	0	0	0
6	544.62	-0.48259	-6.7562	-0.48259	-6.7562	0	1	105	-3.1058	4.2473	-1	-12.106	3.2474	0	-7.3438	3	-1	1	1	0	0	0
6	561.25	-0.62334	-6.4345	-0.62334	-6.4345	0	1	105	-3.1058	4.2473	-1	-12.106	3.2474	0	-7.3438	3	-1	1	1	0	0	0
6	577.83	-0.7641	-6.0485	-0.7641	-6.0485	0	1	105	-3.1058	4.2473	-1	-12.106	3.2474	0	-7.3438	3	-1	1	1	0	0	0
6	594.48	-0.94507	-5.598	-0.94507	-5.598	0	1	105	-3.1058	4.2473	-1	-12.106	3.2474	0	-7.3438	3	-1	1	1	0	0	0
6	611.05	-1.0255	-5.3728	-1.0255	-5.3728	0	1	105	-3.1058	4.2473	-1	-12.106	3.2474	0	-7.3438	3	-1	1	1	0	0	0
6	627.65	-1.2266	-4.8902	-1.2266	-4.8902	0	2	105	-3.1058	4.2473	-1	-12.106	3.2474	0	-7.3438	3	-1	1	1	0	0	0
6	644.25	-1.3271	-4.6329	-1.3271	-4.6329	0	2	105	-3.1058	4.2473	-1	-12.106	3.2474	0	-7.3438	3	-1	1	1	0	0	0
6	660.81	-1.5483	-4.0859	-1.5483	-4.0859	0	2	105	-3.1058	4.2473	-1	-12.106	3.2474	0	-7.3438	3	-1	1	1	0	0	0
6	677.43	-1.7695	-3.539	-1.7695	-3.539	0	2	105	-3.1058	4.2473	-1	-12.106	3.2474	0	-7.3438	3	-1	1	1	0	1	0
6	694.03	-1.9907	-2.9599	-1.9907	-2.9599	0	2	105	-3.1058	4.2473	-1	-12.106	3.2474	0	-7.3438	3	-1	1	1	0	0	0
6	710.61	-2.0912	-2.6703	-2.0912	-2.6703	0	2	105	-3.1058	4.2473	-1	-12.106	3.2474	0	-7.3438	3	-1	1	1	0	0	0
6	727.22	-2.2923	-2.0912	-2.2923	-2.0912	0	2	105	-3.1058	4.2473	-1	-12.106	3.2474	0	-7.3438	3	-1	1	1	0	0	0
6	743.8	-2.3928	-1.8017	-2.3928	-1.8017	0	2	105	-3.1058	4.2473	-1	-12.106	3.2474	0	-7.3438	3	-1	1	1	0	0	0
6	760.38	-2.5939	-1.2547	-2.5939	-1.2547	0	2	105	-3.1058	4.2473	-1	-12.106	3.2474	0	-7.3438	3	-1	1	1	0	0	0
6	776.97	-2.7749	-0.73997	-2.7749	-0.73997	0	2	105	-3.1058	4.2473	-1	-12.106	3.2474	0	-7.3438	3	-1	1	1	0	0	0
6	793.61	-2.9358	-0.22521	-2.9358	-0.22521	0	2	105	-3.1058	4.2473	-1	-12.106	3.2474	0	-7.3438	3	-1	1	1	0	0	0
6	810.17	-3.0363	0.032173	-3.0363	0.032173	0	2	105	-3.1058	4.2473	-1	-12.106	3.2474	0	-7.3438	3	-1	1	1	0	0	0
6	826.73	-3.177	0.51476	-3.177	0.51476	0	2	105	-3.1058	4.2473	-1	-12.106	3.2474	0	-7.3438	3	-1	1	1	0	0	0
6	843.38	-3.2575	0.77214	-3.2575	0.77214	0	2	105	-3.1058	4.2473	-1	-12.106	3.2474	0	-7.3438	3	-1	1	1	0	0	0
6	859.93	-3.3781	1.2226	-3.3781	1.2226	0	2	105	-3.1058	4.2473	-1	-12.106	3.2474	0	-7.3438	3	-1	1	1	0	0	0
6	876.53	-3.4988	1.6408	-3.4988	1.6408	0	2	105	-3.1058	4.2473	-1	-12.106	3.2474	0	-7.3438	3	-1	1	1	0	0	0
6	893.11	-3.5792	1.8338	-3.5792	1.8338	0	2	105	-3.1058	4.2473	-1	-12.106	3.2474	0	-7.3438	3	-1	1	1	0	0	0
6	909.72	-3.6999	2.2199	-3.6999	2.2199	0	2	105	-3.1058	4.2473	-1	-12.106	3.2474	0	-7.3438	3	-1	1	1	0	0	0
6	926.34	-3.8205	2.5416	-3.8205	2.5416	0	2	105	-3.1058	4.2473	-1	-12.106	3.2474	0	-7.3438	3	-1	1	1	0	0	0
6	942.93	-3.8808	2.7025	-3.8808	2.7025	0	2	105	-3.1058	4.2473	-1	-12.106	3.2474	0	-7.3438	3	-1	1	1	0	0	0
6	959.51	-4.0015	3.0242	-4.0015	3.0242	0	2	105	-3.1058	4.2473	-1	-12.106	3.2474	0	-7.3438	3	-1	1	1	0	0	0
6	976.06	-4.102	3.3138	-4.102	3.3138	0	2	105	-3.1058	4.2473	-1	-12.106	3.2474	0	-7.3438	3	-1	1	1	0	0	0
6	992.69	-4.1623	3.4425	-4.1623	3.4425	0	2	105	-3.1058	4.2473	-1	-12.106	3.2474	0	-7.3438	3	-1	1	1	0	0	0
6	1009.3	-4.283	3.732	-4.283	3.732	0	2	105	-3.1058	4.2473	-1	-12.106	3.2474	0	-7.3438	3	-1	1	1	0	0	0
6	1025.9	-4.4036	3.9894	-4.4036	3.9894	0	2	105	-3.1058	4.2473	-1	-12.106	3.2474	0	-7.3438	3	-1	1	1	0	0	0
6	1042.5	-4.464	4.0859	-4.464	4.0859	0	2	105	-3.1058	4.2473	-1	-12.106	3.2474	0	-7.3438	3	-1	1	1	0	0	0
6	1059.1	-4.5846	4.3111	-4.5846	4.3111	0	2	105	-3.1058	4.2473	-1	-12.106	3.2474	0	-7.3438	3	-1	1	1	0	0	0
6	1075.7	-4.7052	4.5042	-4.7052	4.5042	0	2	105	-3.1058	4.2473	-1	-12.106	3.2474	0	-7.3438	3	-1	1	1	0	0	0
6	1092.3	-4.7656	4.6007	-4.7656	4.6007	0	2	105	-3.1058	4.2473	-1	-12.106	3.2474	0	-7.3438	3	-1	1	1	0	0	0
6	1108.9	-4.8661	4.7615	-4.8661	4.7615	0	2	105	-3.1058	4.2473	-1	-12.106	3.2474	0	-7.3438	3	-1	1	1	0	0	0
6	1125.5	-4.9264	4.8259	-4.9264	4.8259	0	2	105	-3.1058	4.2473	-1	-12.106	3.2474	0	-7.3438	3	-1	1	1	0	0	0
6	1142	-5.0069	4.9546	-5.0069	4.9546	0	2	105	-3.1058	4.2473	-1	-12.106	3.2474	0	-7.3438	3	-1	1	1	0	0	0
6	1158.7	-5.0873	5.0511	-5.0873	5.0511	0	2	105	-3.1058	4.2473	-1	-12.106	3.2474	0	-7.3438	3	-1	1	1	0	0	0
6	1175.3	-5.1275	5.1154	-5.1275	5.1154	0	2	105	-3.1058	4.2473	-1	-12.106	3.2474	0	-7.3438	3	-1	1	0	0	0	0
6	1191.8	-5.1476	5.1154	-5.1476	5.1154	0	2	105	-3.1058	4.2473	-1	-12.106	3.2474	0	-7.3438	3	-1	1	0	0	0	0
6	1208.4	-5.1677	5.1476	-5.1677	5.1476	0	3	105	-3.1058	4.2473	-1	-12.106	3.2474	0	-7.3438	3	-1	1	0	0	0	0
7	30.445	-0.48259	-7.3997	-0.48259	-7.3997	0	1	75	3.1058	4.2473	-1	-5.8942	3.2474	0	-7.3438	3	-1	1	0	0	0	0
7	47.026	-0.40216	-7.464	-0.40216	-7.464	0	1	75	3.1058	4.2473	-1	-5.8942	3.2474	0	-7.3438	3	-1	1	0	0	0	0
7	63.659	-0.38205	-7.4962	-0.38205	-7.4962	0	1	75	3.1058	4.2473	-1	-5.8942	3.2474	0	-7.3438	3	-1	1	0	0	0	0
7	80.205	-0.32173	-7.5284	-0.32173	-7.5284	0	1	75	3.1058	4.2473	-1	-5.8942	3.2474	0	-7.3438	3	-1	1	0	0	0	0
7	96.849	-0.2614	-7.5606	-0.2614	-7.5606	0	1	75	3.1058	4.2473	-1	-5.8942	3.2474	0	-7.3438	3	-1	1	0	0	0	0
7	113.41	-0.24129	-7.5927	-0.24129	-7.5927	0	1	75	3.1058	4.2473	-1	-5.8942	3.2474	0	-7.3438	3	-1	1	0	0	0	0
7	129.97	-0.18097	-7.5927	-0.18097	-7.5927	0	1	75	3.1058	4.2473	-1	-5.8942	3.2474	0	-7.3438	3	-1	1	0	0	0	0
7	146.56	-0.18097	-7.5927	-0.18097	-7.5927	0	1	75	3.1058	4.2473	-1	-5.8942	3.2474	0	-7.3438	3	-1	1	0	0	0	0
7	163.23	-0.16086	-7.6249	-0.16086	-7.6249	0	1	75	3.1058	4.2473	-1	-5.8942	3.2474	0	-7.3438	3	-1	1	0	0	0	0
7	179.78	-0.16086	-7.6249	-0.16086	-7.6249	0	1	75	3.1058	4.2473	-1	-5.8942	3.2474	0	-7.3438	3	-1	1	0	0	0	0
7	196.34	-0.16086	-7.6249	-0.16086	-7.6249	0	1	75	3.1058	4.2473	-1	-5.8942	3.2474	0	-7.3438	3	-1	1	0	0	0	0
7	212.97	-0.16086	-7.6249	-0.16086	-7.6249	0	1	75	3.1058	4.2473	-1	-5.8942	3.2474	0	-7.3438	3	-1	1	0	0	0	0
7	229.55	-0.16086	-7.6249	-0.16086	-7.6249	0	1	75	3.1058	4.2473	-1	-5.8942	3.2474	0	-7.3438	3	-1	1	0	0	0	0
7	246.12	-0.16086	-7.6249	-0.16086	-7.6249	0	1	75	3.1058	4.2473	-1	-5.8942	3.2474	0	-7.3438	3	-1	1	0	0	0	0
7	262.7	-0.16086	-7.6249	-0.16086	-7.6249	0	1	75	3.1058	4.2473	-1	-5.8942	3.2474	0	-7.3438	3	-1	1	0	0	0	0
7	279.36	-0.16086	-7.6249	-0.16086	-7.6249	0	1	75	3.1058	4.2473	-1	-5.8942	3.2474	0	-7.3438	3	-1	1	0	0	0	0
7	295.98	-0.16086	-7.6249	-0.16086	-7.6249	0	1	75	3.1058	4.2473	-1	-5.8942	3.2474	0	-7.3438	3	-1	1	0	0	0	0
7	312.53	-0.16086	-7.6249	-0.16086	-7.6249	0	1	75	3.1058	4.2473	-1	-5.8942	3.2474	0	-7.3438	3	-1	1	0	0	0	0
7	329.13	-0.16086	-7.6249	-0.16086	-7.6249	0	1	75	3.1058	4.2473	-1	-5.8942	3.2474	0	-7.3438	3	-1	1	0	0	0	0
7	345.72	-0.16086	-7.6249	-0.16086	-7.6249	0	1	75	3.1058	4.2473	-1	-5.8942	3.2474	0	-7.3438	3	-1	1	0	0	0	0
7	362.32	-0.16086	-7.6249	-0.16086	-7.6249	0	1	75	3.1058	4.2473	-1	-5.8942	3.2474	0	-7.3438	3	-1	1	0	0	0	0
7	378.91	-0.16086	-7.6249	-0.16086	-7.6249	0	1	75	3.1058	4.2473	-1	-5.8942	3.2474	0	-7.3438	3	-1	1	0	0	0	0
7	395.54	-0.16086	-7.5927	-0.16086	-7.5927	0	1	75	3.1058	4.2473	-1	-5.8942	3.2474	0	-7.3438	3	-1	1	0	0	0	0
7	412.14	-0.16086	-7.5927	-0.16086	-7.5927	0	1	75	3.1058	4.2473	-1	-5.8942	3.2474	0	-7.3438	3	-1	1	0	0	0	0
7	428.68	-0.16086	-7.5606	-0.16086	-7.5606	0	1	75	3.1058	4.2473	-1	-5.8942	3.2474	0	-7.3438	3	-1	1	1	0	0	0
7	445.31	-0.14076	-7.5606	-0.14076	-7.5606	0	1	75	3.1058	4.2473	-1	-5.8942	3.2474	0	-7.3438	3	-1	1	1	0	0	0
7	461.86	-0.12065	-7.464	-0.12065	-7.464	0	1	75	3.1058	4.2473	-1	-5.8942	3.2474	0	-7.3438	3	-1	1	1	0	0	0
7	478.4	-0.080432	-7.2388	-0.080432	-7.2388	0	1	75	3.1058	4.2473	-1	-5.8942	3.2474	0	-7.3438	3	-1	1	1	0	0	0
7	495.11	-0.040216	-6.9171	-0.040216	-6.9171	0	1	75	3.1058	4.2473	-1	-5.8942	3.2474	0	-7.3438	3	-1	1	1	0	0	0
7	511.69	0	-6.7241	0	-6.7241	0	1	75	3.1058	4.2473	-1	-5.8942	3.2474	0	-7.3438	3	-1	1	1	0	0	0
7	528.28	0.10054	-6.2737	0.10054	-6.2737	0	1	75	3.1058	4.2473	-1	-5.8942	3.2474	0	-7.3438	3	-1	1	1	0	0	0
7	544.89	0.16086	-6.0485	0.16086	-6.0485	0	1	75	3.1058	4.2473	-1	-5.8942	3.2474	0	-7.3438	3	-1	1	1	0	0	0
7	561.48	0.30162	-5.598	0.30162	-5.598	0	1	75	3.1058	4.2473	-1	-5.8942	3.2474	0	-7.3438	3	-1	1	1	0	0	0
7	578.05	0.44237	-5.0833	0.44237	-5.0833	0	1	75	3.1058	4.2473	-1	-5.8942	3.2474	0	-7.3438	3	-1	1	1	0	0	0
7	594.63	0.52281	-4.7937	0.52281	-4.7937	0	2	75	3.1058	4.2473	-1	-5.8942	3.2474	0	-7.3438	3	-1	1	1	0	0	0
7	611.26	0.70378	-4.2146	0.70378	-4.2146	0	2	75	3.1058	4.2473	-1	-5.8942	3.2474	0	-7.3438	3	-1	1	1	0	0	0
7	627.89	0.90485	-3.6033	0.90485	-3.6033	0	2	75	3.1058	4.2473	-1	-5.8942	3.2474	0	-7.3438	3	-1	1	1	0	0	0
7	644.41	1.0054	-3.3138	1.0054	-3.3138	0	2	75	3.1058	4.2473	-1	-5.8942	3.2474	0	-7.3438	3	-1	1	1	0	0	0
7	660.99	1.1864	-2.7025	1.1864	-2.7025	0	2	75	3.1058	4.2473	-1	-5.8942	3.2474	0	-7.3438	3	-1	1	1	0	0	0
7	677.59	1.3874	-2.059	1.3874	-2.059	0	2	75	3.1058	4.2473	-1	-5.8942	3.2474	0	-7.3438	3	-1	1	1	0	0	0
7	694.2	1.488	-1.7695	1.488	-1.7695	0	2	75	3.1058	4.2473	-1	-5.8942	3.2474	0	-7.3438	3	-1	1	1	0	1	0
7	710.77	1.6891	-1.126	1.6891	-1.126	0	2	75	3.1058	4.2473	-1	-5.8942	3.2474	0	-7.3438	3	-1	1	1	0	0	0
7	727.37	1.8901	-0.51476	1.8901	-0.51476	0	2	75	3.1058	4.2473	-1	-5.8942	3.2474	0	-7.3438	3	-1	1	1	0	0	0
7	744.02	1.9706	-0.22521	1.9706	-0.22521	0	2	75	3.1058	4.2473	-1	-5.8942	3.2474	0	-7.3438	3	-1	1	1	0	0	0
7	760.66	2.1717	0.3539	2.1717	0.3539	0	2	75	3.1058	4.2473	-1	-5.8942	3.2474	0	-7.3438	3	-1	1	1	0	0	0
7	777.16	2.3727	0.90083	2.3727	0.90083	0	2	75	3.1058	4.2473	-1	-5.8942	3.2474	0	-7.3438	3	-1	1	1	0	0	0
7	793.74	2.4733	1.1582	2.4733	1.1582	0	2	75	3.1058	4.2473	-1	-5.8942	3.2474	0	-7.3438	3	-1	1	1	0	0	0
7	810.37	2.6945	1.673	2.6945	1.673	0	2	75	3.1058	4.2473	-1	-5.8942	3.2474	0	-7.3438	3	-1	1	1	0	0	0
7	826.95	2.9156	2.1556	2.9156	2.1556	0	2	75	3.1058	4.2473	-1	-5.8942	3.2474	0	-7.3438	3	-1	1	1	0	0	0
7	843.6	3.0162	2.4129	3.0162	2.4129	0	2	75	3.1058	4.2473	-1	-5.8942	3.2474	0	-7.3438	3	-1	1	1	0	0	0
7	860.15	3.1972	2.799	3.1972	2.799	0	2	75	3.1058	4.2473	-1	-5.8942	3.2474	0	-7.3438	3	-1	1	1	0	0	0
7	876.77	3.3379	3.1529	3.3379	3.1529	0	2	75	3.1058	4.2473	-1	-5.8942	3.2474	0	-7.3438	3	-1	1	1	0	0	0
7	893.32	3.3982	3.3138	3.3982	3.3138	0	2	75	3.1058	4.2473	-1	-5.8942	3.2474	0	-7.3438	3	-1	1	1	0	0	0
7	909.92	3.4988	3.5712	3.4988	3.5712	0	2	75	3.1058	4.2473	-1	-5.8942	3.2474	0	-7.3438	3	-1	1	1	0	0	0
7	926.52	3.539	3.6677	3.539	3.6677	0	2	75	3.1058	4.2473	-1	-5.8942	3.2474	0	-7.3438	3	-1	1	1	0	0	0
7	943.11	3.5993	3.8929	3.5993	3.8929	0	2	75	3.1058	4.2473	-1	-5.8942	3.2474	0	-7.3438	3	-1	1	1	0	0	0
7	959.73	3.6596	4.0859	3.6596	4.0859	0	2	75	3.1058	4.2473	-1	-5.8942	3.2474	0	-7.3438	3	-1	1	1	0	0	0
7	976.3	3.6999	4.2146	3.6999	4.2146	0	2	75	3.1058	4.2473	-1	-5.8942	3.2474	0	-7.3438	3	-1	1	0	0	0	0
7	992.91	3.6999	4.279	3.6999	4.279	0	2	75	3.1058	4.2473	-1	-5.8942	3.2474	0	-7.3438	3	-1	1	0	0	0	0
7	1009.5	3.7401	4.4076	3.7401	4.4076	0	2	75	3.1058	4.2473	-1	-5.8942	3.2474	0	-7.3438	3	-1	1	0	0	0	0
7	1026.1	3.7401	4.472	3.7401	4.472	0	2	75	3.1058	4.2473	-1	-5.8942	3.2474	0	-7.3438	3	-1	1	0	0	0	0
7	1042.6	3.7602	4.5685	3.7602	4.5685	0	2	75	3.1058	4.2473	-1	-5.8942	3.2474	0	-7.3438	3	-1	1	0	0	0	0
7	1059.3	3.7803	4.665	3.7803	4.665	0	2	75	3.1058	4.2473	-1	-5.8942	3.2474	0	-7.3438	3	-1	1	0	0	0	0
7	1075.9	3.7803	4.7615	3.7803	4.7615	0	3	75	3.1058	4.2473	-1	-5.8942	3.2474	0	-7.3438	3	-1	1	0	0	0	0
8	30.635	-0.34183	-7.3032	-0.34183	-7.3032	0	1	90	0	4.6562	-1	-9	3.6562	0	-7.3438	3	-1	1	1	0	0	0
8	47.286	-0.36194	-7.3997	-0.36194	-7.3997	0	1	90	0	4.6562	-1	-9	3.6562	0	-7.3438	3	-1	1	1	0	0	0
8	63.861	-0.36194	-7.464	-0.36194	-7.464	0	1	90	0	4.6562	-1	-9	3.6562	0	-7.3438	3	-1	1	1	0	0	0
8	80.44	-0.36194	-7.464	-0.36194	-7.464	0	1	90	0	4.6562	-1	-9	3.6562	0	-7.3438	3	-1	1	1	0	0	0
8	96.971	-0.36194	-7.4962	-0.36194	-7.4962	0	1	90	0	4.6562	-1	-9	3.6562	0	-7.3438	3	-1	1	1	0	0	0
8	113.6	-0.36194	-7.4962	-0.36194	-7.4962	0	1	90	0	4.6562	-1	-9	3.6562	0	-7.3438	3	-1	1	1	0	0	0
8	130.2	-0.34183	-7.4962	-0.34183	-7.4962	0	1	90	0	4.6562	-1	-9	3.6562	0	-7.3438	3	-1	1	1	0	0	0
8	146.79	-0.34183	-7.5284	-0.34183	-7.5284	0	1	90	0	4.6562	-1	-9	3.6562	0	-7.3438	3	-1	1	1	0	0	0
8	163.42	-0.34183	-7.5284	-0.34183	-7.5284	0	1	90	0	4.6562	-1	-9	3.6562	0	-7.3438	3	-1	1	1	0	0	0
8	180.06	-0.34183	-7.5284	-0.34183	-7.5284	0	1	90	0	4.6562	-1	-9	3.6562	0	-7.3438	3	-1	1	1	0	0	0
8	196.57	-0.34183	-7.5284	-0.34183	-7.5284	0	1	90	0	4.6562	-1	-9	3.6562	0	-7.3438	3	-1	1	1	0	0	0
8	213.15	-0.34183	-7.5284	-0.34183	-7.5284	0	1	90	0	4.6562	-1	-9	3.6562	0	-7.3438	3	-1	1	1	0	0	0
8	229.72	-0.32173	-7.5284	-0.32173	-7.5284	0	1	90	0	4.6562	-1	-9	3.6562	0	-7.3438	3	-1	1	1	0	0	0
8	246.37	-0.32173	-7.5284	-0.32173	-7.5284	0	1	90	0	4.6562	-1	-9	3.6562	0	-7.3438	3	-1	1	1	0	0	0
8	262.97	-0.32173	-7.5284	-0.32173	-7.5284	0	1	90	0	4.6562	-1	-9	3.6562	0	-7.3438	3	-1	1	1	0	0	0
8	279.58	-0.32173	-7.5284	-0.32173	-7.5284	0	1	90	0	4.6562	-1	-9	3.6562	0	-7.3438	3	-1	1	1	0	0	0
8	296.14	-0.34183	-7.5284	-0.34183	-7.5284	0	1	90	0	4.6562	-1	-9	3.6562	0	-7.3438	3	-1	1	1	0	0	0
8	312.77	-0.34183	-7.5284	-0.34183	-7.5284	0	1	90	0	4.6562	-1	-9	3.6562	0	-7.3438	3	-1	1	1	0	0	0
8	329.34	-0.34183	-7.5284	-0.34183	-7.5284	0	1	90	0	4.6562	-1	-9	3.6562	0	-7.3438	3	-1	1	1	0	0	0
8	345.87	-0.34183	-7.4962	-0.34183	-7.4962	0	1	90	0	4.6562	-1	-9	3.6562	0	-7.3438	3	-1	1	1	0	0	0
8	362.5	-0.34183	-7.4962	-0.34183	-7.4962	0	1	90	0	4.6562	-1	-9	3.6562	0	-7.3438	3	-1	1	1	0	0	0
8	379.15	-0.34183	-7.464	-0.34183	-7.464	0	1	90	0	4.6562	-1	-9	3.6562	0	-7.3438	3	-1	1	1	0	0	0
8	395.75	-0.38205	-7.3354	-0.38205	-7.3354	0	1	90	0	4.6562	-1	-9	3.6562	0	-7.3438	3	-1	1	1	0	0	0
8	412.32	-0.40216	-7.2388	-0.40216	-7.2388	0	1	90	0	4.6562	-1	-9	3.6562	0	-7.3438	3	-1	1	1	0	0	0
8	428.9	-0.44237	-6.9493	-0.44237	-6.9493	0	1	90	0	4.6562	-1	-9	3.6562	0	-7.3438	3	-1	1	1	0	0	0
8	445.48	-0.5027	-6.6597	-0.5027	-6.6597	0	1	90	0	4.6562	-1	-9	3.6562	0	-7.3438	3	-1	1	1	0	0	0
8	462.1	-0.52281	-6.4667	-0.52281	-6.4667	0	1	90	0	4.6562	-1	-9	3.6562	0	-7.3438	3	-1	1	1	0	0	0
8	478.66	-0.56302	-6.0806	-0.56302	-6.0806	0	1	90	0	4.6562	-1	-9	3.6562	0	-7.3438	3	-1	1	1	0	0	0
8	495.28	-0.62334	-5.6624	-0.62334	-5.6624	0	1	90	0	4.6562	-1	-9	3.6562	0	-7.3438	3	-1	1	1	0	0	0
8	511.88	-0.66356	-5.4372	-0.66356	-5.4372	0	1	90	0	4.6562	-1	-9	3.6562	0	-7.3438	3	-1	1	1	0	0	0
8	528.49	-0.70378	-4.9224	-0.70378	-4.9224	0	2	90	0	4.6562	-1	-9	3.6562	0	-7.3438	3	-1	1	1	0	0	0
8	545.06	-0.7641	-4.3755	-0.7641	-4.3755	0	2	90	0	4.6562	-1	-9	3.6562	0	-7.3438	3	-1	1	1	0	0	0
8	561.64	-0.78421	-4.0859	-0.78421	-4.0859	0	2	90	0	4.6562	-1	-9	3.6562	0	-7.3438	3	-1	1	1	0	0	0
8	578.22	-0.84453	-3.5068	-0.84453	-3.5068	0	2	90	0	4.6562	-1	-9	3.6562	0	-7.3438	3	-1	1	1	0	0	0
8	594.85	-0.90485	-2.9277	-0.90485	-2.9277	0	2	90	0	4.6562	-1	-9	3.6562	0	-7.3438	3	-1	1	1	0	0	0
8	611.49	-0.92496	-2.606	-0.92496	-2.606	0	2	90	0	4.6562	-1	-9	3.6562	0	-7.3438	3	-1	1	1	0	0	0
8	628.1	-0.96518	-1.9947	-0.96518	-1.9947	0	2	90	0	4.6562	-1	-9	3.6562	0	-7.3438	3	-1	1	1	0	1	0
8	644.65	-1.0054	-1.3834	-1.0054	-1.3834	0	2	90	0	4.6562	-1	-9	3.6562	0	-7.3438	3	-1	1	1	0	0	0
8	661.18	-1.0054	-1.0939	-1.0054	-1.0939	0	2	90	0	4.6562	-1	-9	3.6562	0	-7.3438	3	-1	1	1	0	0	0
8	677.81	-1.0456	-0.51476	-1.0456	-0.51476	0	2	90	0	4.6562	-1	-9	3.6562	0	-7.3438	3	-1	1	1	0	0	0
8	694.39	-1.0657	0.032173	-1.0657	0.032173	0	2	90	0	4.6562	-1	-9	3.6562	0	-7.3438	3	-1	1	1	0	0	0
8	711.03	-1.0657	0.32173	-1.0657	0.32173	0	2	90	0	4.6562	-1	-9	3.6562	0	-7.3438	3	-1	1	1	0	0	0
8	727.63	-1.0858	0.86866	-1.0858	0.86866	0	2	90	0	4.6562	-1	-9	3.6562	0	-7.3438	3	-1	1	1	0	0	0
8	744.22	-1.1059	1.3834	-1.1059	1.3834	0	2	90	0	4.6562	-1	-9	3.6562	0	-7.3438	3	-1	1	1	0	0	0
8	760.81	-1.1059	1.6086	-1.1059	1.6086	0	2	90	0	4.6562	-1	-9	3.6562	0	-7.3438	3	-1	1	1	0	0	0
8	777.35	-1.126	2.0912	-1.126	2.0912	0	2	90	0	4.6562	-1	-9	3.6562	0	-7.3438	3	-1	1	1	0	0	0
8	793.97	-1.126	2.5095	-1.126	2.5095	0	2	90	0	4.6562	-1	-9	3.6562	0	-7.3438	3	-1	1	1	0	0	0
8	810.54	-1.126	2.7025	-1.126	2.7025	0	2	90	0	4.6562	-1	-9	3.6562	0	-7.3438	3	-1	1	1	0	0	0
8	827.19	-1.126	3.0564	-1.126	3.0564	0	2	90	0	4.6562	-1	-9	3.6562	0	-7.3438	3	-1	1	1	0	0	0
8	843.78	-1.1461	3.3781	-1.1461	3.3781	0	2	90	0	4.6562	-1	-9	3.6562	0	-7.3438	3	-1	1	1	0	0	0
8	860.31	-1.1461	3.539	-1.1461	3.539	0	2	90	0	4.6562	-1	-9	3.6562	0	-7.3438	3	-1	1	1	0	0	0
8	876.93	-1.1663	3.7964	-1.1663	3.7964	0	2	90	0	4.6562	-1	-9	3.6562	0	-7.3438	3	-1	1	1	0	0	0
8	893.51	-1.1864	3.9251	-1.1864	3.9251	0	2	90	0	4.6562	-1	-9	3.6562	0	-7.3438	3	-1	1	1	0	0	0
8	910.17	-1.1864	4.1824	-1.1864	4.1824	0	2	90	0	4.6562	-1	-9	3.6562	0	-7.3438	3	-1	1	1	0	0	0
8	926.88	-1.2065	4.4398	-1.2065	4.4398	0	2	90	0	4.6562	-1	-9	3.6562	0	-7.3438	3	-1	1	1	0	0	0
8	943.36	-1.2065	4.665	-1.2065	4.665	0	2	90	0	4.6562	-1	-9	3.6562	0	-7.3438	3	-1	1	1	0	0	0
8	959.93	-1.2065	4.7937	-1.2065	4.7937	0	2	90	0	4.6562	-1	-9	3.6562	0	-7.3438	3	-1	1	1	0	0	0
8	976.53	-1.2065	5.0511	-1.2065	5.0511	0	2	90	0	4.6562	-1	-9	3.6562	0	-7.3438	3	-1	1	1	0	0	0
8	993.1	-1.2065	5.1798	-1.2065	5.1798	0	2	90	0	4.6562	-1	-9	3.6562	0	-7.3438	3	-1	1	1	0	0	0
8	1009.7	-1.2065	5.405	-1.2065	5.405	0	2	90	0	4.6562	-1	-9	3.6562	0	-7.3438	3	-1	1	1	0	0	0
8	1026.3	-1.2065	5.598	-1.2065	5.598	0	2	90	0	4.6562	-1	-9	3.6562	0	-7.3438	3	-1	1	1	0	0	0
8	1042.9	-1.2065	5.7589	-1.2065	5.7589	0	2	90	0	4.6562	-1	-9	3.6562	0	-7.3438	3	-1	1	1	0	0	0
8	1059.5	-1.1864	5.8232	-1.1864	5.8232	0	2	90	0	4.6562	-1	-9	3.6562	0	-7.3438	3	-1	1	1	0	0	0
8	1076.1	-1.1864	5.9198	-1.1864	5.9198	0	2	90	0	4.6562	-1	-9	3.6562	0	-7.3438	3	-1	1	0	0	0	0
8	1092.7	-1.1864	5.9519	-1.1864	5.9519	0	2	90	0	4.6562	-1	-9	3.6562	0	-7.3438	3	-1	1	0	0	0	0
8	1109.2	-1.1864	5.9841	-1.1864	5.9841	0	2	90	0	4.6562	-1	-9	3.6562	0	-7.3438	3	-1	1	0	0	0	0
8	1125.9	-1.1864	5.9841	-1.1864	5.9841	0	3	90	0	4.6562	-1	-9	3.6562	0	-7.3438	3	-1	1	0	0	0	0
9	30.686	-0.54291	-7.3032	-0.54291	-7.3032	0	1	90	0	4.6562	-1	-9	3.6562	0	-7.3438	3	-1	1	1	0	0	0
9	47.274	-0.5027	-7.3675	-0.5027	-7.3675	0	1	90	0	4.6562	-1	-9	3.6562	0	-7.3438	3	-1	1	1	0	0	0
9	63.889	-0.44237	-7.4319	-0.44237	-7.4319	0	1	90	0	4.6562	-1	-9	3.6562	0	-7.3438	3	-1	1	1	0	0	0
9	80.483	-0.40216	-7.464	-0.40216	-7.464	0	1	90	0	4.6562	-1	-9	3.6562	0	-7.3438	3	-1	1	1	0	0	0
9	97.051	-0.36194	-7.4962	-0.36194	-7.4962	0	1	90	0	4.6562	-1	-9	3.6562	0	-7.3438	3	-1	1	1	0	0	0
9	113.68	-0.36194	-7.4962	-0.36194	-7.4962	0	1	90	0	4.6562	-1	-9	3.6562	0	-7.3438	3	-1	1	1	0	0	0
9	130.22	-0.32173	-7.5284	-0.32173	-7.5284	0	1	90	0	4.6562	-1	-9	3.6562	0	-7.3438	3	-1	1	1	0	0	0
9	146.85	-0.30162	-7.5284	-0.30162	-7.5284	0	1	90	0	4.6562	-1	-9	3.6562	0	-7.3438	3	-1	1	1	0	0	0
9	163.43	-0.2614	-7.5606	-0.2614	-7.5606	0	1	90	0	4.6562	-1	-9	3.6562	0	-7.3438	3	-1	1	1	0	0	0
9	180.04	-0.24129	-7.5606	-0.24129	-7.5606	0	1	90	0	4.6562	-1	-9	3.6562	0	-7.3438	3	-1	1	1	0	0	0
9	196.64	-0.22119	-7.5606	-0.22119	-7.5606	0	1	90	0	4.6562	-1	-9	3.6562	0	-7.3438	3	-1	1	1	0	0	0
9	213.23	-0.22119	-7.5927	-0.22119	-7.5927	0	1	90	0	4.6562	-1	-9	3.6562	0	-7.3438	3	-1	1	1	0	0	0
9	229.84	-0.20108	-7.5927	-0.20108	-7.5927	0	1	90	0	4.6562	-1	-9	3.6562	0	-7.3438	3	-1	1	1	0	0	0
9	246.38	-0.20108	-7.5927	-0.20108	-7.5927	0	1	90	0	4.6562	-1	-9	3.6562	0	-7.3438	3	-1	1	1	0	0	0
9	263.01	-0.20108	-7.5927	-0.20108	-7.5927	0	1	90	0	4.6562	-1	-9	3.6562	0	-7.3438	3	-1	1	1	0	0	0
9	279.56	-0.18097	-7.5927	-0.18097	-7.5927	0	1	90	0	4.6562	-1	-9	3.6562	0	-7.3438	3	-1	1	1	0	0	0
9	296.22	-0.18097	-7.5927	-0.18097	-7.5927	0	1	90	0	4.6562	-1	-9	3.6562	0	-7.3438	3	-1	1	1	0	0	0
9	312.82	-0.18097	-7.5927	-0.18097	-7.5927	0	1	90	0	4.6562	-1	-9	3.6562	0	-7.3438	3	-1	1	1	0	0	0
9	329.39	-0.18097	-7.6249	-0.18097	-7.6249	0	1	90	0	4.6562	-1	-9	3.6562	0	-7.3438	3	-1	1	1	0	0	0
9	345.97	-0.16086	-7.6249	-0.16086	-7.6249	0	1	90	0	4.6562	-1	-9	3.6562	0	-7.3438	3	-1	1	1	0	0	0
9	362.57	-0.16086	-7.6249	-0.16086	-7.6249	0	1	90	0	4.6562	-1	-9	3.6562	0	-7.3438	3	-1	1	1	0	0	0
9	379.17	-0.16086	-7.6249	-0.16086	-7.6249	0	1	90	0	4.6562	-1	-9	3.6562	0	-7.3438	3	-1	1	1	0	0	0
9	395.75	-0.16086	-7.6249	-0.16086	-7.6249	0	1	90	0	4.6562	-1	-9	3.6562	0	-7.3438	3	-1	1	1	0	0	0
9	412.38	-0.16086	-7.5927	-0.16086	-7.5927	0	1	90	0	4.6562	-1	-9	3.6562	0	-7.3438	3	-1	1	1	0	0	0
9	428.97	-0.16086	-7.5927	-0.16086	-7.5927	0	1	90	0	4.6562	-1	-9	3.6562	0	-7.3438	3	-1	1	1	0	0	0
9	445.57	-0.14076	-7.5606	-0.14076	-7.5606	0	1	90	0	4.6562	-1	-9	3.6562	0	-7.3438	3	-1	1	1	0	0	0
9	462.12	-0.14076	-7.5284	-0.14076	-7.5284	0	1	90	0	4.6562	-1	-9	3.6562	0	-7.3438	3	-1	1	1	0	0	0
9	478.73	-0.16086	-7.3354	-0.16086	-7.3354	0	1	90	0	4.6562	-1	-9	3.6562	0	-7.3438	3	-1	1	1	0	0	0
9	495.36	-0.20108	-6.9815	-0.20108	-6.9815	0	1	90	0	4.6562	-1	-9	3.6562	0	-7.3438	3	-1	1	1	0	0	0
9	511.92	-0.22119	-6.7562	-0.22119	-6.7562	0	1	90	0	4.6562	-1	-9	3.6562	0	-7.3438	3	-1	1	1	0	0	0
9	528.53	-0.2614	-6.2415	-0.2614	-6.2415	0	1	90	0	4.6562	-1	-9	3.6562	0	-7.3438	3	-1	1	1	0	0	0
9	545.12	-0.30162	-5.6946	-0.30162	-5.6946	0	1	90	0	4.6562	-1	-9	3.6562	0	-7.3438	3	-1	1	1	0	0	0
9	561.72	-0.34183	-5.3728	-0.34183	-5.3728	0	1	90	0	4.6562	-1	-9	3.6562	0	-7.3438	3	-1	1	1	0	0	0
9	578.25	-0.40216	-4.7937	-0.40216	-4.7937	0	2	90	0	4.6562	-1	-9	3.6562	0	-7.3438	3	-1	1	1	0	0	0
9	594.96	-0.46248	-4.1503	-0.46248	-4.1503	0	2	90	0	4.6562	-1	-9	3.6562	0	-7.3438	3	-1	1	1	0	0	0
9	611.63	-0.48259	-3.8285	-0.48259	-3.8285	0	2	90	0	4.6562	-1	-9	3.6562	0	-7.3438	3	-1	1	1	0	0	0
9	628.12	-0.5027	-3.1529	-0.5027	-3.1529	0	2	90	0	4.6562	-1	-9	3.6562	0	-7.3438	3	-1	1	1	0	1	0
9	644.69	-0.54291	-2.4773	-0.54291	-2.4773	0	2	90	0	4.6562	-1	-9	3.6562	0	-7.3438	3	-1	1	1	0	0	0
9	661.27	-0.54291	-2.1234	-0.54291	-2.1234	0	2	90	0	4.6562	-1	-9	3.6562	0	-7.3438	3	-1	1	1	0	0	0
9	677.84	-0.56302	-1.4478	-0.56302	-1.4478	0	2	90	0	4.6562	-1	-9	3.6562	0	-7.3438	3	-1	1	1	0	0	0
9	694.45	-0.58313	-1.126	-0.58313	-1.126	0	2	90	0	4.6562	-1	-9	3.6562	0	-7.3438	3	-1	1	1	0	0	0
9	711.03	-0.60324	-0.51476	-0.60324	-0.51476	0	2	90	0	4.6562	-1	-9	3.6562	0	-7.3438	3	-1	1	1	0	0	0
9	727.66	-0.62334	0.064345	-0.62334	0.064345	0	2	90	0	4.6562	-1	-9	3.6562	0	-7.3438	3	-1	1	1	0	0	0
9	744.24	-0.62334	0.57911	-0.62334	0.57911	0	2	90	0	4.6562	-1	-9	3.6562	0	-7.3438	3	-1	1	1	0	0	0
9	760.91	-0.64345	0.83649	-0.64345	0.83649	0	2	90	0	4.6562	-1	-9	3.6562	0	-7.3438	3	-1	1	1	0	0	0
9	777.44	-0.66356	1.2869	-0.66356	1.2869	0	2	90	0	4.6562	-1	-9	3.6562	0	-7.3438	3	-1	1	1	0	0	0
9	793.99	-0.66356	1.5121	-0.66356	1.5121	0	2	90	0	4.6562	-1	-9	3.6562	0	-7.3438	3	-1	1	1	0	0	0
9	810.63	-0.70378	1.9304	-0.70378	1.9304	0	2	90	0	4.6562	-1	-9	3.6562	0	-7.3438	3	-1	1	1	0	0	0
9	827.22	-0.72388	2.3164	-0.72388	2.3164	0	2	90	0	4.6562	-1	-9	3.6562	0	-7.3438	3	-1	1	1	0	0	0
9	843.77	-0.7641	2.6703	-0.7641	2.6703	0	2	90	0	4.6562	-1	-9	3.6562	0	-7.3438	3	-1	1	1	0	0	0
9	860.41	-0.7641	2.8634	-0.7641	2.8634	0	2	90	0	4.6562	-1	-9	3.6562	0	-7.3438	3	-1	1	1	0	0	0
9	876.98	-0.78421	3.1529	-0.78421	3.1529	0	2	90	0	4.6562	-1	-9	3.6562	0	-7.3438	3	-1	1	1	0	0	0
9	893.57	-0.80432	3.2816	-0.80432	3.2816	0	2	90	0	4.6562	-1	-9	3.6562	0	-7.3438	3	-1	1	1	0	0	0
9	910.17	-0.82442	3.5068	-0.82442	3.5068	0	2	90	0	4.6562	-1	-9	3.6562	0	-7.3438	3	-1	1	1	0	0	0
9	926.74	-0.84453	3.732	-0.84453	3.732	0	2	90	0	4.6562	-1	-9	3.6562	0	-7.3438	3	-1	1	1	0	0	0
9	943.34	-0.86464	3.9251	-0.86464	3.9251	0	2	90	0	4.6562	-1	-9	3.6562	0	-7.3438	3	-1	1	1	0	0	0
9	959.96	-0.88475	4.0216	-0.88475	4.0216	0	2	90	0	4.6562	-1	-9	3.6562	0	-7.3438	3	-1	1	1	0	0	0
9	976.58	-0.88475	4.1824	-0.88475	4.1824	0	2	90	0	4.6562	-1	-9	3.6562	0	-7.3438	3	-1	1	1	0	0	0
9	993.14	-0.88475	4.279	-0.88475	4.279	0	2	90	0	4.6562	-1	-9	3.6562	0	-7.3438	3	-1	1	1	0	0	0
9	1009.7	-0.88475	4.5042	-0.88475	4.5042	0	2	90	0	4.6562	-1	-9	3.6562	0	-7.3438	3	-1	1	1	0	0	0
9	1026.3	-0.88475	4.6972	-0.88475	4.6972	0	2	90	0	4.6562	-1	-9	3.6562	0	-7.3438	3	-1	1	1	0	0	0
9	1042.9	-0.88475	4.8902	-0.88475	4.8902	0	2	90	0	4.6562	-1	-9	3.6562	0	-7.3438	3	-1	1	1	0	0	0
9	1059.5	-0.88475	5.0189	-0.88475	5.0189	0	2	90	0	4.6562	-1	-9	3.6562	0	-7.3438	3	-1	1	1	0	0	0
9	1076.1	-0.86464	5.1798	-0.86464	5.1798	0	2	90	0	4.6562	-1	-9	3.6562	0	-7.3438	3	-1	1	1	0	0	0
9	1092.7	-0.86464	5.2763	-0.86464	5.2763	0	2	90	0	4.6562	-1	-9	3.6562	0	-7.3438	3	-1	1	0	0	0	0
9	1109.3	-0.84453	5.405	-0.84453	5.405	0	3	90	0	4.6562	-1	-9	3.6562	0	-7.3438	3	-1	1	0	0	0	0
10	30.79	0.020108	-7.1423	0.020108	-7.1423	0	1	105	-3.1058	4.2473	-1	-12.106	3.2474	0	-7.3438	3	-1	1	0	0	0	0
10	47.389	0.020108	-7.3354	0.020108	-7.3354	0	1	105	-3.1058	4.2473	-1	-12.106	3.2474	0	-7.3438	3	-1	1	0	0	0	0
10	63.967	0.020108	-7.3997	0.020108	-7.3997	0	1	105	-3.1058	4.2473	-1	-12.106	3.2474	0	-7.3438	3	-1	1	0	0	0	0
10	80.518	0.020108	-7.464	0.020108	-7.464	0	1	105	-3.1058	4.2473	-1	-12.106	3.2474	0	-7.3438	3	-1	1	0	0	0	0
10	97.125	0.020108	-7.4962	0.020108	-7.4962	0	1	105	-3.1058	4.2473	-1	-12.106	3.2474	0	-7.3438	3	-1	1	0	0	0	0
10	113.73	0.020108	-7.4962	0.020108	-7.4962	0	1	105	-3.1058	4.2473	-1	-12.106	3.2474	0	-7.3438	3	-1	1	0	0	0	0
10	130.32	0.020108	-7.5284	0.020108	-7.5284	0	1	105	-3.1058	4.2473	-1	-12.106	3.2474	0	-7.3438	3	-1	1	0	0	0	0
10	146.89	0.020108	-7.5284	0.020108	-7.5284	0	1	105	-3.1058	4.2473	-1	-12.106	3.2474	0	-7.3438	3	-1	1	0	0	0	0
10	163.53	0.020108	-7.5284	0.020108	-7.5284	0	1	105	-3.1058	4.2473	-1	-12.106	3.2474	0	-7.3438	3	-1	1	0	0	0	0
10	180.12	0.020108	-7.5284	0.020108	-7.5284	0	1	105	-3.1058	4.2473	-1	-12.106	3.2474	0	-7.3438	3	-1	1	0	0	0	0
10	196.67	0.020108	-7.5284	0.020108	-7.5284	0	1	105	-3.1058	4.2473	-1	-12.106	3.2474	0	-7.3438	3	-1	1	0	0	0	0
10	213.28	0.020108	-7.5284	0.020108	-7.5284	0	1	105	-3.1058	4.2473	-1	-12.106	3.2474	0	-7.3438	3	-1	1	0	0	0	0
10	229.88	0.020108	-7.5284	0.020108	-7.5284	0	1	105	-3.1058	4.2473	-1	-12.106	3.2474	0	-7.3438	3	-1	1	0	0	0	0
10	246.45	0.020108	-7.5284	0.020108	-7.5284	0	1	105	-3.1058	4.2473	-1	-12.106	3.2474	0	-7.3438	3	-1	1	0	0	0	0
10	263.11	0.020108	-7.5284	0.020108	-7.5284	0	1	105	-3.1058	4.2473	-1	-12.106	3.2474	0	-7.3438	3	-1	1	0	0	0	0
10	279.67	0.020108	-7.5284	0.020108	-7.5284	0	1	105	-3.1058	4.2473	-1	-12.106	3.2474	0	-7.3438	3	-1	1	0	0	0	0
10	296.28	0.020108	-7.5284	0.020108	-7.5284	0	1	105	-3.1058	4.2473	-1	-12.106	3.2474	0	-7.3438	3	-1	1	0	0	0	0
10	312.85	0.020108	-7.5284	0.020108	-7.5284	0	1	105	-3.1058	4.2473	-1	-12.106	3.2474	0	-7.3438	3	-1	1	0	0	0	0
10	329.6	0.020108	-7.5284	0.020108	-7.5284	0	1	105	-3.1058	4.2473	-1	-12.106	3.2474	0	-7.3438	3	-1	1	0	0	0	0
10	346.02	0.020108	-7.5284	0.020108	-7.5284	0	1	105	-3.1058	4.2473	-1	-12.106	3.2474	0	-7.3438	3	-1	1	0	0	0	0
10	362.65	0.020108	-7.5284	0.020108	-7.5284	0	1	105	-3.1058	4.2473	-1	-12.106	3.2474	0	-7.3438	3	-1	1	1	0	0	0
10	379.27	0	-7.4962	0	-7.4962	0	1	105	-3.1058	4.2473	-1	-12.106	3.2474	0	-7.3438	3	-1	1	1	0	0	0
10	395.81	-0.040216	-7.3997	-0.040216	-7.3997	0	1	105	-3.1058	4.2473	-1	-12.106	3.2474	0	-7.3438	3	-1	1	1	0	0	0
10	412.42	-0.10054	-7.3032	-0.10054	-7.3032	0	1	105	-3.1058	4.2473	-1	-12.106	3.2474	0	-7.3438	3	-1	1	1	0	0	0
10	429	-0.22119	-7.078	-0.22119	-7.078	0	1	105	-3.1058	4.2473	-1	-12.106	3.2474	0	-7.3438	3	-1	1	1	0	0	0
10	445.6	-0.30162	-6.9493	-0.30162	-6.9493	0	1	105	-3.1058	4.2473	-1	-12.106	3.2474	0	-7.3438	3	-1	1	1	0	0	0
10	462.23	-0.46248	-6.6276	-0.46248	-6.6276	0	1	105	-3.1058	4.2473	-1	-12.106	3.2474	0	-7.3438	3	-1	1	1	0	0	0
10	478.79	-0.66356	-6.2737	-0.66356	-6.2737	0	1	105	-3.1058	4.2473	-1	-12.106	3.2474	0	-7.3438	3	-1	1	1	0	0	0
10	495.4	-0.88475	-5.8876	-0.88475	-5.8876	0	1	105	-3.1058	4.2473	-1	-12.106	3.2474	0	-7.3438	3	-1	1	1	0	0	0
10	512	-1.0054	-5.6624	-1.0054	-5.6624	0	1	105	-3.1058	4.2473	-1	-12.106	3.2474	0	-7.3438	3	-1	1	1	0	0	0
10	528.55	-1.2668	-5.1798	-1.2668	-5.1798	0	1	105	-3.1058	4.2473	-1	-12.106	3.2474	0	-7.3438	3	-1	1	1	0	0	0
10	545.14	-1.4076	-4.9546	-1.4076	-4.9546	0	2	105	-3.1058	4.2473	-1	-12.106	3.2474	0	-7.3438	3	-1	1	1	0	0	0
10	561.81	-1.7092	-4.4076	-1.7092	-4.4076	0	2	105	-3.1058	4.2473	-1	-12.106	3.2474	0	-7.3438	3	-1	1	1	0	0	0
10	578.39	-2.0108	-3.8285	-2.0108	-3.8285	0	2	105	-3.1058	4.2473	-1	-12.106	3.2474	0	-7.3438	3	-1	1	1	0	0	0
10	594.99	-2.3325	-3.2173	-2.3325	-3.2173	0	2	105	-3.1058	4.2473	-1	-12.106	3.2474	0	-7.3438	3	-1	1	1	0	0	0
10	611.6	-2.4934	-2.8955	-2.4934	-2.8955	0	2	105	-3.1058	4.2473	-1	-12.106	3.2474	0	-7.3438	3	-1	1	1	0	0	0
10	628.16	-2.795	-2.2521	-2.795	-2.2521	0	2	105	-3.1058	4.2473	-1	-12.106	3.2474	0	-7.3438	3	-1	1	1	0	0	0
10	644.73	-2.9559	-1.9304	-2.9559	-1.9304	0	2	105	-3.1058	4.2473	-1	-12.106	3.2474	0	-7.3438	3	-1	1	1	0	1	0
10	661.31	-3.2575	-1.3191	-3.2575	-1.3191	0	2	105	-3.1058	4.2473	-1	-12.106	3.2474	0	-7.3438	3	-1	1	1	0	0	0
10	677.88	-3.539	-0.7078	-3.539	-0.7078	0	2	105	-3.1058	4.2473	-1	-12.106	3.2474	0	-7.3438	3	-1	1	1	0	0	0
10	694.52	-3.8205	-0.12869	-3.8205	-0.12869	0	2	105	-3.1058	4.2473	-1	-12.106	3.2474	0	-7.3438	3	-1	1	1	0	0	0
10	711.15	-3.9411	0.12869	-3.9411	0.12869	0	2	105	-3.1058	4.2473	-1	-12.106	3.2474	0	-7.3438	3	-1	1	1	0	0	0
10	727.74	-4.1824	0.67563	-4.1824	0.67562	0	2	105	-3.1058	4.2473	-1	-12.106	3.2474	0	-7.3438	3	-1	1	1	0	0	0
10	744.28	-4.3031	0.93301	-4.3031	0.93301	0	2	105	-3.1058	4.2473	-1	-12.106	3.2474	0	-7.3438	3	-1	1	1	0	0	0
10	760.87	-4.5042	1.4156	-4.5042	1.4156	0	2	105	-3.1058	4.2473	-1	-12.106	3.2474	0	-7.3438	3	-1	1	1	0	0	0
10	777.5	-4.6851	1.866	-4.6851	1.866	0	2	105	-3.1058	4.2473	-1	-12.106	3.2474	0	-7.3438	3	-1	1	1	0	0	0
10	794.08	-4.846	2.2843	-4.846	2.2843	0	2	105	-3.1058	4.2473	-1	-12.106	3.2474	0	-7.3438	3	-1	1	1	0	0	0
10	810.68	-4.9264	2.4773	-4.9264	2.4773	0	2	105	-3.1058	4.2473	-1	-12.106	3.2474	0	-7.3438	3	-1	1	1	0	0	0
10	827.28	-5.0471	2.8312	-5.0471	2.8312	0	2	105	-3.1058	4.2473	-1	-12.106	3.2474	0	-7.3438	3	-1	1	1	0	0	0
10	843.86	-5.1074	2.9921	-5.1074	2.9921	0	2	105	-3.1058	4.2473	-1	-12.106	3.2474	0	-7.3438	3	-1	1	1	0	0	0
10	860.47	-5.2281	3.2816	-5.2281	3.2816	0	2	105	-3.1058	4.2473	-1	-12.106	3.2474	0	-7.3438	3	-1	1	1	0	0	0
10	877.01	-5.3085	3.5712	-5.3085	3.5712	0	2	105	-3.1058	4.2473	-1	-12.106	3.2474	0	-7.3438	3	-1	1	1	0	0	0
10	893.62	-5.3889	3.7964	-5.3889	3.7964	0	2	105	-3.1058	4.2473	-1	-12.106	3.2474	0	-7.3438	3	-1	1	1	0	0	0
10	910.24	-5.4291	3.8929	-5.4291	3.8929	0	2	105	-3.1058	4.2473	-1	-12.106	3.2474	0	-7.3438	3	-1	1	1	0	0	0
10	926.89	-5.5096	4.1181	-5.5096	4.1181	0	2	105	-3.1058	4.2473	-1	-12.106	3.2474	0	-7.3438	3	-1	1	1	0	0	0
10	943.46	-5.5297	4.2146	-5.5297	4.2146	0	2	105	-3.1058	4.2473	-1	-12.106	3.2474	0	-7.3438	3	-1	1	1	0	0	0
10	960.03	-5.59	4.3755	-5.59	4.3755	0	2	105	-3.1058	4.2473	-1	-12.106	3.2474	0	-7.3438	3	-1	1	1	0	0	0
10	976.62	-5.6503	4.5363	-5.6503	4.5363	0	2	105	-3.1058	4.2473	-1	-12.106	3.2474	0	-7.3438	3	-1	1	0	0	0	0
10	993.21	-5.6704	4.6007	-5.6704	4.6007	0	2	105	-3.1058	4.2473	-1	-12.106	3.2474	0	-7.3438	3	-1	1	0	0	0	0
10	1009.8	-5.7307	4.7294	-5.7307	4.7294	0	2	105	-3.1058	4.2473	-1	-12.106	3.2474	0	-7.3438	3	-1	1	0	0	0	0
10	1026.4	-5.771	4.8581	-5.771	4.8581	0	2	105	-3.1058	4.2473	-1	-12.106	3.2474	0	-7.3438	3	-1	1	0	0	0	0
10	1043	-5.7911	4.9224	-5.7911	4.9224	0	2	105	-3.1058	4.2473	-1	-12.106	3.2474	0	-7.3438	3	-1	1	0	0	0	0
10	1059.6	-5.8514	5.0189	-5.8514	5.0189	0	2	105	-3.1058	4.2473	-1	-12.106	3.2474	0	-7.3438	3	-1	1	0	0	0	0
10	1076.2	-5.8916	5.1154	-5.8916	5.1154	0	3	105	-3.1058	4.2473	-1	-12.106	3.2474	0	-7.3438	3	-1	1	0	0	0	0
11	29.662	-0.16086	-7.0136	-0.16086	-7.0136	0	1	75	3.1058	4.2473	-1	-5.8942	3.2474	0	-7.3438	3	-1	1	0	0	0	0
11	46.242	-0.080432	-7.1745	-0.080432	-7.1745	0	1	75	3.1058	4.2473	-1	-5.8942	3.2474	0	-7.3438	3	-1	1	0	0	0	0
11	62.873	-0.060324	-7.2388	-0.060324	-7.2388	0	1	75	3.1058	4.2473	-1	-5.8942	3.2474	0	-7.3438	3	-1	1	0	0	0	0
11	79.39	0	-7.3997	0	-7.3997	0	1	75	3.1058	4.2473	-1	-5.8942	3.2474	0	-7.3438	3	-1	1	0	0	0	0
11	96.02	0.020108	-7.4962	0.020108	-7.4962	0	1	75	3.1058	4.2473	-1	-5.8942	3.2474	0	-7.3438	3	-1	1	0	0	0	0
11	112.62	0.040216	-7.4962	0.040216	-7.4962	0	1	75	3.1058	4.2473	-1	-5.8942	3.2474	0	-7.3438	3	-1	1	0	0	0	0
11	129.23	0.040216	-7.5284	0.040216	-7.5284	0	1	75	3.1058	4.2473	-1	-5.8942	3.2474	0	-7.3438	3	-1	1	0	0	0	0
11	145.88	0.060324	-7.5284	0.060324	-7.5284	0	1	75	3.1058	4.2473	-1	-5.8942	3.2474	0	-7.3438	3	-1	1	0	0	0	0
11	162.46	0.060324	-7.5284	0.060324	-7.5284	0	1	75	3.1058	4.2473	-1	-5.8942	3.2474	0	-7.3438	3	-1	1	0	0	0	0
11	179.04	0.060324	-7.5606	0.060324	-7.5606	0	1	75	3.1058	4.2473	-1	-5.8942	3.2474	0	-7.3438	3	-1	1	0	0	0	0
11	195.64	0.080432	-7.5606	0.080432	-7.5606	0	1	75	3.1058	4.2473	-1	-5.8942	3.2474	0	-7.3438	3	-1	1	0	0	0	0
11	212.28	0.080432	-7.5606	0.080432	-7.5606	0	1	75	3.1058	4.2473	-1	-5.8942	3.2474	0	-7.3438	3	-1	1	0	0	0	0
11	228.81	0.080432	-7.5606	0.080432	-7.5606	0	1	75	3.1058	4.2473	-1	-5.8942	3.2474	0	-7.3438	3	-1	1	0	0	0	0
11	245.39	0.080432	-7.5606	0.080432	-7.5606	0	1	75	3.1058	4.2473	-1	-5.8942	3.2474	0	-7.3438	3	-1	1	0	0	0	0
11	262.01	0.080432	-7.5606	0.080432	-7.5606	0	1	75	3.1058	4.2473	-1	-5.8942	3.2474	0	-7.3438	3	-1	1	1	0	0	0
11	278.63	0.080432	-7.5606	0.080432	-7.5606	0	1	75	3.1058	4.2473	-1	-5.8942	3.2474	0	-7.3438	3	-1	1	1	0	0	0
11	295.2	0.080432	-7.5606	0.080432	-7.5606	0	1	75	3.1058	4.2473	-1	-5.8942	3.2474	0	-7.3438	3	-1	1	1	0	0	0
11	311.74	0.080432	-7.5606	0.080432	-7.5606	0	1	75	3.1058	4.2473	-1	-5.8942	3.2474	0	-7.3438	3	-1	1	1	0	0	0
11	328.37	0.080432	-7.5606	0.080432	-7.5606	0	1	75	3.1058	4.2473	-1	-5.8942	3.2474	0	-7.3438	3	-1	1	1	0	0	0
11	344.95	0.080432	-7.5606	0.080432	-7.5606	0	1	75	3.1058	4.2473	-1	-5.8942	3.2474	0	-7.3438	3	-1	1	1	0	0	0
11	361.56	0.080432	-7.5284	0.080432	-7.5284	0	1	75	3.1058	4.2473	-1	-5.8942	3.2474	0	-7.3438	3	-1	1	1	0	0	0
11	378.12	0.12065	-7.4962	0.12065	-7.4962	0	1	75	3.1058	4.2473	-1	-5.8942	3.2474	0	-7.3438	3	-1	1	1	0	0	0
11	394.79	0.20108	-7.3997	0.20108	-7.3997	0	1	75	3.1058	4.2473	-1	-5.8942	3.2474	0	-7.3438	3	-1	1	1	0	0	0
11	411.36	0.24129	-7.3032	0.24129	-7.3032	0	1	75	3.1058	4.2473	-1	-5.8942	3.2474	0	-7.3438	3	-1	1	1	0	0	0
11	427.93	0.38205	-7.0136	0.38205	-7.0136	0	1	75	3.1058	4.2473	-1	-5.8942	3.2474	0	-7.3438	3	-1	1	1	0	0	0
11	444.54	0.46248	-6.8206	0.46248	-6.8206	0	1	75	3.1058	4.2473	-1	-5.8942	3.2474	0	-7.3438	3	-1	1	1	0	0	0
11	461.12	0.66356	-6.4667	0.66356	-6.4667	0	1	75	3.1058	4.2473	-1	-5.8942	3.2474	0	-7.3438	3	-1	1	1	0	0	0
11	477.7	0.88475	-6.0485	0.88475	-6.0485	0	1	75	3.1058	4.2473	-1	-5.8942	3.2474	0	-7.3438	3	-1	1	1	0	0	0
11	494.35	1.1461	-5.598	1.1461	-5.598	0	1	75	3.1058	4.2473	-1	-5.8942	3.2474	0	-7.3438	3	-1	1	1	0	0	0
11	510.95	1.2869	-5.3728	1.2869	-5.3728	0	2	75	3.1058	4.2473	-1	-5.8942	3.2474	0	-7.3438	3	-1	1	1	0	0	0
11	527.52	1.5885	-4.8581	1.5885	-4.8581	0	2	75	3.1058	4.2473	-1	-5.8942	3.2474	0	-7.3438	3	-1	1	1	0	0	0
11	544.1	1.7494	-4.6007	1.7494	-4.6007	0	2	75	3.1058	4.2473	-1	-5.8942	3.2474	0	-7.3438	3	-1	1	1	0	0	0
11	560.69	2.1113	-4.0537	2.1113	-4.0537	0	2	75	3.1058	4.2473	-1	-5.8942	3.2474	0	-7.3438	3	-1	1	1	0	1	0
11	577.29	2.4733	-3.4746	2.4733	-3.4746	0	2	75	3.1058	4.2473	-1	-5.8942	3.2474	0	-7.3438	3	-1	1	1	0	0	0
11	593.88	2.8352	-2.9277	2.8352	-2.9277	0	2	75	3.1058	4.2473	-1	-5.8942	3.2474	0	-7.3438	3	-1	1	1	0	0	0
11	610.52	2.9961	-2.6382	2.9961	-2.6382	0	2	75	3.1058	4.2473	-1	-5.8942	3.2474	0	-7.3438	3	-1	1	1	0	0	0
11	627.1	3.3379	-2.1234	3.3379	-2.1234	0	2	75	3.1058	4.2473	-1	-5.8942	3.2474	0	-7.3438	3	-1	1	1	0	0	0
11	643.67	3.4787	-1.866	3.4787	-1.866	0	2	75	3.1058	4.2473	-1	-5.8942	3.2474	0	-7.3438	3	-1	1	1	0	0	0
11	660.27	3.7803	-1.3513	3.7803	-1.3512	0	2	75	3.1058	4.2473	-1	-5.8942	3.2474	0	-7.3438	3	-1	1	1	0	0	0
11	676.85	4.0618	-0.83649	4.0618	-0.83649	0	2	75	3.1058	4.2473	-1	-5.8942	3.2474	0	-7.3438	3	-1	1	1	0	0	0
11	693.45	4.3433	-0.3539	4.3433	-0.3539	0	2	75	3.1058	4.2473	-1	-5.8942	3.2474	0	-7.3438	3	-1	1	1	0	0	0
11	710.04	4.464	-0.12869	4.464	-0.12869	0	2	75	3.1058	4.2473	-1	-5.8942	3.2474	0	-7.3438	3	-1	1	1	0	0	0
11	726.65	4.7052	0.32173	4.7052	0.32173	0	2	75	3.1058	4.2473	-1	-5.8942	3.2474	0	-7.3438	3	-1	1	1	0	0	0
11	743.25	4.8259	0.57911	4.8259	0.57911	0	2	75	3.1058	4.2473	-1	-5.8942	3.2474	0	-7.3438	3	-1	1	1	0	0	0
11	759.81	5.0471	0.99735	5.0471	0.99735	0	2	75	3.1058	4.2473	-1	-5.8942	3.2474	0	-7.3438	3	-1	1	1	0	0	0
11	776.41	5.2281	1.4156	5.2281	1.4156	0	2	75	3.1058	4.2473	-1	-5.8942	3.2474	0	-7.3438	3	-1	1	1	0	0	0
11	793	5.3085	1.6086	5.3085	1.6086	0	2	75	3.1058	4.2473	-1	-5.8942	3.2474	0	-7.3438	3	-1	1	1	0	0	0
11	809.59	5.4492	1.9625	5.4492	1.9625	0	2	75	3.1058	4.2473	-1	-5.8942	3.2474	0	-7.3438	3	-1	1	1	0	0	0
11	826.22	5.59	2.2843	5.59	2.2843	0	2	75	3.1058	4.2473	-1	-5.8942	3.2474	0	-7.3438	3	-1	1	1	0	0	0
11	842.82	5.6503	2.4451	5.6503	2.4451	0	2	75	3.1058	4.2473	-1	-5.8942	3.2474	0	-7.3438	3	-1	1	1	0	0	0
11	859.38	5.7509	2.7347	5.7509	2.7347	0	2	75	3.1058	4.2473	-1	-5.8942	3.2474	0	-7.3438	3	-1	1	1	0	0	0
11	876	5.8514	3.0242	5.8514	3.0242	0	2	75	3.1058	4.2473	-1	-5.8942	3.2474	0	-7.3438	3	-1	1	1	0	0	0
11	892.57	5.8916	3.1207	5.8916	3.1207	0	2	75	3.1058	4.2473	-1	-5.8942	3.2474	0	-7.3438	3	-1	1	1	0	0	0
11	909.16	5.972	3.3781	5.972	3.3781	0	2	75	3.1058	4.2473	-1	-5.8942	3.2474	0	-7.3438	3	-1	1	1	0	0	0
11	925.74	6.0324	3.6033	6.0324	3.6033	0	2	75	3.1058	4.2473	-1	-5.8942	3.2474	0	-7.3438	3	-1	1	1	0	0	0
11	942.34	6.0525	3.732	6.0525	3.732	0	2	75	3.1058	4.2473	-1	-5.8942	3.2474	0	-7.3438	3	-1	1	1	0	0	0
11	958.99	6.1128	3.9572	6.1128	3.9572	0	2	75	3.1058	4.2473	-1	-5.8942	3.2474	0	-7.3438	3	-1	1	1	0	0	0
11	975.58	6.153	4.1824	6.153	4.1824	0	2	75	3.1058	4.2473	-1	-5.8942	3.2474	0	-7.3438	3	-1	1	1	0	0	0
11	992.16	6.1731	4.279	6.1731	4.279	0	2	75	3.1058	4.2473	-1	-5.8942	3.2474	0	-7.3438	3	-1	1	1	0	0	0
11	1008.7	6.1932	4.4398	6.1932	4.4398	0	2	75	3.1058	4.2473	-1	-5.8942	3.2474	0	-7.3438	3	-1	1	1	0	0	0
11	1025.3	6.2334	4.6007	6.2334	4.6007	0	2	75	3.1058	4.2473	-1	-5.8942	3.2474	0	-7.3438	3	-1	1	1	0	0	0
11	1041.9	6.2334	4.6972	6.2334	4.6972	0	2	75	3.1058	4.2473	-1	-5.8942	3.2474	0	-7.3438	3	-1	1	1	0	0	0
11	1058.5	6.2737	4.8259	6.2737	4.8259	0	2	75	3.1058	4.2473	-1	-5.8942	3.2474	0	-7.3438	3	-1	1	1	0	0	0
11	1075.1	6.2737	4.8902	6.2737	4.8902	0	2	75	3.1058	4.2473	-1	-5.8942	3.2474	0	-7.3438	3	-1	1	1	0	0	0
11	1091.7	6.2938	5.0189	6.2938	5.0189	0	3	75	3.1058	4.2473	-1	-5.8942	3.2474	0	-7.3438	3	-1	1	0	0	0	0
