0	16.18	0.060324	-5.5337	0.060324	-5.5337	0	1	75	3.1058	4.2473	1	12.106	3.2474	0	-7.3438	3	-1	1	0	0	0	0
0	32.781	0.060324	-5.5337	0.060324	-5.5337	0	1	75	3.1058	4.2473	1	12.106	3.2474	0	-7.3438	3	-1	1	0	0	0	0
0	49.356	0.060324	-5.5337	0.060324	-5.5337	0	1	75	3.1058	4.2473	1	12.106	3.2474	0	-7.3438	3	-1	1	0	0	0	0
0	65.882	0.060324	-5.5337	0.060324	-5.5337	0	1	75	3.1058	4.2473	1	12.106	3.2474	0	-7.3438	3	-1	1	0	0	0	0
0	82.701	0.060324	-5.5337	0.060324	-5.5337	0	1	75	3.1058	4.2473	1	12.106	3.2474	0	-7.3438	3	-1	1	0	0	0	0
0	99.295	0.060324	-5.5337	0.060324	-5.5337	0	1	75	3.1058	4.2473	1	12.106	3.2474	0	-7.3438	3	-1	1	0	0	0	0
0	115.8	0.060324	-5.5337	0.060324	-5.5337	0	1	75	3.1058	4.2473	1	12.106	3.2474	0	-7.3438	3	-1	1	0	0	0	0
0	132.34	0.060324	-5.5337	0.060324	-5.5337	0	1	75	3.1058	4.2473	1	12.106	3.2474	0	-7.3438	3	-1	1	0	0	0	0
0	148.92	0.060324	-5.5337	0.060324	-5.5337	0	1	75	3.1058	4.2473	1	12.106	3.2474	0	-7.3438	3	-1	1	0	0	0	0
0	165.54	0.060324	-5.5337	0.060324	-5.5337	0	1	75	3.1058	4.2473	1	12.106	3.2474	0	-7.3438	3	-1	1	0	0	0	0
0	182.08	0.060324	-5.5337	0.060324	-5.5337	0	1	75	3.1058	4.2473	1	12.106	3.2474	0	-7.3438	3	-1	1	0	0	0	0
0	198.69	0.060324	-5.5337	0.060324	-5.5337	0	1	75	3.1058	4.2473	1	12.106	3.2474	0	-7.3438	3	-1	1	0	0	0	0
0	215.36	0.060324	-5.5337	0.060324	-5.5337	0	1	75	3.1058	4.2473	1	12.106	3.2474	0	-7.3438	3	-1	1	0	0	0	0
0	231.95	0.060324	-5.5337	0.060324	-5.5337	0	1	75	3.1058	4.2473	1	12.106	3.2474	0	-7.3438	3	-1	1	0	0	0	0
0	248.53	0.060324	-5.5337	0.060324	-5.5337	0	1	75	3.1058	4.2473	1	12.106	3.2474	0	-7.3438	3	-1	1	0	0	0	0
0	265.12	0.060324	-5.5337	0.060324	-5.5337	0	1	75	3.1058	4.2473	1	12.106	3.2474	0	-7.3438	3	-1	1	0	0	0	0
0	281.7	0.060324	-5.5337	0.060324	-5.5337	0	1	75	3.1058	4.2473	1	12.106	3.2474	0	-7.3438	3	-1	1	0	0	0	0
0	298.37	0.060324	-5.5337	0.060324	-5.5337	0	1	75	3.1058	4.2473	1	12.106	3.2474	0	-7.3438	3	-1	1	0	0	0	0
0	314.91	0.060324	-5.6302	0.060324	-5.6302	0	1	75	3.1058	4.2473	1	12.106	3.2474	0	-7.3438	3	-1	1	0	0	0	0
0	331.54	0.060324	-5.7589	0.060324	-5.7589	0	1	75	3.1058	4.2473	1	12.106	3.2474	0	-7.3438	3	-1	1	0	0	0	0
0	348.14	0.080432	-6.1771	0.080432	-6.1771	0	1	75	3.1058	4.2473	1	12.106	3.2474	0	-7.3438	3	-1	1	0	0	0	0
0	364.72	0.10054	-6.4667	0.10054	-6.4667	0	1	75	3.1058	4.2473	1	12.106	3.2474	0	-7.3438	3	-1	1	0	0	0	0
0	381.29	0.10054	-7.0136	0.10054	-7.0136	0	1	75	3.1058	4.2473	1	12.106	3.2474	0	-7.3438	3	-1	1	0	0	0	0
0	397.88	0.10054	-7.3032	0.10054	-7.3032	0	1	75	3.1058	4.2473	1	12.106	3.2474	0	-7.3438	3	-1	1	0	0	0	0
0	414.5	0.10054	-7.3354	0.10054	-7.3354	0	1	75	3.1058	4.2473	1	12.106	3.2474	0	-7.3438	3	-1	1	0	0	0	0
0	431.1	0.10054	-7.3354	0.10054	-7.3354	0	1	75	3.1058	4.2473	1	12.106	3.2474	0	-7.3438	3	-1	1	0	0	0	0
0	447.69	0.10054	-7.3354	0.10054	-7.3354	0	1	75	3.1058	4.2473	1	12.106	3.2474	0	-7.3438	3	-1	1	0	0	0	0
0	464.29	0.10054	-7.3354	0.10054	-7.3354	0	1	75	3.1058	4.2473	1	12.106	3.2474	0	-7.3438	3	-1	1	0	0	0	0
0	480.83	0.10054	-7.3354	0.10054	-7.3354	0	1	75	3.1058	4.2473	1	12.106	3.2474	0	-7.3438	3	-1	1	0	0	0	0
0	497.44	0.10054	-7.3354	0.10054	-7.3354	0	1	75	3.1058	4.2473	1	12.106	3.2474	0	-7.3438	3	-1	1	0	0	0	0
0	514.04	0.10054	-7.3354	0.10054	-7.3354	0	1	75	3.1058	4.2473	1	12.106	3.2474	0	-7.3438	3	-1	1	0	0	0	0
0	530.69	0.10054	-7.3354	0.10054	-7.3354	0	1	75	3.1058	4.2473	1	12.106	3.2474	0	-7.3438	3	-1	1	0	0	0	0
0	547.25	0.10054	-7.3354	0.10054	-7.3354	0	1	75	3.1058	4.2473	1	12.106	3.2474	0	-7.3438	3	-1	1	1	0	0	0
0	563.87	0.10054	-7.3354	0.10054	-7.3354	0	1	75	3.1058	4.2473	1	12.106	3.2474	0	-7.3438	3	-1	1	1	0	0	0
0	580.43	0.10054	-7.3675	0.10054	-7.3675	0	1	75	3.1058	4.2473	1	12.106	3.2474	0	-7.3438	3	-1	1	1	0	0	0
0	596.99	0.10054	-7.3675	0.10054	-7.3675	0	1	75	3.1058	4.2473	1	12.106	3.2474	0	-7.3438	3	-1	1	1	0	0	0
0	613.6	0.10054	-7.3675	0.10054	-7.3675	0	1	75	3.1058	4.2473	1	12.106	3.2474	0	-7.3438	3	-1	1	1	0	0	0
0	630.21	0.10054	-7.3675	0.10054	-7.3675	0	1	75	3.1058	4.2473	1	12.106	3.2474	0	-7.3438	3	-1	1	1	0	0	0
0	646.83	0.10054	-7.3675	0.10054	-7.3675	0	1	75	3.1058	4.2473	1	12.106	3.2474	0	-7.3438	3	-1	1	1	0	0	0
0	663.42	0.10054	-7.3354	0.10054	-7.3354	0	1	75	3.1058	4.2473	1	12.106	3.2474	0	-7.3438	3	-1	1	1	0	0	0
0	680.06	0.10054	-7.3354	0.10054	-7.3354	0	1	75	3.1058	4.2473	1	12.106	3.2474	0	-7.3438	3	-1	1	1	0	0	0
0	696.74	0.10054	-7.1745	0.10054	-7.1745	0	1	75	3.1058	4.2473	1	12.106	3.2474	0	-7.3438	3	-1	1	1	0	0	0
0	713.25	0.14076	-6.6919	0.14076	-6.6919	0	1	75	3.1058	4.2473	1	12.106	3.2474	0	-7.3438	3	-1	1	1	0	0	0
0	729.91	0.18097	-6.2737	0.18097	-6.2737	0	1	75	3.1058	4.2473	1	12.106	3.2474	0	-7.3438	3	-1	1	1	0	0	0
0	746.52	0.34183	-5.2441	0.34183	-5.2441	0	1	75	3.1058	4.2473	1	12.106	3.2474	0	-7.3438	3	-1	1	1	0	0	0
0	763.07	0.48259	-4.7294	0.48259	-4.7294	0	2	75	3.1058	4.2473	1	12.106	3.2474	0	-7.3438	3	-1	1	1	0	0	0
0	779.75	0.7641	-3.7642	0.7641	-3.7642	0	2	75	3.1058	4.2473	1	12.106	3.2474	0	-7.3438	3	-1	1	1	0	1	0
0	796.33	1.0657	-2.9277	1.0657	-2.9277	0	2	75	3.1058	4.2473	1	12.106	3.2474	0	-7.3438	3	-1	1	1	0	0	0
0	812.87	1.3673	-2.0912	1.3673	-2.0912	0	2	75	3.1058	4.2473	1	12.106	3.2474	0	-7.3438	3	-1	1	1	0	0	0
0	829.46	1.5081	-1.673	1.5081	-1.673	0	2	75	3.1058	4.2473	1	12.106	3.2474	0	-7.3438	3	-1	1	1	0	0	0
0	846.07	1.7695	-0.96518	1.7695	-0.96518	0	2	75	3.1058	4.2473	1	12.106	3.2474	0	-7.3438	3	-1	1	1	0	0	0
0	862.7	1.87	-0.67563	1.87	-0.67562	0	2	75	3.1058	4.2473	1	12.106	3.2474	0	-7.3438	3	-1	1	1	0	0	0
0	879.16	2.0108	-0.19304	2.0108	-0.19304	0	2	75	3.1058	4.2473	1	12.106	3.2474	0	-7.3438	3	-1	1	1	0	0	0
0	895.87	2.1314	0.19304	2.1314	0.19304	0	2	75	3.1058	4.2473	1	12.106	3.2474	0	-7.3438	3	-1	1	1	0	0	0
0	912.45	2.2119	0.41824	2.2119	0.41824	0	2	75	3.1058	4.2473	1	12.106	3.2474	0	-7.3438	3	-1	1	1	0	0	0
0	929.07	2.3727	0.80432	2.3727	0.80432	0	2	75	3.1058	4.2473	1	12.106	3.2474	0	-7.3438	3	-1	1	1	0	0	0
0	945.62	2.5537	1.2226	2.5537	1.2226	0	2	75	3.1058	4.2473	1	12.106	3.2474	0	-7.3438	3	-1	1	1	0	0	0
0	962.18	2.6542	1.4156	2.6542	1.4156	0	2	75	3.1058	4.2473	1	12.106	3.2474	0	-7.3438	3	-1	1	1	0	0	0
0	978.87	2.8553	1.7373	2.8553	1.7373	0	2	75	3.1058	4.2473	1	12.106	3.2474	0	-7.3438	3	-1	1	1	0	0	0
0	995.42	3.0363	1.9625	3.0363	1.9625	0	2	75	3.1058	4.2473	1	12.106	3.2474	0	-7.3438	3	-1	1	1	0	0	0
0	1012	3.1167	2.0912	3.1167	2.0912	0	2	75	3.1058	4.2473	1	12.106	3.2474	0	-7.3438	3	-1	1	1	0	0	0
0	1028.6	3.2575	2.2521	3.2575	2.2521	0	2	75	3.1058	4.2473	1	12.106	3.2474	0	-7.3438	3	-1	1	1	0	0	0
0	1045.1	3.3982	2.4129	3.3982	2.4129	0	2	75	3.1058	4.2473	1	12.106	3.2474	0	-7.3438	3	-1	1	1	0	0	0
0	1061.8	3.4787	2.5095	3.4787	2.5095	0	2	75	3.1058	4.2473	1	12.106	3.2474	0	-7.3438	3	-1	1	1	0	0	0
0	1078.4	3.5792	2.6382	3.5792	2.6382	0	2	75	3.1058	4.2473	1	12.106	3.2474	0	-7.3438	3	-1	1	0	0	0	0
0	1094.9	3.6395	2.7025	3.6395	2.7025	0	2	75	3.1058	4.2473	1	12.106	3.2474	0	-7.3438	3	-1	1	0	0	0	0
0	1111.6	3.6395	2.7025	3.6395	2.7025	0	2	75	3.1058	4.2473	1	12.106	3.2474	0	-7.3438	3	-1	1	0	0	0	0
0	1128.2	3.6395	2.7025	3.6395	2.7025	0	2	75	3.1058	4.2473	1	12.106	3.2474	0	-7.3438	3	-1	1	0	0	0	0
0	1144.8	3.6395	2.7347	3.6395	2.7347	0	2	75	3.1058	4.2473	1	12.106	3.2474	0	-7.3438	3	-1	1	0	0	0	0
0	1161.3	3.6194	2.7347	3.6194	2.7347	0	3	75	3.1058	4.2473	1	12.106	3.2474	0	-7.3438	3	-1	1	0	0	0	0
1	7.3271	0.38205	-7.1423	0.38205	-7.1423	0	1	90	0	4.6562	1	9	3.6562	0	-7.3438	3	-1	1	0	0	0	0
1	24.052	0.34183	-7.1745	0.34183	-7.1745	0	1	90	0	4.6562	1	9	3.6562	0	-7.3438	3	-1	1	0	0	0	0
1	40.608	0.28151	-7.2388	0.28151	-7.2388	0	1	90	0	4.6562	1	9	3.6562	0	-7.3438	3	-1	1	0	0	0	0
1	57.202	0.24129	-7.271	0.24129	-7.271	0	1	90	0	4.6562	1	9	3.6562	0	-7.3438	3	-1	1	0	0	0	0
1	73.621	0.22119	-7.3032	0.22119	-7.3032	0	1	90	0	4.6562	1	9	3.6562	0	-7.3438	3	-1	1	0	0	0	0
1	90.358	0.20108	-7.3032	0.20108	-7.3032	0	1	90	0	4.6562	1	9	3.6562	0	-7.3438	3	-1	1	0	0	0	0
1	107.03	0.18097	-7.3032	0.18097	-7.3032	0	1	90	0	4.6562	1	9	3.6562	0	-7.3438	3	-1	1	0	0	0	0
1	123.55	0.14076	-7.3032	0.14076	-7.3032	0	1	90	0	4.6562	1	9	3.6562	0	-7.3438	3	-1	1	0	0	0	0
1	140.15	0.12065	-7.3354	0.12065	-7.3354	0	1	90	0	4.6562	1	9	3.6562	0	-7.3438	3	-1	1	0	0	0	0
1	156.75	0.080432	-7.3354	0.080432	-7.3354	0	1	90	0	4.6562	1	9	3.6562	0	-7.3438	3	-1	1	0	0	0	0
1	173.35	0.060324	-7.3354	0.060324	-7.3354	0	1	90	0	4.6562	1	9	3.6562	0	-7.3438	3	-1	1	0	0	0	0
1	189.92	0	-7.3354	0	-7.3354	0	1	90	0	4.6562	1	9	3.6562	0	-7.3438	3	-1	1	0	0	0	0
1	206.53	-0.040216	-7.3675	-0.040216	-7.3675	0	1	90	0	4.6562	1	9	3.6562	0	-7.3438	3	-1	1	0	0	0	0
1	223.23	-0.12065	-7.3997	-0.12065	-7.3997	0	1	90	0	4.6562	1	9	3.6562	0	-7.3438	3	-1	1	0	0	0	0
1	239.79	-0.18097	-7.3997	-0.18097	-7.3997	0	1	90	0	4.6562	1	9	3.6562	0	-7.3438	3	-1	1	1	0	0	0
1	256.32	-0.2614	-7.3997	-0.2614	-7.3997	0	1	90	0	4.6562	1	9	3.6562	0	-7.3438	3	-1	1	1	0	0	0
1	272.87	-0.30162	-7.3032	-0.30162	-7.3032	0	1	90	0	4.6562	1	9	3.6562	0	-7.3438	3	-1	1	1	0	0	0
1	289.5	-0.38205	-6.9815	-0.38205	-6.9815	0	1	90	0	4.6562	1	9	3.6562	0	-7.3438	3	-1	1	1	0	0	0
1	306.06	-0.46248	-6.3058	-0.46248	-6.3058	0	1	90	0	4.6562	1	9	3.6562	0	-7.3438	3	-1	1	1	0	0	0
1	322.68	-0.52281	-5.3407	-0.52281	-5.3407	0	1	90	0	4.6562	1	9	3.6562	0	-7.3438	3	-1	1	1	0	0	0
1	339.36	-0.56302	-4.8581	-0.56302	-4.8581	0	2	90	0	4.6562	1	9	3.6562	0	-7.3438	3	-1	1	1	0	0	0
1	355.86	-0.62334	-3.8929	-0.62334	-3.8929	0	2	90	0	4.6562	1	9	3.6562	0	-7.3438	3	-1	1	1	0	1	0
1	372.43	-0.66356	-3.4746	-0.66356	-3.4746	0	2	90	0	4.6562	1	9	3.6562	0	-7.3438	3	-1	1	1	0	0	0
1	389.05	-0.72388	-2.7025	-0.72388	-2.7025	0	2	90	0	4.6562	1	9	3.6562	0	-7.3438	3	-1	1	1	0	0	0
1	405.64	-0.78421	-1.9947	-0.78421	-1.9947	0	2	90	0	4.6562	1	9	3.6562	0	-7.3438	3	-1	1	1	0	0	0
1	422.24	-0.88475	-1.3191	-0.88475	-1.3191	0	2	90	0	4.6562	1	9	3.6562	0	-7.3438	3	-1	1	1	0	0	0
1	438.85	-0.92496	-1.0295	-0.92496	-1.0295	0	2	90	0	4.6562	1	9	3.6562	0	-7.3438	3	-1	1	1	0	0	0
1	455.39	-1.0456	-0.38607	-1.0456	-0.38607	0	2	90	0	4.6562	1	9	3.6562	0	-7.3438	3	-1	1	1	0	0	0
1	472.06	-1.0858	-0.096518	-1.0858	-0.096518	0	2	90	0	4.6562	1	9	3.6562	0	-7.3438	3	-1	1	1	0	0	0
1	488.64	-1.1663	0.51476	-1.1663	0.51476	0	2	90	0	4.6562	1	9	3.6562	0	-7.3438	3	-1	1	1	0	0	0
1	505.19	-1.2065	1.0295	-1.2065	1.0295	0	2	90	0	4.6562	1	9	3.6562	0	-7.3438	3	-1	1	1	0	0	0
1	521.84	-1.2065	1.4799	-1.2065	1.4799	0	2	90	0	4.6562	1	9	3.6562	0	-7.3438	3	-1	1	1	0	0	0
1	538.39	-1.1864	1.673	-1.1864	1.673	0	2	90	0	4.6562	1	9	3.6562	0	-7.3438	3	-1	1	1	0	0	0
1	555.04	-1.126	2.0269	-1.126	2.0269	0	2	90	0	4.6562	1	9	3.6562	0	-7.3438	3	-1	1	1	0	0	0
1	571.57	-1.0858	2.1556	-1.0858	2.1556	0	2	90	0	4.6562	1	9	3.6562	0	-7.3438	3	-1	1	1	0	0	0
1	588.25	-1.0054	2.4451	-1.0054	2.4451	0	2	90	0	4.6562	1	9	3.6562	0	-7.3438	3	-1	1	1	0	0	0
1	604.8	-0.90485	2.6382	-0.90485	2.6382	0	2	90	0	4.6562	1	9	3.6562	0	-7.3438	3	-1	1	1	0	0	0
1	621.42	-0.84453	2.7347	-0.84453	2.7347	0	2	90	0	4.6562	1	9	3.6562	0	-7.3438	3	-1	1	0	0	0	0
1	637.98	-0.82442	2.799	-0.82442	2.799	0	2	90	0	4.6562	1	9	3.6562	0	-7.3438	3	-1	1	0	0	0	0
1	654.56	-0.78421	2.8634	-0.78421	2.8634	0	2	90	0	4.6562	1	9	3.6562	0	-7.3438	3	-1	1	0	0	0	0
1	671.14	-0.78421	2.8955	-0.78421	2.8955	0	2	90	0	4.6562	1	9	3.6562	0	-7.3438	3	-1	1	0	0	0	0
1	687.73	-0.7641	2.9599	-0.7641	2.9599	0	2	90	0	4.6562	1	9	3.6562	0	-7.3438	3	-1	1	0	0	0	0
1	704.4	-0.74399	3.0242	-0.74399	3.0242	0	2	90	0	4.6562	1	9	3.6562	0	-7.3438	3	-1	1	0	0	0	0
1	720.95	-0.74399	3.0564	-0.74399	3.0564	0	2	90	0	4.6562	1	9	3.6562	0	-7.3438	3	-1	1	0	0	0	0
1	737.57	-0.74399	3.0564	-0.74399	3.0564	0	3	90	0	4.6562	1	9	3.6562	0	-7.3438	3	-1	1	0	0	0	0
2	24.899	-0.20108	-7.4962	-0.20108	-7.4962	0	1	105	-3.1058	4.2473	1	5.8942	3.2474	0	-7.3438	3	-1	1	0	0	0	0
2	41.43	-0.20108	-7.464	-0.20108	-7.464	0	1	105	-3.1058	4.2473	1	5.8942	3.2474	0	-7.3438	3	-1	1	0	0	0	0
2	58.085	-0.20108	-7.464	-0.20108	-7.464	0	1	105	-3.1058	4.2473	1	5.8942	3.2474	0	-7.3438	3	-1	1	0	0	0	0
2	74.764	-0.18097	-7.464	-0.18097	-7.464	0	1	105	-3.1058	4.2473	1	5.8942	3.2474	0	-7.3438	3	-1	1	0	0	0	0
2	91.196	-0.18097	-7.464	-0.18097	-7.464	0	1	105	-3.1058	4.2473	1	5.8942	3.2474	0	-7.3438	3	-1	1	0	0	0	0
2	107.84	-0.18097	-7.464	-0.18097	-7.464	0	1	105	-3.1058	4.2473	1	5.8942	3.2474	0	-7.3438	3	-1	1	0	0	0	0
2	124.46	-0.18097	-7.464	-0.18097	-7.464	0	1	105	-3.1058	4.2473	1	5.8942	3.2474	0	-7.3438	3	-1	1	0	0	0	0
2	141.05	-0.18097	-7.464	-0.18097	-7.464	0	1	105	-3.1058	4.2473	1	5.8942	3.2474	0	-7.3438	3	-1	1	0	0	0	0
2	157.62	-0.18097	-7.464	-0.18097	-7.464	0	1	105	-3.1058	4.2473	1	5.8942	3.2474	0	-7.3438	3	-1	1	1	0	0	0
2	174.24	-0.18097	-7.464	-0.18097	-7.464	0	1	105	-3.1058	4.2473	1	5.8942	3.2474	0	-7.3438	3	-1	1	1	0	0	0
2	190.83	-0.18097	-7.464	-0.18097	-7.464	0	1	105	-3.1058	4.2473	1	5.8942	3.2474	0	-7.3438	3	-1	1	1	0	0	0
2	207.4	-0.20108	-7.464	-0.20108	-7.464	0	1	105	-3.1058	4.2473	1	5.8942	3.2474	0	-7.3438	3	-1	1	1	0	0	0
2	224	-0.18097	-7.464	-0.18097	-7.464	0	1	105	-3.1058	4.2473	1	5.8942	3.2474	0	-7.3438	3	-1	1	1	0	0	0
2	240.57	-0.16086	-7.464	-0.16086	-7.464	0	1	105	-3.1058	4.2473	1	5.8942	3.2474	0	-7.3438	3	-1	1	1	0	0	0
2	257.13	-0.14076	-7.4319	-0.14076	-7.4319	0	1	105	-3.1058	4.2473	1	5.8942	3.2474	0	-7.3438	3	-1	1	1	0	0	0
2	273.78	-0.10054	-7.3032	-0.10054	-7.3032	0	1	105	-3.1058	4.2473	1	5.8942	3.2474	0	-7.3438	3	-1	1	1	0	0	0
2	290.39	-0.12065	-6.8849	-0.12065	-6.8849	0	1	105	-3.1058	4.2473	1	5.8942	3.2474	0	-7.3438	3	-1	1	1	0	0	0
2	307	-0.24129	-6.0806	-0.24129	-6.0806	0	1	105	-3.1058	4.2473	1	5.8942	3.2474	0	-7.3438	3	-1	1	1	0	0	0
2	323.54	-0.34183	-5.5659	-0.34183	-5.5659	0	1	105	-3.1058	4.2473	1	5.8942	3.2474	0	-7.3438	3	-1	1	1	0	0	0
2	340.17	-0.58313	-4.5363	-0.58313	-4.5363	0	1	105	-3.1058	4.2473	1	5.8942	3.2474	0	-7.3438	3	-1	1	1	0	0	0
2	356.78	-0.72388	-4.0216	-0.72388	-4.0216	0	2	105	-3.1058	4.2473	1	5.8942	3.2474	0	-7.3438	3	-1	1	1	0	1	0
2	373.37	-1.0456	-3.1529	-1.0456	-3.1529	0	2	105	-3.1058	4.2473	1	5.8942	3.2474	0	-7.3438	3	-1	1	1	0	0	0
2	389.96	-1.3673	-2.2843	-1.3673	-2.2843	0	2	105	-3.1058	4.2473	1	5.8942	3.2474	0	-7.3438	3	-1	1	1	0	0	0
2	406.56	-1.6891	-1.4478	-1.6891	-1.4478	0	2	105	-3.1058	4.2473	1	5.8942	3.2474	0	-7.3438	3	-1	1	1	0	0	0
2	423.15	-1.8499	-1.126	-1.8499	-1.126	0	2	105	-3.1058	4.2473	1	5.8942	3.2474	0	-7.3438	3	-1	1	1	0	0	0
2	439.78	-2.1717	-0.57911	-2.1717	-0.57911	0	2	105	-3.1058	4.2473	1	5.8942	3.2474	0	-7.3438	3	-1	1	1	0	0	0
2	456.38	-2.3325	-0.38607	-2.3325	-0.38607	0	2	105	-3.1058	4.2473	1	5.8942	3.2474	0	-7.3438	3	-1	1	1	0	0	0
2	472.95	-2.5939	-0.032173	-2.5939	-0.032173	0	2	105	-3.1058	4.2473	1	5.8942	3.2474	0	-7.3438	3	-1	1	1	0	0	0
2	489.54	-2.8151	0.25738	-2.8151	0.25738	0	2	105	-3.1058	4.2473	1	5.8942	3.2474	0	-7.3438	3	-1	1	1	0	0	0
2	506.09	-3.0162	0.51476	-3.0162	0.51476	0	2	105	-3.1058	4.2473	1	5.8942	3.2474	0	-7.3438	3	-1	1	1	0	0	0
2	522.74	-3.0966	0.67563	-3.0966	0.67562	0	2	105	-3.1058	4.2473	1	5.8942	3.2474	0	-7.3438	3	-1	1	1	0	0	0
2	539.33	-3.2776	0.90083	-3.2776	0.90083	0	2	105	-3.1058	4.2473	1	5.8942	3.2474	0	-7.3438	3	-1	1	1	0	0	0
2	555.95	-3.358	0.99735	-3.358	0.99735	0	2	105	-3.1058	4.2473	1	5.8942	3.2474	0	-7.3438	3	-1	1	1	0	0	0
2	572.46	-3.539	1.1582	-3.539	1.1582	0	2	105	-3.1058	4.2473	1	5.8942	3.2474	0	-7.3438	3	-1	1	1	0	0	0
2	589.12	-3.72	1.3191	-3.72	1.3191	0	2	105	-3.1058	4.2473	1	5.8942	3.2474	0	-7.3438	3	-1	1	1	0	0	0
2	605.66	-3.8607	1.4799	-3.8607	1.4799	0	2	105	-3.1058	4.2473	1	5.8942	3.2474	0	-7.3438	3	-1	1	1	0	0	0
2	622.29	-3.921	1.5443	-3.921	1.5443	0	2	105	-3.1058	4.2473	1	5.8942	3.2474	0	-7.3438	3	-1	1	1	0	0	0
2	638.9	-4.0015	1.673	-4.0015	1.673	0	2	105	-3.1058	4.2473	1	5.8942	3.2474	0	-7.3438	3	-1	1	0	0	0	0
2	655.48	-4.0417	1.7373	-4.0417	1.7373	0	2	105	-3.1058	4.2473	1	5.8942	3.2474	0	-7.3438	3	-1	1	0	0	0	0
2	672.04	-4.1221	1.8338	-4.1221	1.8338	0	2	105	-3.1058	4.2473	1	5.8942	3.2474	0	-7.3438	3	-1	1	0	0	0	0
2	688.87	-4.1623	1.866	-4.1623	1.866	0	2	105	-3.1058	4.2473	1	5.8942	3.2474	0	-7.3438	3	-1	1	0	0	0	0
2	705.25	-4.2227	1.9625	-4.2227	1.9625	0	2	105	-3.1058	4.2473	1	5.8942	3.2474	0	-7.3438	3	-1	1	0	0	0	0
2	721.82	-4.283	1.9947	-4.283	1.9947	0	3	105	-3.1058	4.2473	1	5.8942	3.2474	0	-7.3438	3	-1	1	0	0	0	0
3	30.856	0.28151	-7.3354	0.28151	-7.3354	0	1	90	0	4.6562	1	9	3.6562	0	-7.3438	3	-1	1	0	0	0	0
3	47.534	0.28151	-7.3354	0.28151	-7.3354	0	1	90	0	4.6562	1	9	3.6562	0	-7.3438	3	-1	1	0	0	0	0
3	64.07	0.28151	-7.3354	0.28151	-7.3354	0	1	90	0	4.6562	1	9	3.6562	0	-7.3438	3	-1	1	0	0	0	0
3	80.738	0.28151	-7.3354	0.28151	-7.3354	0	1	90	0	4.6562	1	9	3.6562	0	-7.3438	3	-1	1	0	0	0	0
3	97.303	0.28151	-7.3354	0.28151	-7.3354	0	1	90	0	4.6562	1	9	3.6562	0	-7.3438	3	-1	1	0	0	0	0
3	113.89	0.28151	-7.3354	0.28151	-7.3354	0	1	90	0	4.6562	1	9	3.6562	0	-7.3438	3	-1	1	0	0	0	0
3	130.48	0.28151	-7.3354	0.28151	-7.3354	0	1	90	0	4.6562	1	9	3.6562	0	-7.3438	3	-1	1	0	0	0	0
3	147.07	0.28151	-7.3354	0.28151	-7.3354	0	1	90	0	4.6562	1	9	3.6562	0	-7.3438	3	-1	1	0	0	0	0
3	163.65	0.28151	-7.3354	0.28151	-7.3354	0	1	90	0	4.6562	1	9	3.6562	0	-7.3438	3	-1	1	0	0	0	0
3	180.24	0.28151	-7.3354	0.28151	-7.3354	0	1	90	0	4.6562	1	9	3.6562	0	-7.3438	3	-1	1	1	0	0	0
3	196.9	0.28151	-7.3354	0.28151	-7.3354	0	1	90	0	4.6562	1	9	3.6562	0	-7.3438	3	-1	1	1	0	0	0
3	213.46	0.28151	-7.3354	0.28151	-7.3354	0	1	90	0	4.6562	1	9	3.6562	0	-7.3438	3	-1	1	1	0	0	0
3	230.04	0.30162	-7.3354	0.30162	-7.3354	0	1	90	0	4.6562	1	9	3.6562	0	-7.3438	3	-1	1	1	0	0	0
3	246.62	0.30162	-7.3354	0.30162	-7.3354	0	1	90	0	4.6562	1	9	3.6562	0	-7.3438	3	-1	1	1	0	0	0
3	263.26	0.30162	-7.3032	0.30162	-7.3032	0	1	90	0	4.6562	1	9	3.6562	0	-7.3438	3	-1	1	1	0	0	0
3	279.8	0.32173	-7.271	0.32173	-7.271	0	1	90	0	4.6562	1	9	3.6562	0	-7.3438	3	-1	1	1	0	0	0
3	296.41	0.30162	-6.9493	0.30162	-6.9493	0	1	90	0	4.6562	1	9	3.6562	0	-7.3438	3	-1	1	1	0	0	0
3	313.04	0.22119	-6.1128	0.22119	-6.1128	0	1	90	0	4.6562	1	9	3.6562	0	-7.3438	3	-1	1	1	0	0	0
3	329.59	0.16086	-5.5337	0.16086	-5.5337	0	1	90	0	4.6562	1	9	3.6562	0	-7.3438	3	-1	1	1	0	0	0
3	346.23	0.080432	-4.279	0.080432	-4.279	0	1	90	0	4.6562	1	9	3.6562	0	-7.3438	3	-1	1	1	0	1	0
3	362.78	0.020108	-3.1207	0.020108	-3.1207	0	2	90	0	4.6562	1	9	3.6562	0	-7.3438	3	-1	1	1	0	0	0
3	379.41	0	-2.5738	0	-2.5738	0	2	90	0	4.6562	1	9	3.6562	0	-7.3438	3	-1	1	1	0	0	0
3	395.9	-0.040216	-1.5443	-0.040216	-1.5443	0	2	90	0	4.6562	1	9	3.6562	0	-7.3438	3	-1	1	1	0	0	0
3	412.64	-0.12065	-0.54693	-0.12065	-0.54693	0	2	90	0	4.6562	1	9	3.6562	0	-7.3438	3	-1	1	1	0	0	0
3	429.22	-0.16086	-0.12869	-0.16086	-0.12869	0	2	90	0	4.6562	1	9	3.6562	0	-7.3438	3	-1	1	1	0	0	0
3	445.82	-0.30162	0.48259	-0.30162	0.48259	0	2	90	0	4.6562	1	9	3.6562	0	-7.3438	3	-1	1	1	0	0	0
3	462.36	-0.44237	0.86866	-0.44237	0.86866	0	2	90	0	4.6562	1	9	3.6562	0	-7.3438	3	-1	1	1	0	0	0
3	478.97	-0.5027	1.0295	-0.5027	1.0295	0	2	90	0	4.6562	1	9	3.6562	0	-7.3438	3	-1	1	1	0	0	0
3	495.59	-0.64345	1.3513	-0.64345	1.3512	0	2	90	0	4.6562	1	9	3.6562	0	-7.3438	3	-1	1	1	0	0	0
3	512.12	-0.78421	1.7373	-0.78421	1.7373	0	2	90	0	4.6562	1	9	3.6562	0	-7.3438	3	-1	1	1	0	0	0
3	528.78	-0.84453	1.9304	-0.84453	1.9304	0	2	90	0	4.6562	1	9	3.6562	0	-7.3438	3	-1	1	1	0	0	0
3	545.16	-0.94507	2.2521	-0.94507	2.2521	0	2	90	0	4.6562	1	9	3.6562	0	-7.3438	3	-1	1	1	0	0	0
3	561.91	-1.0255	2.5095	-1.0255	2.5095	0	2	90	0	4.6562	1	9	3.6562	0	-7.3438	3	-1	1	1	0	0	0
3	578.5	-1.0456	2.6382	-1.0456	2.6382	0	2	90	0	4.6562	1	9	3.6562	0	-7.3438	3	-1	1	1	0	0	0
3	595.11	-1.0858	2.8634	-1.0858	2.8634	0	2	90	0	4.6562	1	9	3.6562	0	-7.3438	3	-1	1	1	0	0	0
3	611.72	-1.0858	3.1207	-1.0858	3.1207	0	2	90	0	4.6562	1	9	3.6562	0	-7.3438	3	-1	1	1	0	0	0
3	628.27	-1.0858	3.2173	-1.0858	3.2173	0	2	90	0	4.6562	1	9	3.6562	0	-7.3438	3	-1	1	1	0	0	0
3	644.91	-1.0657	3.3781	-1.0657	3.3781	0	2	90	0	4.6562	1	9	3.6562	0	-7.3438	3	-1	1	0	0	0	0
3	661.53	-1.0657	3.4103	-1.0657	3.4103	0	2	90	0	4.6562	1	9	3.6562	0	-7.3438	3	-1	1	0	0	0	0
3	678.08	-1.0456	3.4746	-1.0456	3.4746	0	2	90	0	4.6562	1	9	3.6562	0	-7.3438	3	-1	1	0	0	0	0
3	694.69	-1.0255	3.539	-1.0255	3.539	0	2	90	0	4.6562	1	9	3.6562	0	-7.3438	3	-1	1	0	0	0	0
3	711.26	-1.0054	3.6355	-1.0054	3.6355	0	2	90	0	4.6562	1	9	3.6562	0	-7.3438	3	-1	1	0	0	0	0
3	727.85	-0.98529	3.6677	-0.98529	3.6677	0	3	90	0	4.6562	1	9	3.6562	0	-7.3438	3	-1	1	0	0	0	0
4	31.147	-0.54291	-7.464	-0.54291	-7.464	0	1	105	-3.1058	4.2473	1	5.8942	3.2474	0	-7.3438	3	-1	1	0	0	0	0
4	47.655	-0.54291	-7.4962	-0.54291	-7.4962	0	1	105	-3.1058	4.2473	1	5.8942	3.2474	0	-7.3438	3	-1	1	0	0	0	0
4	64.287	-0.52281	-7.4962	-0.52281	-7.4962	0	1	105	-3.1058	4.2473	1	5.8942	3.2474	0	-7.3438	3	-1	1	0	0	0	0
4	80.854	-0.52281	-7.4962	-0.52281	-7.4962	0	1	105	-3.1058	4.2473	1	5.8942	3.2474	0	-7.3438	3	-1	1	0	0	0	0
4	97.456	-0.52281	-7.4962	-0.52281	-7.4962	0	1	105	-3.1058	4.2473	1	5.8942	3.2474	0	-7.3438	3	-1	1	0	0	0	0
4	114.02	-0.52281	-7.4962	-0.52281	-7.4962	0	1	105	-3.1058	4.2473	1	5.8942	3.2474	0	-7.3438	3	-1	1	0	0	0	0
4	130.59	-0.52281	-7.4962	-0.52281	-7.4962	0	1	105	-3.1058	4.2473	1	5.8942	3.2474	0	-7.3438	3	-1	1	0	0	0	0
4	147.21	-0.52281	-7.4962	-0.52281	-7.4962	0	1	105	-3.1058	4.2473	1	5.8942	3.2474	0	-7.3438	3	-1	1	0	0	0	0
4	163.85	-0.52281	-7.4962	-0.52281	-7.4962	0	1	105	-3.1058	4.2473	1	5.8942	3.2474	0	-7.3438	3	-1	1	0	0	0	0
4	180.42	-0.52281	-7.4962	-0.52281	-7.4962	0	1	105	-3.1058	4.2473	1	5.8942	3.2474	0	-7.3438	3	-1	1	0	0	0	0
4	197.01	-0.5027	-7.4962	-0.5027	-7.4962	0	1	105	-3.1058	4.2473	1	5.8942	3.2474	0	-7.3438	3	-1	1	0	0	0	0
4	213.62	-0.42227	-7.4962	-0.42227	-7.4962	0	1	105	-3.1058	4.2473	1	5.8942	3.2474	0	-7.3438	3	-1	1	1	0	0	0
4	230.19	-0.38205	-7.464	-0.38205	-7.464	0	1	105	-3.1058	4.2473	1	5.8942	3.2474	0	-7.3438	3	-1	1	1	0	0	0
4	246.78	-0.24129	-7.3675	-0.24129	-7.3675	0	1	105	-3.1058	4.2473	1	5.8942	3.2474	0	-7.3438	3	-1	1	1	0	0	0
4	263.38	-0.18097	-7.2388	-0.18097	-7.2388	0	1	105	-3.1058	4.2473	1	5.8942	3.2474	0	-7.3438	3	-1	1	1	0	0	0
4	280.03	-0.10054	-6.8206	-0.10054	-6.8206	0	1	105	-3.1058	4.2473	1	5.8942	3.2474	0	-7.3438	3	-1	1	1	0	0	0
4	296.59	-0.080432	-6.2093	-0.080432	-6.2093	0	1	105	-3.1058	4.2473	1	5.8942	3.2474	0	-7.3438	3	-1	1	1	0	0	0
4	313.14	-0.10054	-5.8554	-0.10054	-5.8554	0	1	105	-3.1058	4.2473	1	5.8942	3.2474	0	-7.3438	3	-1	1	1	0	0	0
4	329.74	-0.20108	-5.0833	-0.20108	-5.0833	0	1	105	-3.1058	4.2473	1	5.8942	3.2474	0	-7.3438	3	-1	1	1	0	0	0
4	346.33	-0.36194	-4.279	-0.36194	-4.279	0	2	105	-3.1058	4.2473	1	5.8942	3.2474	0	-7.3438	3	-1	1	1	0	0	0
4	362.94	-0.46248	-3.8607	-0.46248	-3.8607	0	2	105	-3.1058	4.2473	1	5.8942	3.2474	0	-7.3438	3	-1	1	1	0	0	0
4	379.54	-0.74399	-3.0242	-0.74399	-3.0242	0	2	105	-3.1058	4.2473	1	5.8942	3.2474	0	-7.3438	3	-1	1	1	0	1	0
4	396.14	-1.0456	-2.2199	-1.0456	-2.2199	0	2	105	-3.1058	4.2473	1	5.8942	3.2474	0	-7.3438	3	-1	1	1	0	0	0
4	412.76	-1.2065	-1.8338	-1.2065	-1.8338	0	2	105	-3.1058	4.2473	1	5.8942	3.2474	0	-7.3438	3	-1	1	1	0	0	0
4	429.32	-1.5483	-1.0939	-1.5483	-1.0939	0	2	105	-3.1058	4.2473	1	5.8942	3.2474	0	-7.3438	3	-1	1	1	0	0	0
4	445.87	-1.8901	-0.45042	-1.8901	-0.45042	0	2	105	-3.1058	4.2473	1	5.8942	3.2474	0	-7.3438	3	-1	1	1	0	0	0
4	462.48	-2.0309	-0.19304	-2.0309	-0.19304	0	2	105	-3.1058	4.2473	1	5.8942	3.2474	0	-7.3438	3	-1	1	1	0	0	0
4	479.14	-2.2923	0.28955	-2.2923	0.28955	0	2	105	-3.1058	4.2473	1	5.8942	3.2474	0	-7.3438	3	-1	1	1	0	0	0
4	495.77	-2.4129	0.48259	-2.4129	0.48259	0	2	105	-3.1058	4.2473	1	5.8942	3.2474	0	-7.3438	3	-1	1	1	0	0	0
4	512.32	-2.5939	0.90083	-2.5939	0.90083	0	2	105	-3.1058	4.2473	1	5.8942	3.2474	0	-7.3438	3	-1	1	1	0	0	0
4	528.88	-2.7548	1.3191	-2.7548	1.3191	0	2	105	-3.1058	4.2473	1	5.8942	3.2474	0	-7.3438	3	-1	1	1	0	0	0
4	545.49	-2.8955	1.7051	-2.8955	1.7051	0	2	105	-3.1058	4.2473	1	5.8942	3.2474	0	-7.3438	3	-1	1	1	0	0	0
4	562.06	-2.9559	1.866	-2.9559	1.866	0	2	105	-3.1058	4.2473	1	5.8942	3.2474	0	-7.3438	3	-1	1	1	0	0	0
4	578.64	-3.0966	2.0912	-3.0966	2.0912	0	2	105	-3.1058	4.2473	1	5.8942	3.2474	0	-7.3438	3	-1	1	0	0	0	0
4	595.25	-3.1569	2.1556	-3.1569	2.1556	0	2	105	-3.1058	4.2473	1	5.8942	3.2474	0	-7.3438	3	-1	1	0	0	0	0
4	611.89	-3.2776	2.2521	-3.2776	2.2521	0	2	105	-3.1058	4.2473	1	5.8942	3.2474	0	-7.3438	3	-1	1	0	0	0	0
4	628.48	-3.358	2.3164	-3.358	2.3164	0	2	105	-3.1058	4.2473	1	5.8942	3.2474	0	-7.3438	3	-1	1	0	0	0	0
4	645.07	-3.4183	2.4129	-3.4183	2.4129	0	2	105	-3.1058	4.2473	1	5.8942	3.2474	0	-7.3438	3	-1	1	0	0	0	0
4	661.66	-3.4384	2.4129	-3.4384	2.4129	0	2	105	-3.1058	4.2473	1	5.8942	3.2474	0	-7.3438	3	-1	1	0	0	0	0
4	678.18	-3.4988	2.4451	-3.4988	2.4451	0	2	105	-3.1058	4.2473	1	5.8942	3.2474	0	-7.3438	3	-1	1	0	0	0	0
4	694.8	-3.5189	2.4773	-3.5189	2.4773	0	2	105	-3.1058	4.2473	1	5.8942	3.2474	0	-7.3438	3	-1	1	0	0	0	0
4	711.35	-3.5792	2.5095	-3.5792	2.5095	0	2	105	-3.1058	4.2473	1	5.8942	3.2474	0	-7.3438	3	-1	1	0	0	0	0
4	728.05	-3.6194	2.5416	-3.6194	2.5416	0	3	105	-3.1058	4.2473	1	5.8942	3.2474	0	-7.3438	3	-1	1	0	0	0	0
5	30.967	0.42227	-7.2388	0.42227	-7.2388	0	1	75	3.1058	4.2473	1	12.106	3.2474	0	-7.3438	3	-1	1	0	0	0	0
5	47.574	0.40216	-7.271	0.40216	-7.271	0	1	75	3.1058	4.2473	1	12.106	3.2474	0	-7.3438	3	-1	1	0	0	0	0
5	64.21	0.38205	-7.3354	0.38205	-7.3354	0	1	75	3.1058	4.2473	1	12.106	3.2474	0	-7.3438	3	-1	1	0	0	0	0
5	80.771	0.36194	-7.3354	0.36194	-7.3354	0	1	75	3.1058	4.2473	1	12.106	3.2474	0	-7.3438	3	-1	1	0	0	0	0
5	97.381	0.36194	-7.3354	0.36194	-7.3354	0	1	75	3.1058	4.2473	1	12.106	3.2474	0	-7.3438	3	-1	1	0	0	0	0
5	113.93	0.36194	-7.3354	0.36194	-7.3354	0	1	75	3.1058	4.2473	1	12.106	3.2474	0	-7.3438	3	-1	1	0	0	0	0
5	130.55	0.36194	-7.3354	0.36194	-7.3354	0	1	75	3.1058	4.2473	1	12.106	3.2474	0	-7.3438	3	-1	1	0	0	0	0
5	147.18	0.36194	-7.3354	0.36194	-7.3354	0	1	75	3.1058	4.2473	1	12.106	3.2474	0	-7.3438	3	-1	1	0	0	0	0
5	163.76	0.34183	-7.3354	0.34183	-7.3354	0	1	75	3.1058	4.2473	1	12.106	3.2474	0	-7.3438	3	-1	1	0	0	0	0
5	180.39	0.34183	-7.3354	0.34183	-7.3354	0	1	75	3.1058	4.2473	1	12.106	3.2474	0	-7.3438	3	-1	1	1	0	0	0
5	196.97	0.30162	-7.3032	0.30162	-7.3032	0	1	75	3.1058	4.2473	1	12.106	3.2474	0	-7.3438	3	-1	1	1	0	0	0
5	213.51	0.24129	-7.2067	0.24129	-7.2067	0	1	75	3.1058	4.2473	1	12.106	3.2474	0	-7.3438	3	-1	1	1	0	0	0
5	230.09	0.12065	-6.9815	0.12065	-6.9815	0	1	75	3.1058	4.2473	1	12.106	3.2474	0	-7.3438	3	-1	1	1	0	0	0
5	246.7	-0.020108	-6.6276	-0.020108	-6.6276	0	1	75	3.1058	4.2473	1	12.106	3.2474	0	-7.3438	3	-1	1	1	0	0	0
5	263.35	-0.18097	-6.0806	-0.18097	-6.0806	0	1	75	3.1058	4.2473	1	12.106	3.2474	0	-7.3438	3	-1	1	1	0	0	0
5	279.94	-0.2614	-5.6946	-0.2614	-5.6946	0	1	75	3.1058	4.2473	1	12.106	3.2474	0	-7.3438	3	-1	1	1	0	0	0
5	296.53	-0.40216	-4.7294	-0.40216	-4.7294	0	1	75	3.1058	4.2473	1	12.106	3.2474	0	-7.3438	3	-1	1	1	0	0	0
5	313.13	-0.44237	-4.1824	-0.44237	-4.1824	0	2	75	3.1058	4.2473	1	12.106	3.2474	0	-7.3438	3	-1	1	1	0	1	0
5	329.66	-0.5027	-3.0242	-0.5027	-3.0242	0	2	75	3.1058	4.2473	1	12.106	3.2474	0	-7.3438	3	-1	1	1	0	0	0
5	346.27	-0.46248	-2.1556	-0.46248	-2.1556	0	2	75	3.1058	4.2473	1	12.106	3.2474	0	-7.3438	3	-1	1	1	0	0	0
5	362.87	-0.34183	-1.5121	-0.34183	-1.5121	0	2	75	3.1058	4.2473	1	12.106	3.2474	0	-7.3438	3	-1	1	1	0	0	0
5	379.46	-0.22119	-1.2226	-0.22119	-1.2226	0	2	75	3.1058	4.2473	1	12.106	3.2474	0	-7.3438	3	-1	1	1	0	0	0
5	396.03	0.080432	-0.54693	0.080432	-0.54693	0	2	75	3.1058	4.2473	1	12.106	3.2474	0	-7.3438	3	-1	1	1	0	0	0
5	412.68	0.24129	-0.22521	0.24129	-0.22521	0	2	75	3.1058	4.2473	1	12.106	3.2474	0	-7.3438	3	-1	1	1	0	0	0
5	429.25	0.62334	0.41824	0.62334	0.41824	0	2	75	3.1058	4.2473	1	12.106	3.2474	0	-7.3438	3	-1	1	1	0	0	0
5	445.83	0.98529	0.96518	0.98529	0.96518	0	2	75	3.1058	4.2473	1	12.106	3.2474	0	-7.3438	3	-1	1	1	0	0	0
5	462.41	1.3673	1.3834	1.3673	1.3834	0	2	75	3.1058	4.2473	1	12.106	3.2474	0	-7.3438	3	-1	1	1	0	0	0
5	479.03	1.5684	1.6086	1.5684	1.6086	0	2	75	3.1058	4.2473	1	12.106	3.2474	0	-7.3438	3	-1	1	1	0	0	0
5	495.58	2.0309	2.0269	2.0309	2.0269	0	2	75	3.1058	4.2473	1	12.106	3.2474	0	-7.3438	3	-1	1	1	0	0	0
5	512.25	2.2521	2.2199	2.2521	2.2199	0	2	75	3.1058	4.2473	1	12.106	3.2474	0	-7.3438	3	-1	1	1	0	0	0
5	528.84	2.6542	2.5416	2.6542	2.5416	0	2	75	3.1058	4.2473	1	12.106	3.2474	0	-7.3438	3	-1	1	1	0	0	0
5	545.44	2.9961	2.8312	2.9961	2.8312	0	2	75	3.1058	4.2473	1	12.106	3.2474	0	-7.3438	3	-1	1	1	0	0	0
5	561.98	3.2575	2.9921	3.2575	2.9921	0	2	75	3.1058	4.2473	1	12.106	3.2474	0	-7.3438	3	-1	1	1	0	0	0
5	578.57	3.358	3.0564	3.358	3.0564	0	2	75	3.1058	4.2473	1	12.106	3.2474	0	-7.3438	3	-1	1	1	0	0	0
5	595.19	3.5189	3.1207	3.5189	3.1207	0	2	75	3.1058	4.2473	1	12.106	3.2474	0	-7.3438	3	-1	1	0	0	0	0
5	611.79	3.5591	3.1529	3.5591	3.1529	0	2	75	3.1058	4.2473	1	12.106	3.2474	0	-7.3438	3	-1	1	0	0	0	0
5	628.38	3.6194	3.1851	3.6194	3.1851	0	2	75	3.1058	4.2473	1	12.106	3.2474	0	-7.3438	3	-1	1	0	0	0	0
5	644.98	3.6797	3.1851	3.6797	3.1851	0	2	75	3.1058	4.2473	1	12.106	3.2474	0	-7.3438	3	-1	1	0	0	0	0
5	661.58	3.72	3.2173	3.72	3.2173	0	2	75	3.1058	4.2473	1	12.106	3.2474	0	-7.3438	3	-1	1	0	0	0	0
5	678.15	3.7401	3.2173	3.7401	3.2173	0	2	75	3.1058	4.2473	1	12.106	3.2474	0	-7.3438	3	-1	1	0	0	0	0
5	694.75	3.7401	3.2173	3.7401	3.2173	0	2	75	3.1058	4.2473	1	12.106	3.2474	0	-7.3438	3	-1	1	0	0	0	0
5	711.43	3.7602	3.2173	3.7602	3.2173	0	2	75	3.1058	4.2473	1	12.106	3.2474	0	-7.3438	3	-1	1	0	0	0	0
5	727.96	3.7602	3.2173	3.7602	3.2173	0	3	75	3.1058	4.2473	1	12.106	3.2474	0	-7.3438	3	-1	1	0	0	0	0
6	30.851	0.12065	-7.3997	0.12065	-7.3997	0	1	105	-3.1058	4.2473	1	5.8942	3.2474	0	-7.3438	3	-1	1	0	0	0	0
6	47.462	0.060324	-7.4319	0.060324	-7.4319	0	1	105	-3.1058	4.2473	1	5.8942	3.2474	0	-7.3438	3	-1	1	0	0	0	0
6	64.04	0.040216	-7.4319	0.040216	-7.4319	0	1	105	-3.1058	4.2473	1	5.8942	3.2474	0	-7.3438	3	-1	1	0	0	0	0
6	80.614	0.020108	-7.464	0.020108	-7.464	0	1	105	-3.1058	4.2473	1	5.8942	3.2474	0	-7.3438	3	-1	1	0	0	0	0
6	97.221	-0.040216	-7.4962	-0.040216	-7.4962	0	1	105	-3.1058	4.2473	1	5.8942	3.2474	0	-7.3438	3	-1	1	0	0	0	0
6	113.89	-0.10054	-7.4962	-0.10054	-7.4962	0	1	105	-3.1058	4.2473	1	5.8942	3.2474	0	-7.3438	3	-1	1	0	0	0	0
6	130.47	-0.12065	-7.4962	-0.12065	-7.4962	0	1	105	-3.1058	4.2473	1	5.8942	3.2474	0	-7.3438	3	-1	1	0	0	0	0
6	147.05	-0.14076	-7.4962	-0.14076	-7.4962	0	1	105	-3.1058	4.2473	1	5.8942	3.2474	0	-7.3438	3	-1	1	0	0	0	0
6	163.62	-0.16086	-7.4962	-0.16086	-7.4962	0	1	105	-3.1058	4.2473	1	5.8942	3.2474	0	-7.3438	3	-1	1	0	0	0	0
6	180.2	-0.16086	-7.4962	-0.16086	-7.4962	0	1	105	-3.1058	4.2473	1	5.8942	3.2474	0	-7.3438	3	-1	1	1	0	0	0
6	196.83	-0.16086	-7.4962	-0.16086	-7.4962	0	1	105	-3.1058	4.2473	1	5.8942	3.2474	0	-7.3438	3	-1	1	1	0	0	0
6	213.45	-0.22119	-7.4962	-0.22119	-7.4962	0	1	105	-3.1058	4.2473	1	5.8942	3.2474	0	-7.3438	3	-1	1	1	0	0	0
6	230.18	-0.24129	-7.4962	-0.24129	-7.4962	0	1	105	-3.1058	4.2473	1	5.8942	3.2474	0	-7.3438	3	-1	1	1	0	0	0
6	246.61	-0.34183	-7.4962	-0.34183	-7.4962	0	1	105	-3.1058	4.2473	1	5.8942	3.2474	0	-7.3438	3	-1	1	1	0	0	0
6	263.18	-0.46248	-7.3997	-0.46248	-7.3997	0	1	105	-3.1058	4.2473	1	5.8942	3.2474	0	-7.3438	3	-1	1	1	0	0	0
6	279.74	-0.54291	-7.2388	-0.54291	-7.2388	0	1	105	-3.1058	4.2473	1	5.8942	3.2474	0	-7.3438	3	-1	1	1	0	0	0
6	296.38	-0.78421	-6.6597	-0.78421	-6.6597	0	1	105	-3.1058	4.2473	1	5.8942	3.2474	0	-7.3438	3	-1	1	1	0	0	0
6	313	-0.94507	-6.2093	-0.94507	-6.2093	0	1	105	-3.1058	4.2473	1	5.8942	3.2474	0	-7.3438	3	-1	1	1	0	0	0
6	329.59	-1.2467	-5.1154	-1.2467	-5.1154	0	1	105	-3.1058	4.2473	1	5.8942	3.2474	0	-7.3438	3	-1	1	1	0	1	0
6	346.2	-1.5483	-4.0537	-1.5483	-4.0537	0	2	105	-3.1058	4.2473	1	5.8942	3.2474	0	-7.3438	3	-1	1	1	0	0	0
6	362.78	-1.8298	-3.2494	-1.8298	-3.2494	0	2	105	-3.1058	4.2473	1	5.8942	3.2474	0	-7.3438	3	-1	1	1	0	0	0
6	379.32	-1.9706	-2.9277	-1.9706	-2.9277	0	2	105	-3.1058	4.2473	1	5.8942	3.2474	0	-7.3438	3	-1	1	1	0	0	0
6	395.92	-2.2521	-2.2521	-2.2521	-2.2521	0	2	105	-3.1058	4.2473	1	5.8942	3.2474	0	-7.3438	3	-1	1	1	0	0	0
6	412.53	-2.3928	-1.8982	-2.3928	-1.8982	0	2	105	-3.1058	4.2473	1	5.8942	3.2474	0	-7.3438	3	-1	1	1	0	0	0
6	429.11	-2.7146	-1.1582	-2.7146	-1.1582	0	2	105	-3.1058	4.2473	1	5.8942	3.2474	0	-7.3438	3	-1	1	1	0	0	0
6	445.75	-3.0363	-0.48259	-3.0363	-0.48259	0	2	105	-3.1058	4.2473	1	5.8942	3.2474	0	-7.3438	3	-1	1	1	0	0	0
6	462.33	-3.1972	-0.19304	-3.1972	-0.19304	0	2	105	-3.1058	4.2473	1	5.8942	3.2474	0	-7.3438	3	-1	1	1	0	0	0
6	478.94	-3.4787	0.28955	-3.4787	0.28955	0	2	105	-3.1058	4.2473	1	5.8942	3.2474	0	-7.3438	3	-1	1	1	0	0	0
6	495.53	-3.6797	0.67563	-3.6797	0.67562	0	2	105	-3.1058	4.2473	1	5.8942	3.2474	0	-7.3438	3	-1	1	1	0	0	0
6	512.07	-3.7401	0.80432	-3.7401	0.80432	0	2	105	-3.1058	4.2473	1	5.8942	3.2474	0	-7.3438	3	-1	1	1	0	0	0
6	528.72	-3.8406	1.0939	-3.8406	1.0939	0	2	105	-3.1058	4.2473	1	5.8942	3.2474	0	-7.3438	3	-1	1	1	0	0	0
6	545.32	-3.9009	1.3191	-3.9009	1.3191	0	2	105	-3.1058	4.2473	1	5.8942	3.2474	0	-7.3438	3	-1	1	1	0	0	0
6	561.92	-3.921	1.4478	-3.921	1.4478	0	2	105	-3.1058	4.2473	1	5.8942	3.2474	0	-7.3438	3	-1	1	1	0	0	0
6	578.48	-3.9613	1.6408	-3.9613	1.6408	0	2	105	-3.1058	4.2473	1	5.8942	3.2474	0	-7.3438	3	-1	1	1	0	0	0
6	595.07	-4.0216	1.7695	-4.0216	1.7695	0	2	105	-3.1058	4.2473	1	5.8942	3.2474	0	-7.3438	3	-1	1	0	0	0	0
6	611.67	-4.0618	1.8338	-4.0618	1.8338	0	2	105	-3.1058	4.2473	1	5.8942	3.2474	0	-7.3438	3	-1	1	0	0	0	0
6	628.26	-4.1221	1.9304	-4.1221	1.9304	0	2	105	-3.1058	4.2473	1	5.8942	3.2474	0	-7.3438	3	-1	1	0	0	0	0
6	644.82	-4.1824	2.0269	-4.1824	2.0269	0	2	105	-3.1058	4.2473	1	5.8942	3.2474	0	-7.3438	3	-1	1	0	0	0	0
6	661.42	-4.1824	2.059	-4.1824	2.059	0	2	105	-3.1058	4.2473	1	5.8942	3.2474	0	-7.3438	3	-1	1	0	0	0	0
6	678.07	-4.2227	2.0912	-4.2227	2.0912	0	2	105	-3.1058	4.2473	1	5.8942	3.2474	0	-7.3438	3	-1	1	0	0	0	0
6	694.63	-4.2227	2.0912	-4.2227	2.0912	0	3	105	-3.1058	4.2473	1	5.8942	3.2474	0	-7.3438	3	-1	1	0	0	0	0
7	30.994	0.12065	-7.2388	0.12065	-7.2388	0	1	90	0	4.6562	1	9	3.6562	0	-7.3438	3	-1	1	0	0	0	0
7	47.495	0.16086	-7.3997	0.16086	-7.3997	0	1	90	0	4.6562	1	9	3.6562	0	-7.3438	3	-1	1	0	0	0	0
7	64.104	0.20108	-7.3997	0.20108	-7.3997	0	1	90	0	4.6562	1	9	3.6562	0	-7.3438	3	-1	1	0	0	0	0
7	80.682	0.24129	-7.3997	0.24129	-7.3997	0	1	90	0	4.6562	1	9	3.6562	0	-7.3438	3	-1	1	0	0	0	0
7	97.285	0.2614	-7.3997	0.2614	-7.3997	0	1	90	0	4.6562	1	9	3.6562	0	-7.3438	3	-1	1	0	0	0	0
7	113.88	0.28151	-7.3997	0.28151	-7.3997	0	1	90	0	4.6562	1	9	3.6562	0	-7.3438	3	-1	1	0	0	0	0
7	130.52	0.28151	-7.3997	0.28151	-7.3997	0	1	90	0	4.6562	1	9	3.6562	0	-7.3438	3	-1	1	1	0	0	0
7	147.07	0.28151	-7.3997	0.28151	-7.3997	0	1	90	0	4.6562	1	9	3.6562	0	-7.3438	3	-1	1	1	0	0	0
7	163.64	0.28151	-7.3997	0.28151	-7.3997	0	1	90	0	4.6562	1	9	3.6562	0	-7.3438	3	-1	1	1	0	0	0
7	180.25	0.28151	-7.3997	0.28151	-7.3997	0	1	90	0	4.6562	1	9	3.6562	0	-7.3438	3	-1	1	1	0	0	0
7	196.85	0.2614	-7.3997	0.2614	-7.3997	0	1	90	0	4.6562	1	9	3.6562	0	-7.3438	3	-1	1	1	0	0	0
7	213.46	0.2614	-7.3675	0.2614	-7.3675	0	1	90	0	4.6562	1	9	3.6562	0	-7.3438	3	-1	1	1	0	0	0
7	230.05	0.24129	-7.3354	0.24129	-7.3354	0	1	90	0	4.6562	1	9	3.6562	0	-7.3438	3	-1	1	1	0	0	0
7	246.67	0.14076	-7.0136	0.14076	-7.0136	0	1	90	0	4.6562	1	9	3.6562	0	-7.3438	3	-1	1	1	0	0	0
7	263.27	-0.020108	-6.3058	-0.020108	-6.3058	0	1	90	0	4.6562	1	9	3.6562	0	-7.3438	3	-1	1	1	0	0	0
7	279.85	-0.24129	-5.3085	-0.24129	-5.3085	0	1	90	0	4.6562	1	9	3.6562	0	-7.3438	3	-1	1	1	0	0	0
7	296.36	-0.34183	-4.7937	-0.34183	-4.7937	0	2	90	0	4.6562	1	9	3.6562	0	-7.3438	3	-1	1	1	0	0	0
7	313	-0.5027	-3.6677	-0.5027	-3.6677	0	2	90	0	4.6562	1	9	3.6562	0	-7.3438	3	-1	1	1	0	0	0
7	329.58	-0.56302	-3.1207	-0.56302	-3.1207	0	2	90	0	4.6562	1	9	3.6562	0	-7.3438	3	-1	1	1	0	1	0
7	346.24	-0.60324	-2.0269	-0.60324	-2.0269	0	2	90	0	4.6562	1	9	3.6562	0	-7.3438	3	-1	1	1	0	0	0
7	362.82	-0.56302	-0.99735	-0.56302	-0.99735	0	2	90	0	4.6562	1	9	3.6562	0	-7.3438	3	-1	1	1	0	0	0
7	379.41	-0.46248	-0.19304	-0.46248	-0.19304	0	2	90	0	4.6562	1	9	3.6562	0	-7.3438	3	-1	1	1	0	0	0
7	396.01	-0.40216	0.096518	-0.40216	0.096518	0	2	90	0	4.6562	1	9	3.6562	0	-7.3438	3	-1	1	1	0	0	0
7	412.58	-0.2614	0.67563	-0.2614	0.67562	0	2	90	0	4.6562	1	9	3.6562	0	-7.3438	3	-1	1	1	0	0	0
7	429.14	-0.18097	0.99735	-0.18097	0.99735	0	2	90	0	4.6562	1	9	3.6562	0	-7.3438	3	-1	1	1	0	0	0
7	445.91	0	1.6408	0	1.6408	0	2	90	0	4.6562	1	9	3.6562	0	-7.3438	3	-1	1	1	0	0	0
7	462.38	0.16086	2.2521	0.16086	2.2521	0	2	90	0	4.6562	1	9	3.6562	0	-7.3438	3	-1	1	1	0	0	0
7	478.99	0.22119	2.5095	0.22119	2.5095	0	2	90	0	4.6562	1	9	3.6562	0	-7.3438	3	-1	1	1	0	0	0
7	495.54	0.28151	2.8955	0.28151	2.8955	0	2	90	0	4.6562	1	9	3.6562	0	-7.3438	3	-1	1	1	0	0	0
7	512.12	0.34183	3.2173	0.34183	3.2173	0	2	90	0	4.6562	1	9	3.6562	0	-7.3438	3	-1	1	1	0	0	0
7	528.75	0.36194	3.346	0.36194	3.346	0	2	90	0	4.6562	1	9	3.6562	0	-7.3438	3	-1	1	1	0	0	0
7	545.38	0.42227	3.6677	0.42227	3.6677	0	2	90	0	4.6562	1	9	3.6562	0	-7.3438	3	-1	1	1	0	0	0
7	561.9	0.48259	3.9572	0.48259	3.9572	0	2	90	0	4.6562	1	9	3.6562	0	-7.3438	3	-1	1	1	0	0	0
7	578.53	0.52281	4.1181	0.52281	4.1181	0	2	90	0	4.6562	1	9	3.6562	0	-7.3438	3	-1	1	1	0	0	0
7	595.14	0.54291	4.3111	0.54291	4.3111	0	2	90	0	4.6562	1	9	3.6562	0	-7.3438	3	-1	1	0	0	0	0
7	611.68	0.54291	4.3755	0.54291	4.3755	0	2	90	0	4.6562	1	9	3.6562	0	-7.3438	3	-1	1	0	0	0	0
7	628.3	0.54291	4.4076	0.54291	4.4076	0	2	90	0	4.6562	1	9	3.6562	0	-7.3438	3	-1	1	0	0	0	0
7	644.87	0.54291	4.4398	0.54291	4.4398	0	2	90	0	4.6562	1	9	3.6562	0	-7.3438	3	-1	1	0	0	0	0
7	661.5	0.54291	4.472	0.54291	4.472	0	2	90	0	4.6562	1	9	3.6562	0	-7.3438	3	-1	1	0	0	0	0
7	678.02	0.54291	4.5042	0.54291	4.5042	0	2	90	0	4.6562	1	9	3.6562	0	-7.3438	3	-1	1	0	0	0	0
7	694.67	0.54291	4.5042	0.54291	4.5042	0	2	90	0	4.6562	1	9	3.6562	0	-7.3438	3	-1	1	0	0	0	0
7	711.28	0.54291	4.5042	0.54291	4.5042	0	3	90	0	4.6562	1	9	3.6562	0	-7.3438	3	-1	1	0	0	0	0
8	30.861	-0.12065	-7.464	-0.12065	-7.464	0	1	75	3.1058	4.2473	1	12.106	3.2474	0	-7.3438	3	-1	1	0	0	0	0
8	47.478	-0.16086	-7.464	-0.16086	-7.464	0	1	75	3.1058	4.2473	1	12.106	3.2474	0	-7.3438	3	-1	1	0	0	0	0
8	64.051	-0.16086	-7.464	-0.16086	-7.464	0	1	75	3.1058	4.2473	1	12.106	3.2474	0	-7.3438	3	-1	1	0	0	0	0
8	80.612	-0.16086	-7.464	-0.16086	-7.464	0	1	75	3.1058	4.2473	1	12.106	3.2474	0	-7.3438	3	-1	1	0	0	0	0
8	97.202	-0.16086	-7.4962	-0.16086	-7.4962	0	1	75	3.1058	4.2473	1	12.106	3.2474	0	-7.3438	3	-1	1	0	0	0	0
8	113.81	-0.16086	-7.4962	-0.16086	-7.4962	0	1	75	3.1058	4.2473	1	12.106	3.2474	0	-7.3438	3	-1	1	0	0	0	0
8	130.42	-0.16086	-7.4962	-0.16086	-7.4962	0	1	75	3.1058	4.2473	1	12.106	3.2474	0	-7.3438	3	-1	1	0	0	0	0
8	147.02	-0.16086	-7.4962	-0.16086	-7.4962	0	1	75	3.1058	4.2473	1	12.106	3.2474	0	-7.3438	3	-1	1	0	0	0	0
8	163.57	-0.16086	-7.4962	-0.16086	-7.4962	0	1	75	3.1058	4.2473	1	12.106	3.2474	0	-7.3438	3	-1	1	0	0	0	0
8	180.23	-0.16086	-7.4962	-0.16086	-7.4962	0	1	75	3.1058	4.2473	1	12.106	3.2474	0	-7.3438	3	-1	1	0	0	0	0
8	196.81	-0.16086	-7.4962	-0.16086	-7.4962	0	1	75	3.1058	4.2473	1	12.106	3.2474	0	-7.3438	3	-1	1	0	0	0	0
8	213.33	-0.16086	-7.4962	-0.16086	-7.4962	0	1	75	3.1058	4.2473	1	12.106	3.2474	0	-7.3438	3	-1	1	1	0	0	0
8	229.97	-0.16086	-7.464	-0.16086	-7.464	0	1	75	3.1058	4.2473	1	12.106	3.2474	0	-7.3438	3	-1	1	1	0	0	0
8	246.57	-0.20108	-7.3354	-0.20108	-7.3354	0	1	75	3.1058	4.2473	1	12.106	3.2474	0	-7.3438	3	-1	1	1	0	0	0
8	263.21	-0.22119	-7.2067	-0.22119	-7.2067	0	1	75	3.1058	4.2473	1	12.106	3.2474	0	-7.3438	3	-1	1	1	0	0	0
8	279.8	-0.28151	-6.7884	-0.28151	-6.7884	0	1	75	3.1058	4.2473	1	12.106	3.2474	0	-7.3438	3	-1	1	1	0	0	0
8	296.37	-0.30162	-6.4667	-0.30162	-6.4667	0	1	75	3.1058	4.2473	1	12.106	3.2474	0	-7.3438	3	-1	1	1	0	0	0
8	312.96	-0.2614	-5.7267	-0.2614	-5.7267	0	1	75	3.1058	4.2473	1	12.106	3.2474	0	-7.3438	3	-1	1	1	0	0	0
8	329.51	-0.080432	-4.9224	-0.080432	-4.9224	0	1	75	3.1058	4.2473	1	12.106	3.2474	0	-7.3438	3	-1	1	1	0	0	0
8	346.13	0.24129	-4.0216	0.24129	-4.0216	0	2	75	3.1058	4.2473	1	12.106	3.2474	0	-7.3438	3	-1	1	1	0	0	0
8	362.7	0.44237	-3.539	0.44237	-3.539	0	2	75	3.1058	4.2473	1	12.106	3.2474	0	-7.3438	3	-1	1	1	0	0	0
8	379.35	0.94507	-2.5738	0.94507	-2.5738	0	2	75	3.1058	4.2473	1	12.106	3.2474	0	-7.3438	3	-1	1	1	0	0	0
8	395.95	1.2266	-2.059	1.2266	-2.059	0	2	75	3.1058	4.2473	1	12.106	3.2474	0	-7.3438	3	-1	1	1	0	1	0
8	412.54	1.7896	-1.126	1.7896	-1.126	0	2	75	3.1058	4.2473	1	12.106	3.2474	0	-7.3438	3	-1	1	1	0	0	0
8	429.1	2.3727	-0.22521	2.3727	-0.22521	0	2	75	3.1058	4.2473	1	12.106	3.2474	0	-7.3438	3	-1	1	1	0	0	0
8	445.66	2.8955	0.57911	2.8955	0.57911	0	2	75	3.1058	4.2473	1	12.106	3.2474	0	-7.3438	3	-1	1	1	0	0	0
8	462.27	3.1167	0.90083	3.1167	0.90083	0	2	75	3.1058	4.2473	1	12.106	3.2474	0	-7.3438	3	-1	1	1	0	0	0
8	478.86	3.5189	1.4156	3.5189	1.4156	0	2	75	3.1058	4.2473	1	12.106	3.2474	0	-7.3438	3	-1	1	1	0	0	0
8	495.5	3.6999	1.6086	3.6999	1.6086	0	2	75	3.1058	4.2473	1	12.106	3.2474	0	-7.3438	3	-1	1	1	0	0	0
8	512.09	4.0216	1.9947	4.0216	1.9947	0	2	75	3.1058	4.2473	1	12.106	3.2474	0	-7.3438	3	-1	1	1	0	0	0
8	528.67	4.3031	2.3164	4.3031	2.3164	0	2	75	3.1058	4.2473	1	12.106	3.2474	0	-7.3438	3	-1	1	1	0	0	0
8	545.27	4.5243	2.5416	4.5243	2.5416	0	2	75	3.1058	4.2473	1	12.106	3.2474	0	-7.3438	3	-1	1	1	0	0	0
8	561.82	4.6248	2.6382	4.6248	2.6382	0	2	75	3.1058	4.2473	1	12.106	3.2474	0	-7.3438	3	-1	1	1	0	0	0
8	578.48	4.7455	2.7668	4.7455	2.7668	0	2	75	3.1058	4.2473	1	12.106	3.2474	0	-7.3438	3	-1	1	0	0	0	0
8	595.09	4.7857	2.8312	4.7857	2.8312	0	2	75	3.1058	4.2473	1	12.106	3.2474	0	-7.3438	3	-1	1	0	0	0	0
8	611.69	4.8058	2.8955	4.8058	2.8955	0	2	75	3.1058	4.2473	1	12.106	3.2474	0	-7.3438	3	-1	1	0	0	0	0
8	628.26	4.8259	2.9599	4.8259	2.9599	0	2	75	3.1058	4.2473	1	12.106	3.2474	0	-7.3438	3	-1	1	0	0	0	0
8	644.83	4.8259	2.9921	4.8259	2.9921	0	2	75	3.1058	4.2473	1	12.106	3.2474	0	-7.3438	3	-1	1	0	0	0	0
8	661.41	4.8259	3.0242	4.8259	3.0242	0	2	75	3.1058	4.2473	1	12.106	3.2474	0	-7.3438	3	-1	1	0	0	0	0
8	678.05	4.8259	3.0242	4.8259	3.0242	0	2	75	3.1058	4.2473	1	12.106	3.2474	0	-7.3438	3	-1	1	0	0	0	0
8	694.73	4.8259	3.0242	4.8259	3.0242	0	2	75	3.1058	4.2473	1	12.106	3.2474	0	-7.3438	3	-1	1	0	0	0	0
8	711.22	4.8259	3.0242	4.8259	3.0242	0	3	75	3.1058	4.2473	1	12.106	3.2474	0	-7.3438	3	-1	1	0	0	0	0
9	30.941	0.14076	-7.3997	0.14076	-7.3997	0	1	75	3.1058	4.2473	1	12.106	3.2474	0	-7.3438	3	-1	1	0	0	0	0
9	47.547	0.14076	-7.3997	0.14076	-7.3997	0	1	75	3.1058	4.2473	1	12.106	3.2474	0	-7.3438	3	-1	1	0	0	0	0
9	64.08	0.14076	-7.3997	0.14076	-7.3997	0	1	75	3.1058	4.2473	1	12.106	3.2474	0	-7.3438	3	-1	1	0	0	0	0
9	80.647	0.14076	-7.3997	0.14076	-7.3997	0	1	75	3.1058	4.2473	1	12.106	3.2474	0	-7.3438	3	-1	1	0	0	0	0
9	97.282	0.14076	-7.3997	0.14076	-7.3997	0	1	75	3.1058	4.2473	1	12.106	3.2474	0	-7.3438	3	-1	1	0	0	0	0
9	113.92	0.14076	-7.3997	0.14076	-7.3997	0	1	75	3.1058	4.2473	1	12.106	3.2474	0	-7.3438	3	-1	1	0	0	0	0
9	130.53	0.12065	-7.3997	0.12065	-7.3997	0	1	75	3.1058	4.2473	1	12.106	3.2474	0	-7.3438	3	-1	1	0	0	0	0
9	147.12	0.080432	-7.3997	0.080432	-7.3997	0	1	75	3.1058	4.2473	1	12.106	3.2474	0	-7.3438	3	-1	1	0	0	0	0
9	163.68	0.040216	-7.3997	0.040216	-7.3997	0	1	75	3.1058	4.2473	1	12.106	3.2474	0	-7.3438	3	-1	1	1	0	0	0
9	180.29	-0.060324	-7.4319	-0.060324	-7.4319	0	1	75	3.1058	4.2473	1	12.106	3.2474	0	-7.3438	3	-1	1	1	0	0	0
9	196.87	-0.20108	-7.4319	-0.20108	-7.4319	0	1	75	3.1058	4.2473	1	12.106	3.2474	0	-7.3438	3	-1	1	1	0	0	0
9	213.46	-0.28151	-7.3675	-0.28151	-7.3675	0	1	75	3.1058	4.2473	1	12.106	3.2474	0	-7.3438	3	-1	1	1	0	0	0
9	230.08	-0.46248	-7.1423	-0.46248	-7.1423	0	1	75	3.1058	4.2473	1	12.106	3.2474	0	-7.3438	3	-1	1	1	0	0	0
9	246.69	-0.66356	-6.7562	-0.66356	-6.7562	0	1	75	3.1058	4.2473	1	12.106	3.2474	0	-7.3438	3	-1	1	1	0	0	0
9	263.28	-0.74399	-6.4989	-0.74399	-6.4989	0	1	75	3.1058	4.2473	1	12.106	3.2474	0	-7.3438	3	-1	1	1	0	0	0
9	279.84	-0.88475	-5.9841	-0.88475	-5.9841	0	1	75	3.1058	4.2473	1	12.106	3.2474	0	-7.3438	3	-1	1	1	0	0	0
9	296.46	-0.88475	-5.405	-0.88475	-5.405	0	1	75	3.1058	4.2473	1	12.106	3.2474	0	-7.3438	3	-1	1	1	0	0	0
9	313.03	-0.86464	-5.0833	-0.86464	-5.0833	0	2	75	3.1058	4.2473	1	12.106	3.2474	0	-7.3438	3	-1	1	1	0	0	0
9	329.63	-0.72388	-4.2146	-0.72388	-4.2146	0	2	75	3.1058	4.2473	1	12.106	3.2474	0	-7.3438	3	-1	1	1	0	0	0
9	346.22	-0.48259	-3.1529	-0.48259	-3.1529	0	2	75	3.1058	4.2473	1	12.106	3.2474	0	-7.3438	3	-1	1	1	0	0	0
9	362.84	-0.34183	-2.6382	-0.34183	-2.6382	0	2	75	3.1058	4.2473	1	12.106	3.2474	0	-7.3438	3	-1	1	1	0	1	0
9	379.44	-0.040216	-1.7695	-0.040216	-1.7695	0	2	75	3.1058	4.2473	1	12.106	3.2474	0	-7.3438	3	-1	1	1	0	0	0
9	395.98	0.34183	-0.99735	0.34183	-0.99735	0	2	75	3.1058	4.2473	1	12.106	3.2474	0	-7.3438	3	-1	1	1	0	0	0
9	412.55	0.56302	-0.61128	0.56302	-0.61128	0	2	75	3.1058	4.2473	1	12.106	3.2474	0	-7.3438	3	-1	1	1	0	0	0
9	429.16	1.0456	0.12869	1.0456	0.12869	0	2	75	3.1058	4.2473	1	12.106	3.2474	0	-7.3438	3	-1	1	1	0	0	0
9	445.78	1.5684	0.83649	1.5684	0.83649	0	2	75	3.1058	4.2473	1	12.106	3.2474	0	-7.3438	3	-1	1	1	0	0	0
9	462.33	1.8097	1.1582	1.8097	1.1582	0	2	75	3.1058	4.2473	1	12.106	3.2474	0	-7.3438	3	-1	1	1	0	0	0
9	479	2.2923	1.7051	2.2923	1.7051	0	2	75	3.1058	4.2473	1	12.106	3.2474	0	-7.3438	3	-1	1	1	0	0	0
9	495.6	2.4934	1.9304	2.4934	1.9304	0	2	75	3.1058	4.2473	1	12.106	3.2474	0	-7.3438	3	-1	1	1	0	0	0
9	512.15	2.9156	2.3486	2.9156	2.3486	0	2	75	3.1058	4.2473	1	12.106	3.2474	0	-7.3438	3	-1	1	1	0	0	0
9	528.75	3.2776	2.7347	3.2776	2.7347	0	2	75	3.1058	4.2473	1	12.106	3.2474	0	-7.3438	3	-1	1	1	0	0	0
9	545.31	3.5591	3.0886	3.5591	3.0886	0	2	75	3.1058	4.2473	1	12.106	3.2474	0	-7.3438	3	-1	1	1	0	0	0
9	561.9	3.6797	3.2173	3.6797	3.2173	0	2	75	3.1058	4.2473	1	12.106	3.2474	0	-7.3438	3	-1	1	1	0	0	0
9	578.51	3.8205	3.4103	3.8205	3.4103	0	2	75	3.1058	4.2473	1	12.106	3.2474	0	-7.3438	3	-1	1	0	0	0	0
9	595.16	3.8607	3.4425	3.8607	3.4425	0	2	75	3.1058	4.2473	1	12.106	3.2474	0	-7.3438	3	-1	1	0	0	0	0
9	611.75	3.9009	3.5068	3.9009	3.5068	0	2	75	3.1058	4.2473	1	12.106	3.2474	0	-7.3438	3	-1	1	0	0	0	0
9	628.32	3.921	3.5068	3.921	3.5068	0	2	75	3.1058	4.2473	1	12.106	3.2474	0	-7.3438	3	-1	1	0	0	0	0
9	644.9	3.921	3.5068	3.921	3.5068	0	2	75	3.1058	4.2473	1	12.106	3.2474	0	-7.3438	3	-1	1	0	0	0	0
9	661.5	3.921	3.539	3.921	3.539	0	2	75	3.1058	4.2473	1	12.106	3.2474	0	-7.3438	3	-1	1	0	0	0	0
9	678.09	3.921	3.539	3.921	3.539	0	2	75	3.1058	4.2473	1	12.106	3.2474	0	-7.3438	3	-1	1	0	0	0	0
9	694.71	3.921	3.539	3.921	3.539	0	2	75	3.1058	4.2473	1	12.106	3.2474	0	-7.3438	3	-1	1	0	0	0	0
9	711.31	3.921	3.539	3.921	3.539	0	2	75	3.1058	4.2473	1	12.106	3.2474	0	-7.3438	3	-1	1	0	0	0	0
9	727.87	3.921	3.539	3.921	3.539	0	3	75	3.1058	4.2473	1	12.106	3.2474	0	-7.3438	3	-1	1	0	0	0	0
10	31.004	0.18097	-7.3675	0.18097	-7.3675	0	1	90	0	4.6562	1	9	3.6562	0	-7.3438	3	-1	1	0	0	0	0
10	47.588	0.18097	-7.3675	0.18097	-7.3675	0	1	90	0	4.6562	1	9	3.6562	0	-7.3438	3	-1	1	0	0	0	0
10	64.163	0.18097	-7.3675	0.18097	-7.3675	0	1	90	0	4.6562	1	9	3.6562	0	-7.3438	3	-1	1	0	0	0	0
10	80.746	0.18097	-7.3675	0.18097	-7.3675	0	1	90	0	4.6562	1	9	3.6562	0	-7.3438	3	-1	1	0	0	0	0
10	97.34	0.18097	-7.3675	0.18097	-7.3675	0	1	90	0	4.6562	1	9	3.6562	0	-7.3438	3	-1	1	0	0	0	0
10	113.87	0.18097	-7.3675	0.18097	-7.3675	0	1	90	0	4.6562	1	9	3.6562	0	-7.3438	3	-1	1	0	0	0	0
10	130.51	0.18097	-7.3675	0.18097	-7.3675	0	1	90	0	4.6562	1	9	3.6562	0	-7.3438	3	-1	1	0	0	0	0
10	147.18	0.18097	-7.3675	0.18097	-7.3675	0	1	90	0	4.6562	1	9	3.6562	0	-7.3438	3	-1	1	0	0	0	0
10	163.72	0.16086	-7.3675	0.16086	-7.3675	0	1	90	0	4.6562	1	9	3.6562	0	-7.3438	3	-1	1	0	0	0	0
10	180.27	0.12065	-7.3354	0.12065	-7.3354	0	1	90	0	4.6562	1	9	3.6562	0	-7.3438	3	-1	1	0	0	0	0
10	196.92	0.060324	-7.3032	0.060324	-7.3032	0	1	90	0	4.6562	1	9	3.6562	0	-7.3438	3	-1	1	1	0	0	0
10	213.47	0.020108	-7.2388	0.020108	-7.2388	0	1	90	0	4.6562	1	9	3.6562	0	-7.3438	3	-1	1	1	0	0	0
10	230.12	-0.040216	-7.1423	-0.040216	-7.1423	0	1	90	0	4.6562	1	9	3.6562	0	-7.3438	3	-1	1	1	0	0	0
10	246.72	-0.040216	-7.078	-0.040216	-7.078	0	1	90	0	4.6562	1	9	3.6562	0	-7.3438	3	-1	1	1	0	0	0
10	263.32	-0.080432	-6.7884	-0.080432	-6.7884	0	1	90	0	4.6562	1	9	3.6562	0	-7.3438	3	-1	1	1	0	0	0
10	279.88	-0.10054	-6.2415	-0.10054	-6.2415	0	1	90	0	4.6562	1	9	3.6562	0	-7.3438	3	-1	1	1	0	0	0
10	296.46	-0.14076	-5.3085	-0.14076	-5.3085	0	1	90	0	4.6562	1	9	3.6562	0	-7.3438	3	-1	1	1	0	0	0
10	313.12	-0.16086	-4.7294	-0.16086	-4.7294	0	2	90	0	4.6562	1	9	3.6562	0	-7.3438	3	-1	1	1	0	0	0
10	329.66	-0.18097	-3.4746	-0.18097	-3.4746	0	2	90	0	4.6562	1	9	3.6562	0	-7.3438	3	-1	1	1	0	0	0
10	346.29	-0.22119	-2.8955	-0.22119	-2.8955	0	2	90	0	4.6562	1	9	3.6562	0	-7.3438	3	-1	1	1	0	1	0
10	362.88	-0.30162	-1.9304	-0.30162	-1.9304	0	2	90	0	4.6562	1	9	3.6562	0	-7.3438	3	-1	1	1	0	0	0
10	379.43	-0.44237	-1.0617	-0.44237	-1.0617	0	2	90	0	4.6562	1	9	3.6562	0	-7.3438	3	-1	1	1	0	0	0
10	396.03	-0.58313	-0.22521	-0.58313	-0.22521	0	2	90	0	4.6562	1	9	3.6562	0	-7.3438	3	-1	1	1	0	0	0
10	412.59	-0.62334	0.19304	-0.62334	0.19304	0	2	90	0	4.6562	1	9	3.6562	0	-7.3438	3	-1	1	1	0	0	0
10	429.17	-0.72388	0.90083	-0.72388	0.90083	0	2	90	0	4.6562	1	9	3.6562	0	-7.3438	3	-1	1	1	0	0	0
10	445.82	-0.7641	1.1904	-0.7641	1.1904	0	2	90	0	4.6562	1	9	3.6562	0	-7.3438	3	-1	1	1	0	0	0
10	462.38	-0.82442	1.7373	-0.82442	1.7373	0	2	90	0	4.6562	1	9	3.6562	0	-7.3438	3	-1	1	1	0	0	0
10	479.03	-0.82442	2.1556	-0.82442	2.1556	0	2	90	0	4.6562	1	9	3.6562	0	-7.3438	3	-1	1	1	0	0	0
10	495.59	-0.80432	2.5738	-0.80432	2.5738	0	2	90	0	4.6562	1	9	3.6562	0	-7.3438	3	-1	1	1	0	0	0
10	512.18	-0.78421	2.799	-0.78421	2.799	0	2	90	0	4.6562	1	9	3.6562	0	-7.3438	3	-1	1	1	0	0	0
10	528.78	-0.70378	3.2173	-0.70378	3.2173	0	2	90	0	4.6562	1	9	3.6562	0	-7.3438	3	-1	1	1	0	0	0
10	545.35	-0.66356	3.3781	-0.66356	3.3781	0	2	90	0	4.6562	1	9	3.6562	0	-7.3438	3	-1	1	1	0	0	0
10	561.95	-0.60324	3.6355	-0.60324	3.6355	0	2	90	0	4.6562	1	9	3.6562	0	-7.3438	3	-1	1	1	0	0	0
10	578.6	-0.56302	3.7642	-0.56302	3.7642	0	2	90	0	4.6562	1	9	3.6562	0	-7.3438	3	-1	1	0	0	0	0
10	595.21	-0.56302	3.7964	-0.56302	3.7964	0	2	90	0	4.6562	1	9	3.6562	0	-7.3438	3	-1	1	0	0	0	0
10	611.74	-0.56302	3.8285	-0.56302	3.8285	0	2	90	0	4.6562	1	9	3.6562	0	-7.3438	3	-1	1	0	0	0	0
10	628.35	-0.58313	3.8607	-0.58313	3.8607	0	2	90	0	4.6562	1	9	3.6562	0	-7.3438	3	-1	1	0	0	0	0
10	644.94	-0.58313	3.8607	-0.58313	3.8607	0	2	90	0	4.6562	1	9	3.6562	0	-7.3438	3	-1	1	0	0	0	0
10	661.56	-0.60324	3.8929	-0.60324	3.8929	0	2	90	0	4.6562	1	9	3.6562	0	-7.3438	3	-1	1	0	0	0	0
10	678.16	-0.60324	3.9251	-0.60324	3.9251	0	2	90	0	4.6562	1	9	3.6562	0	-7.3438	3	-1	1	0	0	0	0
10	694.76	-0.62334	3.9572	-0.62334	3.9572	0	3	90	0	4.6562	1	9	3.6562	0	-7.3438	3	-1	1	0	0	0	0
11	22.318	0.20108	-7.3675	0.20108	-7.3675	0	1	105	-3.1058	4.2473	1	5.8942	3.2474	0	-7.3438	3	-1	1	0	0	0	0
11	38.892	0.20108	-7.3675	0.20108	-7.3675	0	1	105	-3.1058	4.2473	1	5.8942	3.2474	0	-7.3438	3	-1	1	0	0	0	0
11	55.485	0.20108	-7.3675	0.20108	-7.3675	0	1	105	-3.1058	4.2473	1	5.8942	3.2474	0	-7.3438	3	-1	1	0	0	0	0
11	72.003	0.20108	-7.3675	0.20108	-7.3675	0	1	105	-3.1058	4.2473	1	5.8942	3.2474	0	-7.3438	3	-1	1	0	0	0	0
11	88.61	0.20108	-7.3675	0.20108	-7.3675	0	1	105	-3.1058	4.2473	1	5.8942	3.2474	0	-7.3438	3	-1	1	0	0	0	0
11	105.25	0.20108	-7.3675	0.20108	-7.3675	0	1	105	-3.1058	4.2473	1	5.8942	3.2474	0	-7.3438	3	-1	1	0	0	0	0
11	121.87	0.20108	-7.3675	0.20108	-7.3675	0	1	105	-3.1058	4.2473	1	5.8942	3.2474	0	-7.3438	3	-1	1	0	0	0	0
11	138.46	0.20108	-7.3675	0.20108	-7.3675	0	1	105	-3.1058	4.2473	1	5.8942	3.2474	0	-7.3438	3	-1	1	0	0	0	0
11	155.03	0.20108	-7.3675	0.20108	-7.3675	0	1	105	-3.1058	4.2473	1	5.8942	3.2474	0	-7.3438	3	-1	1	0	0	0	0
11	171.61	0.20108	-7.3675	0.20108	-7.3675	0	1	105	-3.1058	4.2473	1	5.8942	3.2474	0	-7.3438	3	-1	1	1	0	0	0
11	188.16	0.20108	-7.3032	0.20108	-7.3032	0	1	105	-3.1058	4.2473	1	5.8942	3.2474	0	-7.3438	3	-1	1	1	0	0	0
11	204.81	0.16086	-7.1101	0.16086	-7.1101	0	1	105	-3.1058	4.2473	1	5.8942	3.2474	0	-7.3438	3	-1	1	1	0	0	0
11	221.46	0.14076	-6.9815	0.14076	-6.9815	0	1	105	-3.1058	4.2473	1	5.8942	3.2474	0	-7.3438	3	-1	1	1	0	0	0
11	237.99	0.10054	-6.5954	0.10054	-6.5954	0	1	105	-3.1058	4.2473	1	5.8942	3.2474	0	-7.3438	3	-1	1	1	0	0	0
11	254.56	0.060324	-6.3702	0.060324	-6.3702	0	1	105	-3.1058	4.2473	1	5.8942	3.2474	0	-7.3438	3	-1	1	1	0	0	0
11	271.2	-0.040216	-5.8554	-0.040216	-5.8554	0	1	105	-3.1058	4.2473	1	5.8942	3.2474	0	-7.3438	3	-1	1	1	0	0	0
11	287.76	-0.22119	-5.212	-0.22119	-5.212	0	1	105	-3.1058	4.2473	1	5.8942	3.2474	0	-7.3438	3	-1	1	1	0	0	0
11	304.36	-0.48259	-4.3433	-0.48259	-4.3433	0	2	105	-3.1058	4.2473	1	5.8942	3.2474	0	-7.3438	3	-1	1	1	0	0	0
11	320.93	-0.64345	-3.8929	-0.64345	-3.8929	0	2	105	-3.1058	4.2473	1	5.8942	3.2474	0	-7.3438	3	-1	1	1	0	0	0
11	337.62	-1.0054	-2.9599	-1.0054	-2.9599	0	2	105	-3.1058	4.2473	1	5.8942	3.2474	0	-7.3438	3	-1	1	1	0	0	0
11	354.18	-1.1864	-2.606	-1.1864	-2.606	0	2	105	-3.1058	4.2473	1	5.8942	3.2474	0	-7.3438	3	-1	1	1	0	1	0
11	370.74	-1.6086	-1.9304	-1.6086	-1.9304	0	2	105	-3.1058	4.2473	1	5.8942	3.2474	0	-7.3438	3	-1	1	1	0	0	0
11	387.34	-1.9907	-1.3191	-1.9907	-1.3191	0	2	105	-3.1058	4.2473	1	5.8942	3.2474	0	-7.3438	3	-1	1	1	0	0	0
11	403.88	-2.3325	-0.51476	-2.3325	-0.51476	0	2	105	-3.1058	4.2473	1	5.8942	3.2474	0	-7.3438	3	-1	1	1	0	0	0
11	420.57	-2.4934	-0.12869	-2.4934	-0.12869	0	2	105	-3.1058	4.2473	1	5.8942	3.2474	0	-7.3438	3	-1	1	1	0	0	0
11	437.12	-2.7548	0.64345	-2.7548	0.64345	0	2	105	-3.1058	4.2473	1	5.8942	3.2474	0	-7.3438	3	-1	1	1	0	0	0
11	453.67	-2.8754	0.93301	-2.8754	0.93301	0	2	105	-3.1058	4.2473	1	5.8942	3.2474	0	-7.3438	3	-1	1	1	0	0	0
11	470.32	-3.0765	1.4156	-3.0765	1.4156	0	2	105	-3.1058	4.2473	1	5.8942	3.2474	0	-7.3438	3	-1	1	1	0	0	0
11	486.9	-3.2374	1.866	-3.2374	1.866	0	2	105	-3.1058	4.2473	1	5.8942	3.2474	0	-7.3438	3	-1	1	1	0	0	0
11	503.48	-3.3781	2.2521	-3.3781	2.2521	0	2	105	-3.1058	4.2473	1	5.8942	3.2474	0	-7.3438	3	-1	1	1	0	0	0
11	520.1	-3.4384	2.4129	-3.4384	2.4129	0	2	105	-3.1058	4.2473	1	5.8942	3.2474	0	-7.3438	3	-1	1	1	0	0	0
11	536.71	-3.5792	2.7025	-3.5792	2.7025	0	2	105	-3.1058	4.2473	1	5.8942	3.2474	0	-7.3438	3	-1	1	1	0	0	0
11	553.33	-3.6596	2.8312	-3.6596	2.8312	0	2	105	-3.1058	4.2473	1	5.8942	3.2474	0	-7.3438	3	-1	1	1	0	0	0
11	569.9	-3.8004	3.0242	-3.8004	3.0242	0	2	105	-3.1058	4.2473	1	5.8942	3.2474	0	-7.3438	3	-1	1	1	0	0	0
11	586.5	-3.9009	3.1529	-3.9009	3.1529	0	2	105	-3.1058	4.2473	1	5.8942	3.2474	0	-7.3438	3	-1	1	1	0	0	0
11	603.09	-3.9814	3.2494	-3.9814	3.2494	0	2	105	-3.1058	4.2473	1	5.8942	3.2474	0	-7.3438	3	-1	1	0	0	0	0
11	619.63	-4.0216	3.2494	-4.0216	3.2494	0	2	105	-3.1058	4.2473	1	5.8942	3.2474	0	-7.3438	3	-1	1	0	0	0	0
11	636.24	-4.0819	3.3138	-4.0819	3.3138	0	2	105	-3.1058	4.2473	1	5.8942	3.2474	0	-7.3438	3	-1	1	0	0	0	0
11	652.67	-4.102	3.3138	-4.102	3.3138	0	2	105	-3.1058	4.2473	1	5.8942	3.2474	0	-7.3438	3	-1	1	0	0	0	0
11	669.49	-4.1623	3.346	-4.1623	3.346	0	2	105	-3.1058	4.2473	1	5.8942	3.2474	0	-7.3438	3	-1	1	0	0	0	0
11	686.04	-4.1824	3.346	-4.1824	3.346	0	2	105	-3.1058	4.2473	1	5.8942	3.2474	0	-7.3438	3	-1	1	0	0	0	0
11	702.64	-4.2025	3.3781	-4.2025	3.3781	0	3	105	-3.1058	4.2473	1	5.8942	3.2474	0	-7.3438	3	-1	1	0	0	0	0
