0	8.9951	0	-8.4614	0	-8.4614	0	1	105	-3.1058	4.2473	1	5.8942	3.2474	0	-7.3438	3	-1	1	0	0	0	0
0	23.78	0	-8.4614	0	-8.4614	0	1	105	-3.1058	4.2473	1	5.8942	3.2474	0	-7.3438	3	-1	1	0	0	0	0
0	40.398	0	-8.4614	0	-8.4614	0	1	105	-3.1058	4.2473	1	5.8942	3.2474	0	-7.3438	3	-1	1	0	0	0	0
0	56.989	0	-8.4614	0	-8.4614	0	1	105	-3.1058	4.2473	1	5.8942	3.2474	0	-7.3438	3	-1	1	0	0	0	0
0	73.599	0	-8.4614	0	-8.4614	0	1	105	-3.1058	4.2473	1	5.8942	3.2474	0	-7.3438	3	-1	1	0	0	0	0
0	90.225	0	-8.4614	0	-8.4614	0	1	105	-3.1058	4.2473	1	5.8942	3.2474	0	-7.3438	3	-1	1	0	0	0	0
0	106.79	0	-8.4614	0	-8.4614	0	1	105	-3.1058	4.2473	1	5.8942	3.2474	0	-7.3438	3	-1	1	0	0	0	0
0	123.4	0	-8.4614	0	-8.4614	0	1	105	-3.1058	4.2473	1	5.8942	3.2474	0	-7.3438	3	-1	1	0	0	0	0
0	139.94	0	-8.4614	0	-8.4614	0	1	105	-3.1058	4.2473	1	5.8942	3.2474	0	-7.3438	3	-1	1	0	0	0	0
0	156.53	0	-8.4614	0	-8.4614	0	1	105	-3.1058	4.2473	1	5.8942	3.2474	0	-7.3438	3	-1	1	0	0	0	0
0	173.1	0	-8.4614	0	-8.4614	0	1	105	-3.1058	4.2473	1	5.8942	3.2474	0	-7.3438	3	-1	1	0	0	0	0
0	189.73	0	-8.4614	0	-8.4614	0	1	105	-3.1058	4.2473	1	5.8942	3.2474	0	-7.3438	3	-1	1	0	0	0	0
0	206.27	0	-8.4614	0	-8.4614	0	1	105	-3.1058	4.2473	1	5.8942	3.2474	0	-7.3438	3	-1	1	0	0	0	0
0	222.89	0	-8.4614	0	-8.4614	0	1	105	-3.1058	4.2473	1	5.8942	3.2474	0	-7.3438	3	-1	1	0	0	0	0
0	239.46	0	-8.4614	0	-8.4614	0	1	105	-3.1058	4.2473	1	5.8942	3.2474	0	-7.3438	3	-1	1	0	0	0	0
0	256.07	0	-8.4614	0	-8.4614	0	1	105	-3.1058	4.2473	1	5.8942	3.2474	0	-7.3438	3	-1	1	0	0	0	0
0	272.71	0	-8.4614	0	-8.4614	0	1	105	-3.1058	4.2473	1	5.8942	3.2474	0	-7.3438	3	-1	1	0	0	0	0
0	289.28	0	-8.4614	0	-8.4614	0	1	105	-3.1058	4.2473	1	5.8942	3.2474	0	-7.3438	3	-1	1	0	0	0	0
0	305.85	0	-8.4614	0	-8.4614	0	1	105	-3.1058	4.2473	1	5.8942	3.2474	0	-7.3438	3	-1	1	0	0	0	0
0	322.46	0	-8.4614	0	-8.4614	0	1	105	-3.1058	4.2473	1	5.8942	3.2474	0	-7.3438	3	-1	1	0	0	0	0
0	339.08	0	-8.4614	0	-8.4614	0	1	105	-3.1058	4.2473	1	5.8942	3.2474	0	-7.3438	3	-1	1	0	0	0	0
0	355.66	0	-8.4614	0	-8.4614	0	1	105	-3.1058	4.2473	1	5.8942	3.2474	0	-7.3438	3	-1	1	0	0	0	0
0	372.27	0	-8.4614	0	-8.4614	0	1	105	-3.1058	4.2473	1	5.8942	3.2474	0	-7.3438	3	-1	1	0	0	0	0
0	388.85	0	-8.4614	0	-8.4614	0	1	105	-3.1058	4.2473	1	5.8942	3.2474	0	-7.3438	3	-1	1	0	0	0	0
0	405.49	0	-8.4614	0	-8.4614	0	1	105	-3.1058	4.2473	1	5.8942	3.2474	0	-7.3438	3	-1	1	0	0	0	0
0	422.14	0	-8.4614	0	-8.4614	0	1	105	-3.1058	4.2473	1	5.8942	3.2474	0	-7.3438	3	-1	1	0	0	0	0
0	438.65	0	-8.4614	0	-8.4614	0	1	105	-3.1058	4.2473	1	5.8942	3.2474	0	-7.3438	3	-1	1	0	0	0	0
0	455.28	0	-8.4614	0	-8.4614	0	1	105	-3.1058	4.2473	1	5.8942	3.2474	0	-7.3438	3	-1	1	0	0	0	0
0	471.87	0	-8.4614	0	-8.4614	0	1	105	-3.1058	4.2473	1	5.8942	3.2474	0	-7.3438	3	-1	1	0	0	0	0
0	488.55	0	-8.4614	0	-8.4614	0	1	105	-3.1058	4.2473	1	5.8942	3.2474	0	-7.3438	3	-1	1	0	0	0	0
0	505.14	-0.48259	-6.0806	-0.48259	-6.0806	0	1	105	-3.1058	4.2473	1	5.8942	3.2474	0	-7.3438	3	-1	1	0	0	0	0
0	521.91	-0.48259	-6.0485	-0.48259	-6.0485	0	1	105	-3.1058	4.2473	1	5.8942	3.2474	0	-7.3438	3	-1	1	0	0	0	0
0	538.5	-0.48259	-5.9519	-0.48259	-5.9519	0	1	105	-3.1058	4.2473	1	5.8942	3.2474	0	-7.3438	3	-1	1	0	0	0	0
0	555.04	-0.48259	-5.8876	-0.48259	-5.8876	0	1	105	-3.1058	4.2473	1	5.8942	3.2474	0	-7.3438	3	-1	1	0	0	0	0
0	571.62	-0.5027	-5.7911	-0.5027	-5.7911	0	1	105	-3.1058	4.2473	1	5.8942	3.2474	0	-7.3438	3	-1	1	0	0	0	0
0	588.24	-0.58313	-5.7589	-0.58313	-5.7589	0	1	105	-3.1058	4.2473	1	5.8942	3.2474	0	-7.3438	3	-1	1	0	0	0	0
0	604.84	-0.60324	-5.7589	-0.60324	-5.7589	0	1	105	-3.1058	4.2473	1	5.8942	3.2474	0	-7.3438	3	-1	1	0	0	0	0
0	621.39	-0.62334	-5.7589	-0.62334	-5.7589	0	1	105	-3.1058	4.2473	1	5.8942	3.2474	0	-7.3438	3	-1	1	0	0	0	0
0	638.11	-0.60324	-5.7589	-0.60324	-5.7589	0	1	105	-3.1058	4.2473	1	5.8942	3.2474	0	-7.3438	3	-1	1	0	0	0	0
0	654.68	-0.60324	-5.7911	-0.60324	-5.7911	0	1	105	-3.1058	4.2473	1	5.8942	3.2474	0	-7.3438	3	-1	1	0	0	0	0
0	671.19	-0.54291	-5.9519	-0.54291	-5.9519	0	1	105	-3.1058	4.2473	1	5.8942	3.2474	0	-7.3438	3	-1	1	0	0	0	0
0	687.79	-0.44237	-6.3058	-0.44237	-6.3058	0	1	105	-3.1058	4.2473	1	5.8942	3.2474	0	-7.3438	3	-1	1	0	0	0	0
0	704.39	-0.40216	-6.4989	-0.40216	-6.4989	0	1	105	-3.1058	4.2473	1	5.8942	3.2474	0	-7.3438	3	-1	1	0	0	0	0
0	720.98	-0.36194	-6.7884	-0.36194	-6.7884	0	1	105	-3.1058	4.2473	1	5.8942	3.2474	0	-7.3438	3	-1	1	0	0	0	0
0	737.57	-0.34183	-6.9171	-0.34183	-6.9171	0	1	105	-3.1058	4.2473	1	5.8942	3.2474	0	-7.3438	3	-1	1	0	0	0	0
0	754.16	-0.34183	-6.9493	-0.34183	-6.9493	0	1	105	-3.1058	4.2473	1	5.8942	3.2474	0	-7.3438	3	-1	1	0	0	0	0
0	770.89	-0.32173	-7.0136	-0.32173	-7.0136	0	1	105	-3.1058	4.2473	1	5.8942	3.2474	0	-7.3438	3	-1	1	0	0	0	0
0	787.36	-0.30162	-7.0458	-0.30162	-7.0458	0	1	105	-3.1058	4.2473	1	5.8942	3.2474	0	-7.3438	3	-1	1	0	0	0	0
0	803.96	-0.28151	-7.078	-0.28151	-7.078	0	1	105	-3.1058	4.2473	1	5.8942	3.2474	0	-7.3438	3	-1	1	0	0	0	0
0	820.68	-0.2614	-7.078	-0.2614	-7.078	0	1	105	-3.1058	4.2473	1	5.8942	3.2474	0	-7.3438	3	-1	1	0	0	0	0
0	837.11	-0.22119	-7.078	-0.22119	-7.078	0	1	105	-3.1058	4.2473	1	5.8942	3.2474	0	-7.3438	3	-1	1	0	0	0	0
0	853.86	-0.20108	-7.1101	-0.20108	-7.1101	0	1	105	-3.1058	4.2473	1	5.8942	3.2474	0	-7.3438	3	-1	1	0	0	0	0
0	870.49	-0.14076	-7.1101	-0.14076	-7.1101	0	1	105	-3.1058	4.2473	1	5.8942	3.2474	0	-7.3438	3	-1	1	0	0	0	0
0	886.93	-0.080432	-7.1423	-0.080432	-7.1423	0	1	105	-3.1058	4.2473	1	5.8942	3.2474	0	-7.3438	3	-1	1	0	0	0	0
0	903.51	-0.060324	-7.1423	-0.060324	-7.1423	0	1	105	-3.1058	4.2473	1	5.8942	3.2474	0	-7.3438	3	-1	1	0	0	0	0
0	920.11	-0.020108	-7.1423	-0.020108	-7.1423	0	1	105	-3.1058	4.2473	1	5.8942	3.2474	0	-7.3438	3	-1	1	0	0	0	0
0	936.7	-0.020108	-7.1423	-0.020108	-7.1423	0	1	105	-3.1058	4.2473	1	5.8942	3.2474	0	-7.3438	3	-1	1	0	0	0	0
0	953.24	-0.020108	-7.1423	-0.020108	-7.1423	0	1	105	-3.1058	4.2473	1	5.8942	3.2474	0	-7.3438	3	-1	1	1	0	0	0
0	969.86	-0.020108	-7.1423	-0.020108	-7.1423	0	1	105	-3.1058	4.2473	1	5.8942	3.2474	0	-7.3438	3	-1	1	1	0	0	0
0	986.44	-0.020108	-7.1423	-0.020108	-7.1423	0	1	105	-3.1058	4.2473	1	5.8942	3.2474	0	-7.3438	3	-1	1	1	0	0	0
0	1003	-0.020108	-7.1423	-0.020108	-7.1423	0	1	105	-3.1058	4.2473	1	5.8942	3.2474	0	-7.3438	3	-1	1	1	0	0	0
0	1019.6	-0.020108	-7.1423	-0.020108	-7.1423	0	1	105	-3.1058	4.2473	1	5.8942	3.2474	0	-7.3438	3	-1	1	1	0	0	0
0	1036.2	-0.020108	-7.1423	-0.020108	-7.1423	0	1	105	-3.1058	4.2473	1	5.8942	3.2474	0	-7.3438	3	-1	1	1	0	0	0
0	1052.8	-0.020108	-7.1423	-0.020108	-7.1423	0	1	105	-3.1058	4.2473	1	5.8942	3.2474	0	-7.3438	3	-1	1	1	0	0	0
0	1069.4	-0.020108	-7.1423	-0.020108	-7.1423	0	1	105	-3.1058	4.2473	1	5.8942	3.2474	0	-7.3438	3	-1	1	1	0	0	0
0	1086.1	-0.040216	-7.1101	-0.040216	-7.1101	0	1	105	-3.1058	4.2473	1	5.8942	3.2474	0	-7.3438	3	-1	1	1	0	0	0
0	1102.6	-0.080432	-7.0136	-0.080432	-7.0136	0	1	105	-3.1058	4.2473	1	5.8942	3.2474	0	-7.3438	3	-1	1	1	0	0	0
0	1119.2	-0.2614	-6.5954	-0.2614	-6.5954	0	1	105	-3.1058	4.2473	1	5.8942	3.2474	0	-7.3438	3	-1	1	1	0	0	0
0	1135.8	-0.36194	-6.2415	-0.36194	-6.2415	0	1	105	-3.1058	4.2473	1	5.8942	3.2474	0	-7.3438	3	-1	1	1	0	0	0
0	1152.4	-0.66356	-5.405	-0.66356	-5.405	0	1	105	-3.1058	4.2473	1	5.8942	3.2474	0	-7.3438	3	-1	1	1	0	0	0
0	1169	-0.98529	-4.6007	-0.98529	-4.6007	0	2	105	-3.1058	4.2473	1	5.8942	3.2474	0	-7.3438	3	-1	1	1	0	1	0
0	1185.6	-1.3271	-3.9572	-1.3271	-3.9572	0	2	105	-3.1058	4.2473	1	5.8942	3.2474	0	-7.3438	3	-1	1	1	0	0	0
0	1202.3	-1.5081	-3.6677	-1.5081	-3.6677	0	2	105	-3.1058	4.2473	1	5.8942	3.2474	0	-7.3438	3	-1	1	1	0	0	0
0	1218.8	-1.87	-3.1529	-1.87	-3.1529	0	2	105	-3.1058	4.2473	1	5.8942	3.2474	0	-7.3438	3	-1	1	1	0	0	0
0	1235.3	-2.051	-2.8955	-2.051	-2.8955	0	2	105	-3.1058	4.2473	1	5.8942	3.2474	0	-7.3438	3	-1	1	1	0	0	0
0	1251.9	-2.3928	-2.4773	-2.3928	-2.4773	0	2	105	-3.1058	4.2473	1	5.8942	3.2474	0	-7.3438	3	-1	1	1	0	0	0
0	1268.6	-2.5336	-2.2843	-2.5336	-2.2843	0	2	105	-3.1058	4.2473	1	5.8942	3.2474	0	-7.3438	3	-1	1	1	0	0	0
0	1285.2	-2.8352	-1.8982	-2.8352	-1.8982	0	2	105	-3.1058	4.2473	1	5.8942	3.2474	0	-7.3438	3	-1	1	1	0	0	0
0	1301.8	-3.0363	-1.4156	-3.0363	-1.4156	0	2	105	-3.1058	4.2473	1	5.8942	3.2474	0	-7.3438	3	-1	1	1	0	0	0
0	1318.4	-3.2173	-0.83649	-3.2173	-0.83649	0	2	105	-3.1058	4.2473	1	5.8942	3.2474	0	-7.3438	3	-1	1	1	0	0	0
0	1334.9	-3.2776	-0.57911	-3.2776	-0.57911	0	2	105	-3.1058	4.2473	1	5.8942	3.2474	0	-7.3438	3	-1	1	1	0	0	0
0	1351.5	-3.4183	-0.12869	-3.4183	-0.12869	0	2	105	-3.1058	4.2473	1	5.8942	3.2474	0	-7.3438	3	-1	1	1	0	0	0
0	1368.1	-3.4988	0.032173	-3.4988	0.032173	0	2	105	-3.1058	4.2473	1	5.8942	3.2474	0	-7.3438	3	-1	1	1	0	0	0
0	1384.7	-3.6596	0.3539	-3.6596	0.3539	0	2	105	-3.1058	4.2473	1	5.8942	3.2474	0	-7.3438	3	-1	1	1	0	0	0
0	1401.3	-3.7803	0.61128	-3.7803	0.61128	0	2	105	-3.1058	4.2473	1	5.8942	3.2474	0	-7.3438	3	-1	1	1	0	0	0
0	1418	-3.8808	0.83649	-3.8808	0.83649	0	2	105	-3.1058	4.2473	1	5.8942	3.2474	0	-7.3438	3	-1	1	1	0	0	0
0	1434.6	-3.9411	0.90083	-3.9411	0.90083	0	2	105	-3.1058	4.2473	1	5.8942	3.2474	0	-7.3438	3	-1	1	1	0	0	0
0	1451.2	-4.0417	1.0295	-4.0417	1.0295	0	2	105	-3.1058	4.2473	1	5.8942	3.2474	0	-7.3438	3	-1	1	1	0	0	0
0	1467.7	-4.0819	1.0617	-4.0819	1.0617	0	2	105	-3.1058	4.2473	1	5.8942	3.2474	0	-7.3438	3	-1	1	1	0	0	0
0	1484.3	-4.1623	1.126	-4.1623	1.126	0	2	105	-3.1058	4.2473	1	5.8942	3.2474	0	-7.3438	3	-1	1	1	0	0	0
0	1500.9	-4.2025	1.126	-4.2025	1.126	0	2	105	-3.1058	4.2473	1	5.8942	3.2474	0	-7.3438	3	-1	1	1	0	0	0
0	1517.5	-4.2025	1.126	-4.2025	1.126	0	2	105	-3.1058	4.2473	1	5.8942	3.2474	0	-7.3438	3	-1	1	0	0	0	0
0	1534.1	-4.2025	1.126	-4.2025	1.126	0	2	105	-3.1058	4.2473	1	5.8942	3.2474	0	-7.3438	3	-1	1	0	0	0	0
0	1550.8	-4.2025	1.1582	-4.2025	1.1582	0	3	105	-3.1058	4.2473	1	5.8942	3.2474	0	-7.3438	3	-1	1	0	0	0	0
1	9.0709	-0.16086	-7.5606	-0.16086	-7.5606	0	1	75	3.1058	4.2473	1	12.106	3.2474	0	-7.3438	3	-1	1	0	0	0	0
1	25.58	-0.16086	-7.5606	-0.16086	-7.5606	0	1	75	3.1058	4.2473	1	12.106	3.2474	0	-7.3438	3	-1	1	0	0	0	0
1	42.141	0.080432	-7.4962	0.080432	-7.4962	0	1	75	3.1058	4.2473	1	12.106	3.2474	0	-7.3438	3	-1	1	0	0	0	0
1	58.741	0.28151	-7.3997	0.28151	-7.3997	0	1	75	3.1058	4.2473	1	12.106	3.2474	0	-7.3438	3	-1	1	0	0	0	0
1	75.328	0.36194	-7.3675	0.36194	-7.3675	0	1	75	3.1058	4.2473	1	12.106	3.2474	0	-7.3438	3	-1	1	0	0	0	0
1	91.905	0.44237	-7.271	0.44237	-7.271	0	1	75	3.1058	4.2473	1	12.106	3.2474	0	-7.3438	3	-1	1	0	0	0	0
1	108.63	0.44237	-7.2388	0.44237	-7.2388	0	1	75	3.1058	4.2473	1	12.106	3.2474	0	-7.3438	3	-1	1	0	0	0	0
1	125.14	0.42227	-7.2388	0.42227	-7.2388	0	1	75	3.1058	4.2473	1	12.106	3.2474	0	-7.3438	3	-1	1	0	0	0	0
1	141.73	0.38205	-7.2388	0.38205	-7.2388	0	1	75	3.1058	4.2473	1	12.106	3.2474	0	-7.3438	3	-1	1	1	0	0	0
1	158.32	0.32173	-7.2067	0.32173	-7.2067	0	1	75	3.1058	4.2473	1	12.106	3.2474	0	-7.3438	3	-1	1	1	0	0	0
1	174.91	0.30162	-7.2067	0.30162	-7.2067	0	1	75	3.1058	4.2473	1	12.106	3.2474	0	-7.3438	3	-1	1	1	0	0	0
1	191.5	0.24129	-7.2067	0.24129	-7.2067	0	1	75	3.1058	4.2473	1	12.106	3.2474	0	-7.3438	3	-1	1	1	0	0	0
1	208.12	0.22119	-7.2388	0.22119	-7.2388	0	1	75	3.1058	4.2473	1	12.106	3.2474	0	-7.3438	3	-1	1	1	0	0	0
1	224.77	0.22119	-7.2067	0.22119	-7.2067	0	1	75	3.1058	4.2473	1	12.106	3.2474	0	-7.3438	3	-1	1	1	0	0	0
1	241.34	0.22119	-7.1101	0.22119	-7.1101	0	1	75	3.1058	4.2473	1	12.106	3.2474	0	-7.3438	3	-1	1	1	0	0	0
1	257.88	0.24129	-6.8528	0.24129	-6.8528	0	1	75	3.1058	4.2473	1	12.106	3.2474	0	-7.3438	3	-1	1	1	0	0	0
1	274.52	0.24129	-6.6276	0.24129	-6.6276	0	1	75	3.1058	4.2473	1	12.106	3.2474	0	-7.3438	3	-1	1	1	0	0	0
1	291.07	0.30162	-6.0163	0.30162	-6.0163	0	1	75	3.1058	4.2473	1	12.106	3.2474	0	-7.3438	3	-1	1	1	0	0	0
1	307.63	0.44237	-5.3728	0.44237	-5.3728	0	1	75	3.1058	4.2473	1	12.106	3.2474	0	-7.3438	3	-1	1	1	0	0	0
1	324.26	0.56302	-5.0511	0.56302	-5.0511	0	2	75	3.1058	4.2473	1	12.106	3.2474	0	-7.3438	3	-1	1	1	0	0	0
1	340.86	0.82442	-4.4076	0.82442	-4.4076	0	2	75	3.1058	4.2473	1	12.106	3.2474	0	-7.3438	3	-1	1	1	0	0	0
1	357.46	1.1059	-3.6677	1.1059	-3.6677	0	2	75	3.1058	4.2473	1	12.106	3.2474	0	-7.3438	3	-1	1	1	0	0	0
1	374.09	1.2467	-3.2173	1.2467	-3.2173	0	2	75	3.1058	4.2473	1	12.106	3.2474	0	-7.3438	3	-1	1	1	0	1	0
1	390.64	1.5684	-2.3808	1.5684	-2.3808	0	2	75	3.1058	4.2473	1	12.106	3.2474	0	-7.3438	3	-1	1	1	0	0	0
1	407.23	1.8901	-1.673	1.8901	-1.673	0	2	75	3.1058	4.2473	1	12.106	3.2474	0	-7.3438	3	-1	1	1	0	0	0
1	423.84	2.0309	-1.3834	2.0309	-1.3834	0	2	75	3.1058	4.2473	1	12.106	3.2474	0	-7.3438	3	-1	1	1	0	0	0
1	440.4	2.3124	-0.80432	2.3124	-0.80432	0	2	75	3.1058	4.2473	1	12.106	3.2474	0	-7.3438	3	-1	1	1	0	0	0
1	456.99	2.5336	-0.25738	2.5336	-0.25738	0	2	75	3.1058	4.2473	1	12.106	3.2474	0	-7.3438	3	-1	1	1	0	0	0
1	473.64	2.614	0	2.614	0	0	2	75	3.1058	4.2473	1	12.106	3.2474	0	-7.3438	3	-1	1	1	0	0	0
1	490.25	2.7749	0.45042	2.7749	0.45042	0	2	75	3.1058	4.2473	1	12.106	3.2474	0	-7.3438	3	-1	1	1	0	0	0
1	506.83	2.8352	0.64345	2.8352	0.64345	0	2	75	3.1058	4.2473	1	12.106	3.2474	0	-7.3438	3	-1	1	1	0	0	0
1	523.4	2.9559	0.93301	2.9559	0.93301	0	2	75	3.1058	4.2473	1	12.106	3.2474	0	-7.3438	3	-1	1	1	0	0	0
1	539.96	3.0765	1.1904	3.0765	1.1904	0	2	75	3.1058	4.2473	1	12.106	3.2474	0	-7.3438	3	-1	1	1	0	0	0
1	556.61	3.2374	1.3834	3.2374	1.3834	0	2	75	3.1058	4.2473	1	12.106	3.2474	0	-7.3438	3	-1	1	1	0	0	0
1	573.2	3.3178	1.4799	3.3178	1.4799	0	2	75	3.1058	4.2473	1	12.106	3.2474	0	-7.3438	3	-1	1	1	0	0	0
1	589.81	3.4586	1.6086	3.4586	1.6086	0	2	75	3.1058	4.2473	1	12.106	3.2474	0	-7.3438	3	-1	1	1	0	0	0
1	606.36	3.4988	1.6408	3.4988	1.6408	0	2	75	3.1058	4.2473	1	12.106	3.2474	0	-7.3438	3	-1	1	1	0	0	0
1	622.99	3.5993	1.7373	3.5993	1.7373	0	2	75	3.1058	4.2473	1	12.106	3.2474	0	-7.3438	3	-1	1	0	0	0	0
1	639.54	3.6999	1.8017	3.6999	1.8017	0	2	75	3.1058	4.2473	1	12.106	3.2474	0	-7.3438	3	-1	1	0	0	0	0
1	656.16	3.8205	1.866	3.8205	1.866	0	2	75	3.1058	4.2473	1	12.106	3.2474	0	-7.3438	3	-1	1	0	0	0	0
1	672.77	3.8607	1.8982	3.8607	1.8982	0	2	75	3.1058	4.2473	1	12.106	3.2474	0	-7.3438	3	-1	1	0	0	0	0
1	689.38	3.9411	1.9625	3.9411	1.9625	0	2	75	3.1058	4.2473	1	12.106	3.2474	0	-7.3438	3	-1	1	0	0	0	0
1	705.98	3.9613	1.9625	3.9613	1.9625	0	3	75	3.1058	4.2473	1	12.106	3.2474	0	-7.3438	3	-1	1	0	0	0	0
2	30.747	0.24129	-7.4319	0.24129	-7.4319	0	1	90	0	4.6562	1	9	3.6562	0	-7.3438	3	-1	1	0	0	0	0
2	47.332	0.22119	-7.4319	0.22119	-7.4319	0	1	90	0	4.6562	1	9	3.6562	0	-7.3438	3	-1	1	0	0	0	0
2	63.872	0.22119	-7.4319	0.22119	-7.4319	0	1	90	0	4.6562	1	9	3.6562	0	-7.3438	3	-1	1	0	0	0	0
2	80.514	0.22119	-7.4319	0.22119	-7.4319	0	1	90	0	4.6562	1	9	3.6562	0	-7.3438	3	-1	1	0	0	0	0
2	97.124	0.22119	-7.4319	0.22119	-7.4319	0	1	90	0	4.6562	1	9	3.6562	0	-7.3438	3	-1	1	0	0	0	0
2	113.62	0.22119	-7.4319	0.22119	-7.4319	0	1	90	0	4.6562	1	9	3.6562	0	-7.3438	3	-1	1	0	0	0	0
2	130.3	0.22119	-7.4319	0.22119	-7.4319	0	1	90	0	4.6562	1	9	3.6562	0	-7.3438	3	-1	1	0	0	0	0
2	146.88	0.22119	-7.4319	0.22119	-7.4319	0	1	90	0	4.6562	1	9	3.6562	0	-7.3438	3	-1	1	0	0	0	0
2	163.46	0.20108	-7.4319	0.20108	-7.4319	0	1	90	0	4.6562	1	9	3.6562	0	-7.3438	3	-1	1	0	0	0	0
2	180.08	0.18097	-7.4319	0.18097	-7.4319	0	1	90	0	4.6562	1	9	3.6562	0	-7.3438	3	-1	1	1	0	0	0
2	196.66	0.14076	-7.464	0.14076	-7.464	0	1	90	0	4.6562	1	9	3.6562	0	-7.3438	3	-1	1	1	0	0	0
2	213.26	0.10054	-7.464	0.10054	-7.464	0	1	90	0	4.6562	1	9	3.6562	0	-7.3438	3	-1	1	1	0	0	0
2	229.85	0.020108	-7.4962	0.020108	-7.4962	0	1	90	0	4.6562	1	9	3.6562	0	-7.3438	3	-1	1	1	0	0	0
2	246.46	-0.040216	-7.4962	-0.040216	-7.4962	0	1	90	0	4.6562	1	9	3.6562	0	-7.3438	3	-1	1	1	0	0	0
2	263.05	-0.060324	-7.4962	-0.060324	-7.4962	0	1	90	0	4.6562	1	9	3.6562	0	-7.3438	3	-1	1	1	0	0	0
2	279.6	-0.060324	-7.4962	-0.060324	-7.4962	0	1	90	0	4.6562	1	9	3.6562	0	-7.3438	3	-1	1	1	0	0	0
2	296.2	-0.060324	-7.3354	-0.060324	-7.3354	0	1	90	0	4.6562	1	9	3.6562	0	-7.3438	3	-1	1	1	0	0	0
2	312.8	-0.080432	-7.1423	-0.080432	-7.1423	0	1	90	0	4.6562	1	9	3.6562	0	-7.3438	3	-1	1	1	0	0	0
2	329.42	-0.18097	-6.4024	-0.18097	-6.4024	0	1	90	0	4.6562	1	9	3.6562	0	-7.3438	3	-1	1	1	0	0	0
2	346.07	-0.22119	-5.9519	-0.22119	-5.9519	0	1	90	0	4.6562	1	9	3.6562	0	-7.3438	3	-1	1	1	0	0	0
2	362.62	-0.32173	-5.0189	-0.32173	-5.0189	0	1	90	0	4.6562	1	9	3.6562	0	-7.3438	3	-1	1	1	0	0	0
2	379.18	-0.40216	-4.1824	-0.40216	-4.1824	0	2	90	0	4.6562	1	9	3.6562	0	-7.3438	3	-1	1	1	0	1	0
2	395.75	-0.52281	-3.4103	-0.52281	-3.4103	0	2	90	0	4.6562	1	9	3.6562	0	-7.3438	3	-1	1	1	0	0	0
2	412.38	-0.60324	-2.9921	-0.60324	-2.9921	0	2	90	0	4.6562	1	9	3.6562	0	-7.3438	3	-1	1	1	0	0	0
2	428.97	-0.80432	-2.2199	-0.80432	-2.2199	0	2	90	0	4.6562	1	9	3.6562	0	-7.3438	3	-1	1	1	0	0	0
2	445.59	-0.92496	-1.866	-0.92496	-1.866	0	2	90	0	4.6562	1	9	3.6562	0	-7.3438	3	-1	1	1	0	0	0
2	462.24	-1.1864	-1.3191	-1.1864	-1.3191	0	2	90	0	4.6562	1	9	3.6562	0	-7.3438	3	-1	1	1	0	0	0
2	478.77	-1.4277	-0.86866	-1.4277	-0.86866	0	2	90	0	4.6562	1	9	3.6562	0	-7.3438	3	-1	1	1	0	0	0
2	495.31	-1.6488	-0.38607	-1.6488	-0.38607	0	2	90	0	4.6562	1	9	3.6562	0	-7.3438	3	-1	1	1	0	0	0
2	511.94	-1.7293	-0.12869	-1.7293	-0.12869	0	2	90	0	4.6562	1	9	3.6562	0	-7.3438	3	-1	1	1	0	0	0
2	528.56	-1.8901	0.3539	-1.8901	0.3539	0	2	90	0	4.6562	1	9	3.6562	0	-7.3438	3	-1	1	1	0	0	0
2	545.13	-1.9304	0.61128	-1.9304	0.61128	0	2	90	0	4.6562	1	9	3.6562	0	-7.3438	3	-1	1	1	0	0	0
2	561.74	-1.9706	1.0617	-1.9706	1.0617	0	2	90	0	4.6562	1	9	3.6562	0	-7.3438	3	-1	1	1	0	0	0
2	578.35	-1.9304	1.4799	-1.9304	1.4799	0	2	90	0	4.6562	1	9	3.6562	0	-7.3438	3	-1	1	1	0	0	0
2	594.9	-1.87	1.673	-1.87	1.673	0	2	90	0	4.6562	1	9	3.6562	0	-7.3438	3	-1	1	1	0	0	0
2	611.46	-1.7494	1.9947	-1.7494	1.9947	0	2	90	0	4.6562	1	9	3.6562	0	-7.3438	3	-1	1	1	0	0	0
2	628.13	-1.6287	2.2199	-1.6287	2.2199	0	2	90	0	4.6562	1	9	3.6562	0	-7.3438	3	-1	1	1	0	0	0
2	644.73	-1.5684	2.3164	-1.5684	2.3164	0	2	90	0	4.6562	1	9	3.6562	0	-7.3438	3	-1	1	1	0	0	0
2	661.32	-1.4679	2.5095	-1.4679	2.5095	0	2	90	0	4.6562	1	9	3.6562	0	-7.3438	3	-1	1	1	0	0	0
2	677.94	-1.3472	2.6382	-1.3472	2.6382	0	2	90	0	4.6562	1	9	3.6562	0	-7.3438	3	-1	1	0	0	0	0
2	694.54	-1.307	2.7025	-1.307	2.7025	0	2	90	0	4.6562	1	9	3.6562	0	-7.3438	3	-1	1	0	0	0	0
2	711.15	-1.2266	2.7668	-1.2266	2.7668	0	2	90	0	4.6562	1	9	3.6562	0	-7.3438	3	-1	1	0	0	0	0
2	727.69	-1.2065	2.799	-1.2065	2.799	0	2	90	0	4.6562	1	9	3.6562	0	-7.3438	3	-1	1	0	0	0	0
2	744.26	-1.2065	2.799	-1.2065	2.799	0	2	90	0	4.6562	1	9	3.6562	0	-7.3438	3	-1	1	0	0	0	0
2	760.91	-1.2065	2.799	-1.2065	2.799	0	2	90	0	4.6562	1	9	3.6562	0	-7.3438	3	-1	1	0	0	0	0
2	777.52	-1.2065	2.799	-1.2065	2.799	0	3	90	0	4.6562	1	9	3.6562	0	-7.3438	3	-1	1	0	0	0	0
3	29.685	-0.62334	-7.3997	-0.62334	-7.3997	0	1	90	0	4.6562	1	9	3.6562	0	-7.3438	3	-1	1	0	0	0	0
3	46.298	-0.58313	-7.4319	-0.58313	-7.4319	0	1	90	0	4.6562	1	9	3.6562	0	-7.3438	3	-1	1	0	0	0	0
3	62.921	-0.56302	-7.464	-0.56302	-7.464	0	1	90	0	4.6562	1	9	3.6562	0	-7.3438	3	-1	1	0	0	0	0
3	79.518	-0.54291	-7.4962	-0.54291	-7.4962	0	1	90	0	4.6562	1	9	3.6562	0	-7.3438	3	-1	1	0	0	0	0
3	96.097	-0.54291	-7.4962	-0.54291	-7.4962	0	1	90	0	4.6562	1	9	3.6562	0	-7.3438	3	-1	1	0	0	0	0
3	112.66	-0.54291	-7.4962	-0.54291	-7.4962	0	1	90	0	4.6562	1	9	3.6562	0	-7.3438	3	-1	1	0	0	0	0
3	129.26	-0.54291	-7.4962	-0.54291	-7.4962	0	1	90	0	4.6562	1	9	3.6562	0	-7.3438	3	-1	1	0	0	0	0
3	145.82	-0.54291	-7.4962	-0.54291	-7.4962	0	1	90	0	4.6562	1	9	3.6562	0	-7.3438	3	-1	1	0	0	0	0
3	162.45	-0.54291	-7.4962	-0.54291	-7.4962	0	1	90	0	4.6562	1	9	3.6562	0	-7.3438	3	-1	1	0	0	0	0
3	179.09	-0.54291	-7.4962	-0.54291	-7.4962	0	1	90	0	4.6562	1	9	3.6562	0	-7.3438	3	-1	1	0	0	0	0
3	195.68	-0.54291	-7.4962	-0.54291	-7.4962	0	1	90	0	4.6562	1	9	3.6562	0	-7.3438	3	-1	1	0	0	0	0
3	212.26	-0.52281	-7.4962	-0.52281	-7.4962	0	1	90	0	4.6562	1	9	3.6562	0	-7.3438	3	-1	1	1	0	0	0
3	228.79	-0.52281	-7.4962	-0.52281	-7.4962	0	1	90	0	4.6562	1	9	3.6562	0	-7.3438	3	-1	1	1	0	0	0
3	245.41	-0.52281	-7.4962	-0.52281	-7.4962	0	1	90	0	4.6562	1	9	3.6562	0	-7.3438	3	-1	1	1	0	0	0
3	261.98	-0.52281	-7.4962	-0.52281	-7.4962	0	1	90	0	4.6562	1	9	3.6562	0	-7.3438	3	-1	1	1	0	0	0
3	278.58	-0.52281	-7.4962	-0.52281	-7.4962	0	1	90	0	4.6562	1	9	3.6562	0	-7.3438	3	-1	1	1	0	0	0
3	295.23	-0.52281	-7.4962	-0.52281	-7.4962	0	1	90	0	4.6562	1	9	3.6562	0	-7.3438	3	-1	1	1	0	0	0
3	311.83	-0.5027	-7.464	-0.5027	-7.464	0	1	90	0	4.6562	1	9	3.6562	0	-7.3438	3	-1	1	1	0	0	0
3	328.42	-0.54291	-7.1745	-0.54291	-7.1745	0	1	90	0	4.6562	1	9	3.6562	0	-7.3438	3	-1	1	1	0	0	0
3	344.98	-0.60324	-6.4989	-0.60324	-6.4989	0	1	90	0	4.6562	1	9	3.6562	0	-7.3438	3	-1	1	1	0	0	0
3	361.61	-0.66356	-5.5015	-0.66356	-5.5015	0	1	90	0	4.6562	1	9	3.6562	0	-7.3438	3	-1	1	1	0	0	0
3	378.24	-0.70378	-4.9224	-0.70378	-4.9224	0	1	90	0	4.6562	1	9	3.6562	0	-7.3438	3	-1	1	1	0	0	0
3	394.81	-0.78421	-3.8607	-0.78421	-3.8607	0	2	90	0	4.6562	1	9	3.6562	0	-7.3438	3	-1	1	1	0	0	0
3	411.38	-0.84453	-3.4103	-0.84453	-3.4103	0	2	90	0	4.6562	1	9	3.6562	0	-7.3438	3	-1	1	1	0	1	0
3	427.97	-1.0255	-2.6382	-1.0255	-2.6382	0	2	90	0	4.6562	1	9	3.6562	0	-7.3438	3	-1	1	1	0	0	0
3	444.53	-1.2266	-1.8338	-1.2266	-1.8338	0	2	90	0	4.6562	1	9	3.6562	0	-7.3438	3	-1	1	1	0	0	0
3	461.15	-1.4277	-1.0295	-1.4277	-1.0295	0	2	90	0	4.6562	1	9	3.6562	0	-7.3438	3	-1	1	1	0	0	0
3	477.76	-1.5282	-0.67563	-1.5282	-0.67562	0	2	90	0	4.6562	1	9	3.6562	0	-7.3438	3	-1	1	1	0	0	0
3	494.37	-1.669	-0.032173	-1.669	-0.032173	0	2	90	0	4.6562	1	9	3.6562	0	-7.3438	3	-1	1	1	0	0	0
3	510.95	-1.7293	0.22521	-1.7293	0.22521	0	2	90	0	4.6562	1	9	3.6562	0	-7.3438	3	-1	1	1	0	0	0
3	527.58	-1.7896	0.73997	-1.7896	0.73997	0	2	90	0	4.6562	1	9	3.6562	0	-7.3438	3	-1	1	1	0	0	0
3	544.14	-1.7494	1.2869	-1.7494	1.2869	0	2	90	0	4.6562	1	9	3.6562	0	-7.3438	3	-1	1	1	0	0	0
3	560.68	-1.6287	1.7373	-1.6287	1.7373	0	2	90	0	4.6562	1	9	3.6562	0	-7.3438	3	-1	1	1	0	0	0
3	577.34	-1.5282	1.9304	-1.5282	1.9304	0	2	90	0	4.6562	1	9	3.6562	0	-7.3438	3	-1	1	1	0	0	0
3	593.97	-1.3673	2.1877	-1.3673	2.1877	0	2	90	0	4.6562	1	9	3.6562	0	-7.3438	3	-1	1	1	0	0	0
3	610.53	-1.2668	2.3164	-1.2668	2.3164	0	2	90	0	4.6562	1	9	3.6562	0	-7.3438	3	-1	1	1	0	0	0
3	627.13	-1.0456	2.606	-1.0456	2.606	0	2	90	0	4.6562	1	9	3.6562	0	-7.3438	3	-1	1	1	0	0	0
3	643.7	-0.80432	2.9599	-0.80432	2.9599	0	2	90	0	4.6562	1	9	3.6562	0	-7.3438	3	-1	1	1	0	0	0
3	660.3	-0.60324	3.2173	-0.60324	3.2173	0	2	90	0	4.6562	1	9	3.6562	0	-7.3438	3	-1	1	1	0	0	0
3	676.83	-0.52281	3.3138	-0.52281	3.3138	0	2	90	0	4.6562	1	9	3.6562	0	-7.3438	3	-1	1	1	0	0	0
3	693.44	-0.40216	3.4103	-0.40216	3.4103	0	2	90	0	4.6562	1	9	3.6562	0	-7.3438	3	-1	1	1	0	0	0
3	710.04	-0.34183	3.4746	-0.34183	3.4746	0	2	90	0	4.6562	1	9	3.6562	0	-7.3438	3	-1	1	1	0	0	0
3	726.65	-0.24129	3.5712	-0.24129	3.5712	0	2	90	0	4.6562	1	9	3.6562	0	-7.3438	3	-1	1	1	0	0	0
3	743.3	-0.14076	3.6677	-0.14076	3.6677	0	2	90	0	4.6562	1	9	3.6562	0	-7.3438	3	-1	1	0	0	0	0
3	759.86	-0.10054	3.6677	-0.10054	3.6677	0	2	90	0	4.6562	1	9	3.6562	0	-7.3438	3	-1	1	0	0	0	0
3	776.46	-0.080432	3.6999	-0.080432	3.6999	0	2	90	0	4.6562	1	9	3.6562	0	-7.3438	3	-1	1	0	0	0	0
3	793.05	-0.080432	3.6999	-0.080432	3.6999	0	2	90	0	4.6562	1	9	3.6562	0	-7.3438	3	-1	1	0	0	0	0
3	809.64	-0.080432	3.6999	-0.080432	3.6999	0	3	90	0	4.6562	1	9	3.6562	0	-7.3438	3	-1	1	0	0	0	0
4	31.007	-0.18097	-7.2067	-0.18097	-7.2067	0	1	75	3.1058	4.2473	1	12.106	3.2474	0	-7.3438	3	-1	1	0	0	0	0
4	47.628	-0.16086	-7.464	-0.16086	-7.464	0	1	75	3.1058	4.2473	1	12.106	3.2474	0	-7.3438	3	-1	1	0	0	0	0
4	64.215	-0.16086	-7.5284	-0.16086	-7.5284	0	1	75	3.1058	4.2473	1	12.106	3.2474	0	-7.3438	3	-1	1	0	0	0	0
4	80.778	-0.18097	-7.5284	-0.18097	-7.5284	0	1	75	3.1058	4.2473	1	12.106	3.2474	0	-7.3438	3	-1	1	0	0	0	0
4	97.415	-0.18097	-7.5284	-0.18097	-7.5284	0	1	75	3.1058	4.2473	1	12.106	3.2474	0	-7.3438	3	-1	1	0	0	0	0
4	114.04	-0.18097	-7.5284	-0.18097	-7.5284	0	1	75	3.1058	4.2473	1	12.106	3.2474	0	-7.3438	3	-1	1	0	0	0	0
4	130.63	-0.18097	-7.5284	-0.18097	-7.5284	0	1	75	3.1058	4.2473	1	12.106	3.2474	0	-7.3438	3	-1	1	0	0	0	0
4	147.16	-0.18097	-7.5284	-0.18097	-7.5284	0	1	75	3.1058	4.2473	1	12.106	3.2474	0	-7.3438	3	-1	1	0	0	0	0
4	163.79	-0.18097	-7.5284	-0.18097	-7.5284	0	1	75	3.1058	4.2473	1	12.106	3.2474	0	-7.3438	3	-1	1	0	0	0	0
4	180.39	-0.18097	-7.5284	-0.18097	-7.5284	0	1	75	3.1058	4.2473	1	12.106	3.2474	0	-7.3438	3	-1	1	0	0	0	0
4	197.01	-0.18097	-7.5284	-0.18097	-7.5284	0	1	75	3.1058	4.2473	1	12.106	3.2474	0	-7.3438	3	-1	1	0	0	0	0
4	213.6	-0.18097	-7.5284	-0.18097	-7.5284	0	1	75	3.1058	4.2473	1	12.106	3.2474	0	-7.3438	3	-1	1	1	0	0	0
4	230.17	-0.18097	-7.5284	-0.18097	-7.5284	0	1	75	3.1058	4.2473	1	12.106	3.2474	0	-7.3438	3	-1	1	1	0	0	0
4	246.78	-0.18097	-7.5284	-0.18097	-7.5284	0	1	75	3.1058	4.2473	1	12.106	3.2474	0	-7.3438	3	-1	1	1	0	0	0
4	263.35	-0.18097	-7.5284	-0.18097	-7.5284	0	1	75	3.1058	4.2473	1	12.106	3.2474	0	-7.3438	3	-1	1	1	0	0	0
4	279.95	-0.18097	-7.5284	-0.18097	-7.5284	0	1	75	3.1058	4.2473	1	12.106	3.2474	0	-7.3438	3	-1	1	1	0	0	0
4	296.5	-0.16086	-7.4962	-0.16086	-7.4962	0	1	75	3.1058	4.2473	1	12.106	3.2474	0	-7.3438	3	-1	1	1	0	0	0
4	313.17	-0.18097	-7.3032	-0.18097	-7.3032	0	1	75	3.1058	4.2473	1	12.106	3.2474	0	-7.3438	3	-1	1	1	0	0	0
4	329.74	-0.18097	-6.6597	-0.18097	-6.6597	0	1	75	3.1058	4.2473	1	12.106	3.2474	0	-7.3438	3	-1	1	1	0	0	0
4	346.34	-0.16086	-6.2415	-0.16086	-6.2415	0	1	75	3.1058	4.2473	1	12.106	3.2474	0	-7.3438	3	-1	1	1	0	0	0
4	362.87	0	-5.2763	0	-5.2763	0	1	75	3.1058	4.2473	1	12.106	3.2474	0	-7.3438	3	-1	1	1	0	0	0
4	379.45	0.2614	-4.3755	0.2614	-4.3755	0	2	75	3.1058	4.2473	1	12.106	3.2474	0	-7.3438	3	-1	1	1	0	0	0
4	396.1	0.38205	-3.8929	0.38205	-3.8929	0	2	75	3.1058	4.2473	1	12.106	3.2474	0	-7.3438	3	-1	1	1	0	1	0
4	412.72	0.66356	-3.0242	0.66356	-3.0242	0	2	75	3.1058	4.2473	1	12.106	3.2474	0	-7.3438	3	-1	1	1	0	0	0
4	429.33	0.96518	-2.2843	0.96518	-2.2843	0	2	75	3.1058	4.2473	1	12.106	3.2474	0	-7.3438	3	-1	1	1	0	0	0
4	445.92	1.1059	-1.9625	1.1059	-1.9625	0	2	75	3.1058	4.2473	1	12.106	3.2474	0	-7.3438	3	-1	1	1	0	0	0
4	462.5	1.4076	-1.4156	1.4076	-1.4156	0	2	75	3.1058	4.2473	1	12.106	3.2474	0	-7.3438	3	-1	1	1	0	0	0
4	479.07	1.6891	-0.83649	1.6891	-0.83649	0	2	75	3.1058	4.2473	1	12.106	3.2474	0	-7.3438	3	-1	1	1	0	0	0
4	495.65	1.8298	-0.57911	1.8298	-0.57911	0	2	75	3.1058	4.2473	1	12.106	3.2474	0	-7.3438	3	-1	1	1	0	0	0
4	512.26	2.0711	-0.16086	2.0711	-0.16086	0	2	75	3.1058	4.2473	1	12.106	3.2474	0	-7.3438	3	-1	1	1	0	0	0
4	528.89	2.3124	0.16086	2.3124	0.16086	0	2	75	3.1058	4.2473	1	12.106	3.2474	0	-7.3438	3	-1	1	1	0	0	0
4	545.49	2.4129	0.32173	2.4129	0.32173	0	2	75	3.1058	4.2473	1	12.106	3.2474	0	-7.3438	3	-1	1	1	0	0	0
4	562.06	2.6743	0.64345	2.6743	0.64345	0	2	75	3.1058	4.2473	1	12.106	3.2474	0	-7.3438	3	-1	1	1	0	0	0
4	578.63	2.976	0.96518	2.976	0.96518	0	2	75	3.1058	4.2473	1	12.106	3.2474	0	-7.3438	3	-1	1	1	0	0	0
4	595.25	3.1167	1.126	3.1167	1.126	0	2	75	3.1058	4.2473	1	12.106	3.2474	0	-7.3438	3	-1	1	1	0	0	0
4	611.88	3.3982	1.3191	3.3982	1.3191	0	2	75	3.1058	4.2473	1	12.106	3.2474	0	-7.3438	3	-1	1	1	0	0	0
4	628.41	3.6395	1.4799	3.6395	1.4799	0	2	75	3.1058	4.2473	1	12.106	3.2474	0	-7.3438	3	-1	1	1	0	0	0
4	645.03	3.7401	1.5443	3.7401	1.5443	0	2	75	3.1058	4.2473	1	12.106	3.2474	0	-7.3438	3	-1	1	1	0	0	0
4	661.65	3.921	1.6086	3.921	1.6086	0	2	75	3.1058	4.2473	1	12.106	3.2474	0	-7.3438	3	-1	1	1	0	0	0
4	678.22	4.0015	1.6408	4.0015	1.6408	0	2	75	3.1058	4.2473	1	12.106	3.2474	0	-7.3438	3	-1	1	1	0	0	0
4	694.72	4.102	1.7051	4.102	1.7051	0	2	75	3.1058	4.2473	1	12.106	3.2474	0	-7.3438	3	-1	1	1	0	0	0
4	711.37	4.1422	1.7051	4.1422	1.7051	0	2	75	3.1058	4.2473	1	12.106	3.2474	0	-7.3438	3	-1	1	0	0	0	0
4	727.97	4.1623	1.7051	4.1623	1.7051	0	2	75	3.1058	4.2473	1	12.106	3.2474	0	-7.3438	3	-1	1	0	0	0	0
4	744.55	4.1623	1.7051	4.1623	1.7051	0	2	75	3.1058	4.2473	1	12.106	3.2474	0	-7.3438	3	-1	1	0	0	0	0
4	761.19	4.1824	1.7373	4.1824	1.7373	0	2	75	3.1058	4.2473	1	12.106	3.2474	0	-7.3438	3	-1	1	0	0	0	0
4	777.72	4.1824	1.7373	4.1824	1.7373	0	3	75	3.1058	4.2473	1	12.106	3.2474	0	-7.3438	3	-1	1	0	0	0	0
5	30.76	0.38205	-7.3032	0.38205	-7.3032	0	1	105	-3.1058	4.2473	1	5.8942	3.2474	0	-7.3438	3	-1	1	0	0	0	0
5	47.449	0.34183	-7.3675	0.34183	-7.3675	0	1	105	-3.1058	4.2473	1	5.8942	3.2474	0	-7.3438	3	-1	1	0	0	0	0
5	64.031	0.34183	-7.3675	0.34183	-7.3675	0	1	105	-3.1058	4.2473	1	5.8942	3.2474	0	-7.3438	3	-1	1	0	0	0	0
5	80.627	0.34183	-7.3675	0.34183	-7.3675	0	1	105	-3.1058	4.2473	1	5.8942	3.2474	0	-7.3438	3	-1	1	0	0	0	0
5	97.197	0.32173	-7.3997	0.32173	-7.3997	0	1	105	-3.1058	4.2473	1	5.8942	3.2474	0	-7.3438	3	-1	1	0	0	0	0
5	113.78	0.30162	-7.3997	0.30162	-7.3997	0	1	105	-3.1058	4.2473	1	5.8942	3.2474	0	-7.3438	3	-1	1	0	0	0	0
5	130.4	0.30162	-7.3997	0.30162	-7.3997	0	1	105	-3.1058	4.2473	1	5.8942	3.2474	0	-7.3438	3	-1	1	0	0	0	0
5	147.02	0.28151	-7.3997	0.28151	-7.3997	0	1	105	-3.1058	4.2473	1	5.8942	3.2474	0	-7.3438	3	-1	1	0	0	0	0
5	163.57	0.2614	-7.3997	0.2614	-7.3997	0	1	105	-3.1058	4.2473	1	5.8942	3.2474	0	-7.3438	3	-1	1	0	0	0	0
5	180.16	0.2614	-7.3997	0.2614	-7.3997	0	1	105	-3.1058	4.2473	1	5.8942	3.2474	0	-7.3438	3	-1	1	0	0	0	0
5	196.73	0.2614	-7.3997	0.2614	-7.3997	0	1	105	-3.1058	4.2473	1	5.8942	3.2474	0	-7.3438	3	-1	1	0	0	0	0
5	213.35	0.2614	-7.3997	0.2614	-7.3997	0	1	105	-3.1058	4.2473	1	5.8942	3.2474	0	-7.3438	3	-1	1	0	0	0	0
5	229.98	0.2614	-7.3997	0.2614	-7.3997	0	1	105	-3.1058	4.2473	1	5.8942	3.2474	0	-7.3438	3	-1	1	0	0	0	0
5	246.55	0.24129	-7.3997	0.24129	-7.3997	0	1	105	-3.1058	4.2473	1	5.8942	3.2474	0	-7.3438	3	-1	1	0	0	0	0
5	263.17	0.24129	-7.3997	0.24129	-7.3997	0	1	105	-3.1058	4.2473	1	5.8942	3.2474	0	-7.3438	3	-1	1	1	0	0	0
5	279.76	0.24129	-7.3997	0.24129	-7.3997	0	1	105	-3.1058	4.2473	1	5.8942	3.2474	0	-7.3438	3	-1	1	1	0	0	0
5	296.35	0.16086	-7.3354	0.16086	-7.3354	0	1	105	-3.1058	4.2473	1	5.8942	3.2474	0	-7.3438	3	-1	1	1	0	0	0
5	312.88	-0.020108	-6.9815	-0.020108	-6.9815	0	1	105	-3.1058	4.2473	1	5.8942	3.2474	0	-7.3438	3	-1	1	1	0	0	0
5	329.48	-0.16086	-6.6919	-0.16086	-6.6919	0	1	105	-3.1058	4.2473	1	5.8942	3.2474	0	-7.3438	3	-1	1	1	0	0	0
5	346.14	-0.48259	-5.8554	-0.48259	-5.8554	0	1	105	-3.1058	4.2473	1	5.8942	3.2474	0	-7.3438	3	-1	1	1	0	0	0
5	362.75	-0.62334	-5.405	-0.62334	-5.405	0	1	105	-3.1058	4.2473	1	5.8942	3.2474	0	-7.3438	3	-1	1	1	0	0	0
5	379.34	-0.92496	-4.5363	-0.92496	-4.5363	0	2	105	-3.1058	4.2473	1	5.8942	3.2474	0	-7.3438	3	-1	1	1	0	1	0
5	395.87	-1.2266	-3.7642	-1.2266	-3.7642	0	2	105	-3.1058	4.2473	1	5.8942	3.2474	0	-7.3438	3	-1	1	1	0	0	0
5	412.45	-1.3874	-3.4103	-1.3874	-3.4103	0	2	105	-3.1058	4.2473	1	5.8942	3.2474	0	-7.3438	3	-1	1	1	0	0	0
5	429.07	-1.7494	-2.799	-1.7494	-2.799	0	2	105	-3.1058	4.2473	1	5.8942	3.2474	0	-7.3438	3	-1	1	1	0	0	0
5	445.67	-2.1515	-2.2521	-2.1515	-2.2521	0	2	105	-3.1058	4.2473	1	5.8942	3.2474	0	-7.3438	3	-1	1	1	0	0	0
5	462.23	-2.3727	-2.0269	-2.3727	-2.0269	0	2	105	-3.1058	4.2473	1	5.8942	3.2474	0	-7.3438	3	-1	1	1	0	0	0
5	478.75	-2.7749	-1.6086	-2.7749	-1.6086	0	2	105	-3.1058	4.2473	1	5.8942	3.2474	0	-7.3438	3	-1	1	1	0	0	0
5	495.48	-3.1368	-1.2226	-3.1368	-1.2226	0	2	105	-3.1058	4.2473	1	5.8942	3.2474	0	-7.3438	3	-1	1	1	0	0	0
5	512.09	-3.2977	-1.0295	-3.2977	-1.0295	0	2	105	-3.1058	4.2473	1	5.8942	3.2474	0	-7.3438	3	-1	1	1	0	0	0
5	528.65	-3.539	-0.67563	-3.539	-0.67562	0	2	105	-3.1058	4.2473	1	5.8942	3.2474	0	-7.3438	3	-1	1	1	0	0	0
5	545.23	-3.7401	-0.28955	-3.7401	-0.28955	0	2	105	-3.1058	4.2473	1	5.8942	3.2474	0	-7.3438	3	-1	1	1	0	0	0
5	561.83	-3.8004	-0.064345	-3.8004	-0.064345	0	2	105	-3.1058	4.2473	1	5.8942	3.2474	0	-7.3438	3	-1	1	1	0	0	0
5	578.46	-3.9009	0.3539	-3.9009	0.3539	0	2	105	-3.1058	4.2473	1	5.8942	3.2474	0	-7.3438	3	-1	1	1	0	0	0
5	595.04	-3.9814	0.73997	-3.9814	0.73997	0	2	105	-3.1058	4.2473	1	5.8942	3.2474	0	-7.3438	3	-1	1	1	0	0	0
5	611.64	-4.0216	0.90083	-4.0216	0.90083	0	2	105	-3.1058	4.2473	1	5.8942	3.2474	0	-7.3438	3	-1	1	1	0	0	0
5	628.22	-4.0618	1.0939	-4.0618	1.0939	0	2	105	-3.1058	4.2473	1	5.8942	3.2474	0	-7.3438	3	-1	1	1	0	0	0
5	644.75	-4.102	1.2547	-4.102	1.2547	0	2	105	-3.1058	4.2473	1	5.8942	3.2474	0	-7.3438	3	-1	1	0	0	0	0
5	661.39	-4.1221	1.3191	-4.1221	1.3191	0	2	105	-3.1058	4.2473	1	5.8942	3.2474	0	-7.3438	3	-1	1	0	0	0	0
5	677.98	-4.1221	1.4478	-4.1221	1.4478	0	2	105	-3.1058	4.2473	1	5.8942	3.2474	0	-7.3438	3	-1	1	0	0	0	0
5	694.57	-4.1422	1.5121	-4.1422	1.5121	0	2	105	-3.1058	4.2473	1	5.8942	3.2474	0	-7.3438	3	-1	1	0	0	0	0
5	711.16	-4.1422	1.5121	-4.1422	1.5121	0	2	105	-3.1058	4.2473	1	5.8942	3.2474	0	-7.3438	3	-1	1	0	0	0	0
5	727.77	-4.1422	1.5443	-4.1422	1.5443	0	2	105	-3.1058	4.2473	1	5.8942	3.2474	0	-7.3438	3	-1	1	0	0	0	0
5	744.35	-4.1422	1.5443	-4.1422	1.5443	0	2	105	-3.1058	4.2473	1	5.8942	3.2474	0	-7.3438	3	-1	1	0	0	0	0
5	760.96	-4.1422	1.5443	-4.1422	1.5443	0	3	105	-3.1058	4.2473	1	5.8942	3.2474	0	-7.3438	3	-1	1	0	0	0	0
6	31.023	-0.42227	-7.464	-0.42227	-7.464	0	1	105	-3.1058	4.2473	1	5.8942	3.2474	0	-7.3438	3	-1	1	0	0	0	0
6	47.592	-0.38205	-7.5284	-0.38205	-7.5284	0	1	105	-3.1058	4.2473	1	5.8942	3.2474	0	-7.3438	3	-1	1	0	0	0	0
6	64.225	-0.38205	-7.5284	-0.38205	-7.5284	0	1	105	-3.1058	4.2473	1	5.8942	3.2474	0	-7.3438	3	-1	1	0	0	0	0
6	80.819	-0.34183	-7.5606	-0.34183	-7.5606	0	1	105	-3.1058	4.2473	1	5.8942	3.2474	0	-7.3438	3	-1	1	0	0	0	0
6	97.441	-0.34183	-7.5606	-0.34183	-7.5606	0	1	105	-3.1058	4.2473	1	5.8942	3.2474	0	-7.3438	3	-1	1	0	0	0	0
6	114.03	-0.32173	-7.5606	-0.32173	-7.5606	0	1	105	-3.1058	4.2473	1	5.8942	3.2474	0	-7.3438	3	-1	1	0	0	0	0
6	130.63	-0.32173	-7.5606	-0.32173	-7.5606	0	1	105	-3.1058	4.2473	1	5.8942	3.2474	0	-7.3438	3	-1	1	0	0	0	0
6	147.32	-0.30162	-7.5606	-0.30162	-7.5606	0	1	105	-3.1058	4.2473	1	5.8942	3.2474	0	-7.3438	3	-1	1	0	0	0	0
6	163.79	-0.2614	-7.5606	-0.2614	-7.5606	0	1	105	-3.1058	4.2473	1	5.8942	3.2474	0	-7.3438	3	-1	1	0	0	0	0
6	180.38	-0.2614	-7.5606	-0.2614	-7.5606	0	1	105	-3.1058	4.2473	1	5.8942	3.2474	0	-7.3438	3	-1	1	0	0	0	0
6	197.04	-0.22119	-7.5606	-0.22119	-7.5606	0	1	105	-3.1058	4.2473	1	5.8942	3.2474	0	-7.3438	3	-1	1	0	0	0	0
6	213.6	-0.16086	-7.5284	-0.16086	-7.5284	0	1	105	-3.1058	4.2473	1	5.8942	3.2474	0	-7.3438	3	-1	1	0	0	0	0
6	230.19	-0.12065	-7.5284	-0.12065	-7.5284	0	1	105	-3.1058	4.2473	1	5.8942	3.2474	0	-7.3438	3	-1	1	1	0	0	0
6	246.79	-0.060324	-7.5284	-0.060324	-7.5284	0	1	105	-3.1058	4.2473	1	5.8942	3.2474	0	-7.3438	3	-1	1	1	0	0	0
6	263.36	-0.10054	-7.3997	-0.10054	-7.3997	0	1	105	-3.1058	4.2473	1	5.8942	3.2474	0	-7.3438	3	-1	1	1	0	0	0
6	279.95	-0.18097	-7.2067	-0.18097	-7.2067	0	1	105	-3.1058	4.2473	1	5.8942	3.2474	0	-7.3438	3	-1	1	1	0	0	0
6	296.57	-0.5027	-6.4024	-0.5027	-6.4024	0	1	105	-3.1058	4.2473	1	5.8942	3.2474	0	-7.3438	3	-1	1	1	0	0	0
6	313.19	-0.84453	-5.3728	-0.84453	-5.3728	0	1	105	-3.1058	4.2473	1	5.8942	3.2474	0	-7.3438	3	-1	1	1	0	0	0
6	329.78	-1.0054	-4.8902	-1.0054	-4.8902	0	2	105	-3.1058	4.2473	1	5.8942	3.2474	0	-7.3438	3	-1	1	1	0	1	0
6	346.36	-1.2869	-4.0537	-1.2869	-4.0537	0	2	105	-3.1058	4.2473	1	5.8942	3.2474	0	-7.3438	3	-1	1	1	0	0	0
6	362.95	-1.5483	-3.346	-1.5483	-3.346	0	2	105	-3.1058	4.2473	1	5.8942	3.2474	0	-7.3438	3	-1	1	1	0	0	0
6	379.52	-1.6891	-3.0242	-1.6891	-3.0242	0	2	105	-3.1058	4.2473	1	5.8942	3.2474	0	-7.3438	3	-1	1	1	0	0	0
6	396.12	-2.0108	-2.3808	-2.0108	-2.3808	0	2	105	-3.1058	4.2473	1	5.8942	3.2474	0	-7.3438	3	-1	1	1	0	0	0
6	412.72	-2.3727	-1.7695	-2.3727	-1.7695	0	2	105	-3.1058	4.2473	1	5.8942	3.2474	0	-7.3438	3	-1	1	1	0	0	0
6	429.32	-2.5738	-1.5121	-2.5738	-1.5121	0	2	105	-3.1058	4.2473	1	5.8942	3.2474	0	-7.3438	3	-1	1	1	0	0	0
6	446	-2.9559	-0.99735	-2.9559	-0.99735	0	2	105	-3.1058	4.2473	1	5.8942	3.2474	0	-7.3438	3	-1	1	1	0	0	0
6	462.5	-3.1368	-0.80432	-3.1368	-0.80432	0	2	105	-3.1058	4.2473	1	5.8942	3.2474	0	-7.3438	3	-1	1	1	0	0	0
6	479.1	-3.3982	-0.3539	-3.3982	-0.3539	0	2	105	-3.1058	4.2473	1	5.8942	3.2474	0	-7.3438	3	-1	1	1	0	0	0
6	495.68	-3.5591	0.22521	-3.5591	0.22521	0	2	105	-3.1058	4.2473	1	5.8942	3.2474	0	-7.3438	3	-1	1	1	0	0	0
6	512.32	-3.6596	0.86866	-3.6596	0.86866	0	2	105	-3.1058	4.2473	1	5.8942	3.2474	0	-7.3438	3	-1	1	1	0	0	0
6	528.91	-3.6999	1.1904	-3.6999	1.1904	0	2	105	-3.1058	4.2473	1	5.8942	3.2474	0	-7.3438	3	-1	1	1	0	0	0
6	545.46	-3.7803	1.7373	-3.7803	1.7373	0	2	105	-3.1058	4.2473	1	5.8942	3.2474	0	-7.3438	3	-1	1	1	0	0	0
6	562.04	-3.8205	1.9304	-3.8205	1.9304	0	2	105	-3.1058	4.2473	1	5.8942	3.2474	0	-7.3438	3	-1	1	1	0	0	0
6	578.62	-3.8607	2.2843	-3.8607	2.2843	0	2	105	-3.1058	4.2473	1	5.8942	3.2474	0	-7.3438	3	-1	1	1	0	0	0
6	595.2	-3.8607	2.5095	-3.8607	2.5095	0	2	105	-3.1058	4.2473	1	5.8942	3.2474	0	-7.3438	3	-1	1	1	0	0	0
6	611.77	-3.8607	2.6382	-3.8607	2.6382	0	2	105	-3.1058	4.2473	1	5.8942	3.2474	0	-7.3438	3	-1	1	0	0	0	0
6	628.44	-3.8607	2.6703	-3.8607	2.6703	0	2	105	-3.1058	4.2473	1	5.8942	3.2474	0	-7.3438	3	-1	1	0	0	0	0
6	645.03	-3.8607	2.6703	-3.8607	2.6703	0	2	105	-3.1058	4.2473	1	5.8942	3.2474	0	-7.3438	3	-1	1	0	0	0	0
6	661.64	-3.8607	2.7025	-3.8607	2.7025	0	2	105	-3.1058	4.2473	1	5.8942	3.2474	0	-7.3438	3	-1	1	0	0	0	0
6	678.19	-3.8406	2.7347	-3.8406	2.7347	0	2	105	-3.1058	4.2473	1	5.8942	3.2474	0	-7.3438	3	-1	1	0	0	0	0
6	694.81	-3.8205	2.799	-3.8205	2.799	0	2	105	-3.1058	4.2473	1	5.8942	3.2474	0	-7.3438	3	-1	1	0	0	0	0
6	711.39	-3.8205	2.799	-3.8205	2.799	0	2	105	-3.1058	4.2473	1	5.8942	3.2474	0	-7.3438	3	-1	1	0	0	0	0
6	727.99	-3.8205	2.8312	-3.8205	2.8312	0	3	105	-3.1058	4.2473	1	5.8942	3.2474	0	-7.3438	3	-1	1	0	0	0	0
7	30.928	-0.020108	-7.3354	-0.020108	-7.3354	0	1	90	0	4.6562	1	9	3.6562	0	-7.3438	3	-1	1	0	0	0	0
7	47.525	0.040216	-7.5284	0.040216	-7.5284	0	1	90	0	4.6562	1	9	3.6562	0	-7.3438	3	-1	1	0	0	0	0
7	64.128	0.040216	-7.5284	0.040216	-7.5284	0	1	90	0	4.6562	1	9	3.6562	0	-7.3438	3	-1	1	0	0	0	0
7	80.756	0.040216	-7.5284	0.040216	-7.5284	0	1	90	0	4.6562	1	9	3.6562	0	-7.3438	3	-1	1	0	0	0	0
7	97.321	0.040216	-7.5606	0.040216	-7.5606	0	1	90	0	4.6562	1	9	3.6562	0	-7.3438	3	-1	1	0	0	0	0
7	113.92	0.060324	-7.5606	0.060324	-7.5606	0	1	90	0	4.6562	1	9	3.6562	0	-7.3438	3	-1	1	0	0	0	0
7	130.49	0.080432	-7.5284	0.080432	-7.5284	0	1	90	0	4.6562	1	9	3.6562	0	-7.3438	3	-1	1	0	0	0	0
7	147.09	0.10054	-7.5284	0.10054	-7.5284	0	1	90	0	4.6562	1	9	3.6562	0	-7.3438	3	-1	1	0	0	0	0
7	163.67	0.10054	-7.5284	0.10054	-7.5284	0	1	90	0	4.6562	1	9	3.6562	0	-7.3438	3	-1	1	0	0	0	0
7	180.25	0.12065	-7.4962	0.12065	-7.4962	0	1	90	0	4.6562	1	9	3.6562	0	-7.3438	3	-1	1	0	0	0	0
7	196.89	0.14076	-7.4962	0.14076	-7.4962	0	1	90	0	4.6562	1	9	3.6562	0	-7.3438	3	-1	1	1	0	0	0
7	213.51	0.16086	-7.464	0.16086	-7.464	0	1	90	0	4.6562	1	9	3.6562	0	-7.3438	3	-1	1	1	0	0	0
7	230.04	0.18097	-7.3032	0.18097	-7.3032	0	1	90	0	4.6562	1	9	3.6562	0	-7.3438	3	-1	1	1	0	0	0
7	246.64	0.12065	-6.7884	0.12065	-6.7884	0	1	90	0	4.6562	1	9	3.6562	0	-7.3438	3	-1	1	1	0	0	0
7	263.25	0.060324	-6.4345	0.060324	-6.4345	0	1	90	0	4.6562	1	9	3.6562	0	-7.3438	3	-1	1	1	0	0	0
7	279.83	-0.040216	-5.5015	-0.040216	-5.5015	0	1	90	0	4.6562	1	9	3.6562	0	-7.3438	3	-1	1	1	0	0	0
7	296.49	-0.10054	-4.472	-0.10054	-4.472	0	1	90	0	4.6562	1	9	3.6562	0	-7.3438	3	-1	1	1	0	0	0
7	313.06	-0.12065	-3.9572	-0.12065	-3.9572	0	2	90	0	4.6562	1	9	3.6562	0	-7.3438	3	-1	1	1	0	0	0
7	329.78	-0.12065	-2.9277	-0.12065	-2.9277	0	2	90	0	4.6562	1	9	3.6562	0	-7.3438	3	-1	1	1	0	1	0
7	346.24	-0.060324	-1.9625	-0.060324	-1.9625	0	2	90	0	4.6562	1	9	3.6562	0	-7.3438	3	-1	1	1	0	0	0
7	362.76	0	-1.5121	0	-1.5121	0	2	90	0	4.6562	1	9	3.6562	0	-7.3438	3	-1	1	1	0	0	0
7	379.38	0.080432	-0.7078	0.080432	-0.7078	0	2	90	0	4.6562	1	9	3.6562	0	-7.3438	3	-1	1	1	0	0	0
7	396.01	0.16086	-0.064345	0.16086	-0.064345	0	2	90	0	4.6562	1	9	3.6562	0	-7.3438	3	-1	1	1	0	0	0
7	412.61	0.20108	0.22521	0.20108	0.22521	0	2	90	0	4.6562	1	9	3.6562	0	-7.3438	3	-1	1	1	0	0	0
7	429.18	0.28151	0.83649	0.28151	0.83649	0	2	90	0	4.6562	1	9	3.6562	0	-7.3438	3	-1	1	1	0	0	0
7	445.8	0.34183	1.1582	0.34183	1.1582	0	2	90	0	4.6562	1	9	3.6562	0	-7.3438	3	-1	1	1	0	0	0
7	462.37	0.44237	1.7695	0.44237	1.7695	0	2	90	0	4.6562	1	9	3.6562	0	-7.3438	3	-1	1	1	0	0	0
7	478.97	0.52281	2.2843	0.52281	2.2843	0	2	90	0	4.6562	1	9	3.6562	0	-7.3438	3	-1	1	1	0	0	0
7	495.53	0.52281	2.6382	0.52281	2.6382	0	2	90	0	4.6562	1	9	3.6562	0	-7.3438	3	-1	1	1	0	0	0
7	512.16	0.5027	2.799	0.5027	2.799	0	2	90	0	4.6562	1	9	3.6562	0	-7.3438	3	-1	1	1	0	0	0
7	528.79	0.46248	3.1529	0.46248	3.1529	0	2	90	0	4.6562	1	9	3.6562	0	-7.3438	3	-1	1	1	0	0	0
7	545.37	0.46248	3.346	0.46248	3.346	0	2	90	0	4.6562	1	9	3.6562	0	-7.3438	3	-1	1	1	0	0	0
7	561.92	0.46248	3.6999	0.46248	3.6999	0	2	90	0	4.6562	1	9	3.6562	0	-7.3438	3	-1	1	1	0	0	0
7	578.5	0.46248	3.9572	0.46248	3.9572	0	2	90	0	4.6562	1	9	3.6562	0	-7.3438	3	-1	1	0	0	0	0
7	595.13	0.46248	4.0216	0.46248	4.0216	0	2	90	0	4.6562	1	9	3.6562	0	-7.3438	3	-1	1	0	0	0	0
7	611.72	0.46248	4.1181	0.46248	4.1181	0	2	90	0	4.6562	1	9	3.6562	0	-7.3438	3	-1	1	0	0	0	0
7	628.3	0.46248	4.1503	0.46248	4.1503	0	2	90	0	4.6562	1	9	3.6562	0	-7.3438	3	-1	1	0	0	0	0
7	644.95	0.46248	4.1503	0.46248	4.1503	0	2	90	0	4.6562	1	9	3.6562	0	-7.3438	3	-1	1	0	0	0	0
7	661.54	0.44237	4.1824	0.44237	4.1824	0	2	90	0	4.6562	1	9	3.6562	0	-7.3438	3	-1	1	0	0	0	0
7	678.1	0.44237	4.1824	0.44237	4.1824	0	2	90	0	4.6562	1	9	3.6562	0	-7.3438	3	-1	1	0	0	0	0
7	694.64	0.44237	4.1824	0.44237	4.1824	0	3	90	0	4.6562	1	9	3.6562	0	-7.3438	3	-1	1	0	0	0	0
8	30.94	0.34183	-7.4319	0.34183	-7.4319	0	1	75	3.1058	4.2473	1	12.106	3.2474	0	-7.3438	3	-1	1	0	0	0	0
8	47.507	0.32173	-7.4319	0.32173	-7.4319	0	1	75	3.1058	4.2473	1	12.106	3.2474	0	-7.3438	3	-1	1	0	0	0	0
8	64.148	0.32173	-7.4319	0.32173	-7.4319	0	1	75	3.1058	4.2473	1	12.106	3.2474	0	-7.3438	3	-1	1	0	0	0	0
8	80.749	0.32173	-7.4319	0.32173	-7.4319	0	1	75	3.1058	4.2473	1	12.106	3.2474	0	-7.3438	3	-1	1	0	0	0	0
8	97.337	0.32173	-7.4319	0.32173	-7.4319	0	1	75	3.1058	4.2473	1	12.106	3.2474	0	-7.3438	3	-1	1	0	0	0	0
8	113.91	0.32173	-7.4319	0.32173	-7.4319	0	1	75	3.1058	4.2473	1	12.106	3.2474	0	-7.3438	3	-1	1	0	0	0	0
8	130.5	0.32173	-7.4319	0.32173	-7.4319	0	1	75	3.1058	4.2473	1	12.106	3.2474	0	-7.3438	3	-1	1	0	0	0	0
8	147.16	0.30162	-7.4319	0.30162	-7.4319	0	1	75	3.1058	4.2473	1	12.106	3.2474	0	-7.3438	3	-1	1	0	0	0	0
8	163.75	0.28151	-7.4319	0.28151	-7.4319	0	1	75	3.1058	4.2473	1	12.106	3.2474	0	-7.3438	3	-1	1	0	0	0	0
8	180.35	0.28151	-7.4319	0.28151	-7.4319	0	1	75	3.1058	4.2473	1	12.106	3.2474	0	-7.3438	3	-1	1	0	0	0	0
8	196.91	0.28151	-7.3997	0.28151	-7.3997	0	1	75	3.1058	4.2473	1	12.106	3.2474	0	-7.3438	3	-1	1	1	0	0	0
8	213.49	0.2614	-7.3997	0.2614	-7.3997	0	1	75	3.1058	4.2473	1	12.106	3.2474	0	-7.3438	3	-1	1	1	0	0	0
8	230.08	0.24129	-7.2388	0.24129	-7.2388	0	1	75	3.1058	4.2473	1	12.106	3.2474	0	-7.3438	3	-1	1	1	0	0	0
8	246.68	0.20108	-7.1101	0.20108	-7.1101	0	1	75	3.1058	4.2473	1	12.106	3.2474	0	-7.3438	3	-1	1	1	0	0	0
8	263.3	0.18097	-6.6919	0.18097	-6.6919	0	1	75	3.1058	4.2473	1	12.106	3.2474	0	-7.3438	3	-1	1	1	0	0	0
8	279.89	0.16086	-6.3702	0.16086	-6.3702	0	1	75	3.1058	4.2473	1	12.106	3.2474	0	-7.3438	3	-1	1	1	0	0	0
8	296.48	0.18097	-5.5337	0.18097	-5.5337	0	1	75	3.1058	4.2473	1	12.106	3.2474	0	-7.3438	3	-1	1	1	0	0	0
8	313.04	0.32173	-4.5363	0.32173	-4.5363	0	1	75	3.1058	4.2473	1	12.106	3.2474	0	-7.3438	3	-1	1	1	0	0	0
8	329.63	0.44237	-4.0537	0.44237	-4.0537	0	2	75	3.1058	4.2473	1	12.106	3.2474	0	-7.3438	3	-1	1	1	0	0	0
8	346.21	0.78421	-3.1529	0.78421	-3.1529	0	2	75	3.1058	4.2473	1	12.106	3.2474	0	-7.3438	3	-1	1	1	0	1	0
8	362.84	1.2065	-2.3486	1.2065	-2.3486	0	2	75	3.1058	4.2473	1	12.106	3.2474	0	-7.3438	3	-1	1	1	0	0	0
8	379.43	1.4277	-1.9625	1.4277	-1.9625	0	2	75	3.1058	4.2473	1	12.106	3.2474	0	-7.3438	3	-1	1	1	0	0	0
8	396.03	1.9304	-1.2547	1.9304	-1.2547	0	2	75	3.1058	4.2473	1	12.106	3.2474	0	-7.3438	3	-1	1	1	0	0	0
8	412.63	2.4532	-0.57911	2.4532	-0.57911	0	2	75	3.1058	4.2473	1	12.106	3.2474	0	-7.3438	3	-1	1	1	0	0	0
8	429.24	2.7146	-0.28955	2.7146	-0.28955	0	2	75	3.1058	4.2473	1	12.106	3.2474	0	-7.3438	3	-1	1	1	0	0	0
8	445.77	3.2173	0.25738	3.2173	0.25738	0	2	75	3.1058	4.2473	1	12.106	3.2474	0	-7.3438	3	-1	1	1	0	0	0
8	462.4	3.6596	0.73997	3.6596	0.73997	0	2	75	3.1058	4.2473	1	12.106	3.2474	0	-7.3438	3	-1	1	1	0	0	0
8	478.98	3.8607	0.96518	3.8607	0.96518	0	2	75	3.1058	4.2473	1	12.106	3.2474	0	-7.3438	3	-1	1	1	0	0	0
8	495.51	4.2227	1.4156	4.2227	1.4156	0	2	75	3.1058	4.2473	1	12.106	3.2474	0	-7.3438	3	-1	1	1	0	0	0
8	512.2	4.5444	1.8338	4.5444	1.8338	0	2	75	3.1058	4.2473	1	12.106	3.2474	0	-7.3438	3	-1	1	1	0	0	0
8	528.96	4.665	1.9947	4.665	1.9947	0	2	75	3.1058	4.2473	1	12.106	3.2474	0	-7.3438	3	-1	1	1	0	0	0
8	545.4	4.8661	2.3164	4.8661	2.3164	0	2	75	3.1058	4.2473	1	12.106	3.2474	0	-7.3438	3	-1	1	1	0	0	0
8	561.97	5.0069	2.6382	5.0069	2.6382	0	2	75	3.1058	4.2473	1	12.106	3.2474	0	-7.3438	3	-1	1	1	0	0	0
8	578.54	5.0672	2.7668	5.0672	2.7668	0	2	75	3.1058	4.2473	1	12.106	3.2474	0	-7.3438	3	-1	1	1	0	0	0
8	595.18	5.1275	2.9921	5.1275	2.9921	0	2	75	3.1058	4.2473	1	12.106	3.2474	0	-7.3438	3	-1	1	1	0	0	0
8	611.79	5.1476	3.1529	5.1476	3.1529	0	2	75	3.1058	4.2473	1	12.106	3.2474	0	-7.3438	3	-1	1	0	0	0	0
8	628.33	5.1476	3.1851	5.1476	3.1851	0	2	75	3.1058	4.2473	1	12.106	3.2474	0	-7.3438	3	-1	1	0	0	0	0
8	644.93	5.1677	3.2494	5.1677	3.2494	0	2	75	3.1058	4.2473	1	12.106	3.2474	0	-7.3438	3	-1	1	0	0	0	0
8	661.5	5.2079	3.346	5.2079	3.346	0	2	75	3.1058	4.2473	1	12.106	3.2474	0	-7.3438	3	-1	1	0	0	0	0
8	678.12	5.2281	3.4103	5.2281	3.4103	0	2	75	3.1058	4.2473	1	12.106	3.2474	0	-7.3438	3	-1	1	0	0	0	0
8	694.76	5.2482	3.4746	5.2482	3.4746	0	2	75	3.1058	4.2473	1	12.106	3.2474	0	-7.3438	3	-1	1	0	0	0	0
8	711.33	5.2482	3.4746	5.2482	3.4746	0	2	75	3.1058	4.2473	1	12.106	3.2474	0	-7.3438	3	-1	1	0	0	0	0
8	727.91	5.2482	3.4746	5.2482	3.4746	0	3	75	3.1058	4.2473	1	12.106	3.2474	0	-7.3438	3	-1	1	0	0	0	0
9	11.63	0.32173	-7.3997	0.32173	-7.3997	0	1	105	-3.1058	4.2473	1	5.8942	3.2474	0	-7.3438	3	-1	1	0	0	0	0
9	28.219	0.32173	-7.3997	0.32173	-7.3997	0	1	105	-3.1058	4.2473	1	5.8942	3.2474	0	-7.3438	3	-1	1	0	0	0	0
9	44.761	0.28151	-7.3997	0.28151	-7.3997	0	1	105	-3.1058	4.2473	1	5.8942	3.2474	0	-7.3438	3	-1	1	0	0	0	0
9	61.326	0.28151	-7.3997	0.28151	-7.3997	0	1	105	-3.1058	4.2473	1	5.8942	3.2474	0	-7.3438	3	-1	1	0	0	0	0
9	77.98	0.28151	-7.3997	0.28151	-7.3997	0	1	105	-3.1058	4.2473	1	5.8942	3.2474	0	-7.3438	3	-1	1	0	0	0	0
9	94.518	0.28151	-7.3997	0.28151	-7.3997	0	1	105	-3.1058	4.2473	1	5.8942	3.2474	0	-7.3438	3	-1	1	0	0	0	0
9	111.19	0.28151	-7.3997	0.28151	-7.3997	0	1	105	-3.1058	4.2473	1	5.8942	3.2474	0	-7.3438	3	-1	1	0	0	0	0
9	127.74	0.28151	-7.3997	0.28151	-7.3997	0	1	105	-3.1058	4.2473	1	5.8942	3.2474	0	-7.3438	3	-1	1	0	0	0	0
9	144.37	0.24129	-7.3997	0.24129	-7.3997	0	1	105	-3.1058	4.2473	1	5.8942	3.2474	0	-7.3438	3	-1	1	0	0	0	0
9	160.92	0.16086	-7.3997	0.16086	-7.3997	0	1	105	-3.1058	4.2473	1	5.8942	3.2474	0	-7.3438	3	-1	1	0	0	0	0
9	177.49	0.080432	-7.3675	0.080432	-7.3675	0	1	105	-3.1058	4.2473	1	5.8942	3.2474	0	-7.3438	3	-1	1	1	0	0	0
9	194.12	0.020108	-7.3354	0.020108	-7.3354	0	1	105	-3.1058	4.2473	1	5.8942	3.2474	0	-7.3438	3	-1	1	1	0	0	0
9	210.75	-0.080432	-7.2067	-0.080432	-7.2067	0	1	105	-3.1058	4.2473	1	5.8942	3.2474	0	-7.3438	3	-1	1	1	0	0	0
9	227.34	-0.14076	-7.1101	-0.14076	-7.1101	0	1	105	-3.1058	4.2473	1	5.8942	3.2474	0	-7.3438	3	-1	1	1	0	0	0
9	243.94	-0.2614	-6.8528	-0.2614	-6.8528	0	1	105	-3.1058	4.2473	1	5.8942	3.2474	0	-7.3438	3	-1	1	1	0	0	0
9	260.43	-0.42227	-6.3702	-0.42227	-6.3702	0	1	105	-3.1058	4.2473	1	5.8942	3.2474	0	-7.3438	3	-1	1	1	0	0	0
9	277.11	-0.66356	-5.6946	-0.66356	-5.6946	0	1	105	-3.1058	4.2473	1	5.8942	3.2474	0	-7.3438	3	-1	1	1	0	0	0
9	293.69	-0.80432	-5.2763	-0.80432	-5.2763	0	1	105	-3.1058	4.2473	1	5.8942	3.2474	0	-7.3438	3	-1	1	1	0	0	0
9	310.32	-1.1461	-4.3433	-1.1461	-4.3433	0	2	105	-3.1058	4.2473	1	5.8942	3.2474	0	-7.3438	3	-1	1	1	0	0	0
9	326.87	-1.3472	-3.8607	-1.3472	-3.8607	0	2	105	-3.1058	4.2473	1	5.8942	3.2474	0	-7.3438	3	-1	1	1	0	1	0
9	343.49	-1.7695	-2.9921	-1.7695	-2.9921	0	2	105	-3.1058	4.2473	1	5.8942	3.2474	0	-7.3438	3	-1	1	1	0	0	0
9	360.07	-2.1918	-2.4451	-2.1918	-2.4451	0	2	105	-3.1058	4.2473	1	5.8942	3.2474	0	-7.3438	3	-1	1	1	0	0	0
9	376.63	-2.614	-1.9947	-2.614	-1.9947	0	2	105	-3.1058	4.2473	1	5.8942	3.2474	0	-7.3438	3	-1	1	1	0	0	0
9	393.24	-2.8151	-1.7695	-2.8151	-1.7695	0	2	105	-3.1058	4.2473	1	5.8942	3.2474	0	-7.3438	3	-1	1	1	0	0	0
9	409.85	-3.1972	-1.2869	-3.1972	-1.2869	0	2	105	-3.1058	4.2473	1	5.8942	3.2474	0	-7.3438	3	-1	1	1	0	0	0
9	426.36	-3.3781	-1.0295	-3.3781	-1.0295	0	2	105	-3.1058	4.2473	1	5.8942	3.2474	0	-7.3438	3	-1	1	1	0	0	0
9	443.07	-3.7401	-0.51476	-3.7401	-0.51476	0	2	105	-3.1058	4.2473	1	5.8942	3.2474	0	-7.3438	3	-1	1	1	0	0	0
9	459.65	-3.921	-0.25738	-3.921	-0.25738	0	2	105	-3.1058	4.2473	1	5.8942	3.2474	0	-7.3438	3	-1	1	1	0	0	0
9	476.25	-4.2428	0.19304	-4.2428	0.19304	0	2	105	-3.1058	4.2473	1	5.8942	3.2474	0	-7.3438	3	-1	1	1	0	0	0
9	492.82	-4.464	0.57911	-4.464	0.57911	0	2	105	-3.1058	4.2473	1	5.8942	3.2474	0	-7.3438	3	-1	1	1	0	0	0
9	509.41	-4.5645	0.96518	-4.5645	0.96518	0	2	105	-3.1058	4.2473	1	5.8942	3.2474	0	-7.3438	3	-1	1	1	0	0	0
9	526.03	-4.5645	1.1904	-4.5645	1.1904	0	2	105	-3.1058	4.2473	1	5.8942	3.2474	0	-7.3438	3	-1	1	1	0	0	0
9	542.6	-4.5645	1.6086	-4.5645	1.6086	0	2	105	-3.1058	4.2473	1	5.8942	3.2474	0	-7.3438	3	-1	1	1	0	0	0
9	559.18	-4.5444	1.7695	-4.5444	1.7695	0	2	105	-3.1058	4.2473	1	5.8942	3.2474	0	-7.3438	3	-1	1	1	0	0	0
9	575.76	-4.5243	1.9625	-4.5243	1.9625	0	2	105	-3.1058	4.2473	1	5.8942	3.2474	0	-7.3438	3	-1	1	1	0	0	0
9	592.34	-4.5243	2.059	-4.5243	2.059	0	2	105	-3.1058	4.2473	1	5.8942	3.2474	0	-7.3438	3	-1	1	0	0	0	0
9	608.96	-4.5042	2.1234	-4.5042	2.1234	0	2	105	-3.1058	4.2473	1	5.8942	3.2474	0	-7.3438	3	-1	1	0	0	0	0
9	625.52	-4.4841	2.1556	-4.4841	2.1556	0	2	105	-3.1058	4.2473	1	5.8942	3.2474	0	-7.3438	3	-1	1	0	0	0	0
9	642.16	-4.4841	2.1877	-4.4841	2.1877	0	2	105	-3.1058	4.2473	1	5.8942	3.2474	0	-7.3438	3	-1	1	0	0	0	0
9	658.76	-4.4841	2.1877	-4.4841	2.1877	0	2	105	-3.1058	4.2473	1	5.8942	3.2474	0	-7.3438	3	-1	1	0	0	0	0
9	675.38	-4.4841	2.1877	-4.4841	2.1877	0	2	105	-3.1058	4.2473	1	5.8942	3.2474	0	-7.3438	3	-1	1	0	0	0	0
9	691.99	-4.4841	2.2199	-4.4841	2.2199	0	2	105	-3.1058	4.2473	1	5.8942	3.2474	0	-7.3438	3	-1	1	0	0	0	0
9	708.55	-4.4841	2.2199	-4.4841	2.2199	0	3	105	-3.1058	4.2473	1	5.8942	3.2474	0	-7.3438	3	-1	1	0	0	0	0
10	30.972	0.2614	-7.3675	0.2614	-7.3675	0	1	90	0	4.6562	1	9	3.6562	0	-7.3438	3	-1	1	0	0	0	0
10	47.533	0.30162	-7.3997	0.30162	-7.3997	0	1	90	0	4.6562	1	9	3.6562	0	-7.3438	3	-1	1	0	0	0	0
10	64.158	0.30162	-7.3997	0.30162	-7.3997	0	1	90	0	4.6562	1	9	3.6562	0	-7.3438	3	-1	1	0	0	0	0
10	80.756	0.30162	-7.3997	0.30162	-7.3997	0	1	90	0	4.6562	1	9	3.6562	0	-7.3438	3	-1	1	0	0	0	0
10	97.365	0.30162	-7.3997	0.30162	-7.3997	0	1	90	0	4.6562	1	9	3.6562	0	-7.3438	3	-1	1	0	0	0	0
10	113.93	0.30162	-7.3997	0.30162	-7.3997	0	1	90	0	4.6562	1	9	3.6562	0	-7.3438	3	-1	1	0	0	0	0
10	130.56	0.30162	-7.3997	0.30162	-7.3997	0	1	90	0	4.6562	1	9	3.6562	0	-7.3438	3	-1	1	0	0	0	0
10	147.15	0.32173	-7.3997	0.32173	-7.3997	0	1	90	0	4.6562	1	9	3.6562	0	-7.3438	3	-1	1	0	0	0	0
10	163.68	0.34183	-7.3997	0.34183	-7.3997	0	1	90	0	4.6562	1	9	3.6562	0	-7.3438	3	-1	1	0	0	0	0
10	180.28	0.36194	-7.3675	0.36194	-7.3675	0	1	90	0	4.6562	1	9	3.6562	0	-7.3438	3	-1	1	1	0	0	0
10	196.95	0.36194	-7.3675	0.36194	-7.3675	0	1	90	0	4.6562	1	9	3.6562	0	-7.3438	3	-1	1	1	0	0	0
10	213.54	0.36194	-7.3675	0.36194	-7.3675	0	1	90	0	4.6562	1	9	3.6562	0	-7.3438	3	-1	1	1	0	0	0
10	230.13	0.36194	-7.3675	0.36194	-7.3675	0	1	90	0	4.6562	1	9	3.6562	0	-7.3438	3	-1	1	1	0	0	0
10	246.7	0.36194	-7.3675	0.36194	-7.3675	0	1	90	0	4.6562	1	9	3.6562	0	-7.3438	3	-1	1	1	0	0	0
10	263.31	0.36194	-7.3675	0.36194	-7.3675	0	1	90	0	4.6562	1	9	3.6562	0	-7.3438	3	-1	1	1	0	0	0
10	279.86	0.34183	-7.1745	0.34183	-7.1745	0	1	90	0	4.6562	1	9	3.6562	0	-7.3438	3	-1	1	1	0	0	0
10	296.47	0.28151	-6.9493	0.28151	-6.9493	0	1	90	0	4.6562	1	9	3.6562	0	-7.3438	3	-1	1	1	0	0	0
10	313.08	0.12065	-6.145	0.12065	-6.145	0	1	90	0	4.6562	1	9	3.6562	0	-7.3438	3	-1	1	1	0	0	0
10	329.7	-0.060324	-4.9546	-0.060324	-4.9546	0	1	90	0	4.6562	1	9	3.6562	0	-7.3438	3	-1	1	1	0	0	0
10	346.25	-0.14076	-4.3111	-0.14076	-4.3111	0	2	90	0	4.6562	1	9	3.6562	0	-7.3438	3	-1	1	1	0	0	0
10	362.89	-0.20108	-3.0242	-0.20108	-3.0242	0	2	90	0	4.6562	1	9	3.6562	0	-7.3438	3	-1	1	1	0	1	0
10	379.45	-0.20108	-1.866	-0.20108	-1.866	0	2	90	0	4.6562	1	9	3.6562	0	-7.3438	3	-1	1	1	0	0	0
10	396.02	-0.16086	-1.3513	-0.16086	-1.3512	0	2	90	0	4.6562	1	9	3.6562	0	-7.3438	3	-1	1	1	0	0	0
10	412.64	-0.080432	-0.38607	-0.080432	-0.38607	0	2	90	0	4.6562	1	9	3.6562	0	-7.3438	3	-1	1	1	0	0	0
10	429.25	0	0.48259	0	0.48259	0	2	90	0	4.6562	1	9	3.6562	0	-7.3438	3	-1	1	1	0	0	0
10	445.85	0.040216	0.90083	0.040216	0.90083	0	2	90	0	4.6562	1	9	3.6562	0	-7.3438	3	-1	1	1	0	0	0
10	462.45	0.080432	1.6086	0.080432	1.6086	0	2	90	0	4.6562	1	9	3.6562	0	-7.3438	3	-1	1	1	0	0	0
10	479.05	0.10054	1.8982	0.10054	1.8982	0	2	90	0	4.6562	1	9	3.6562	0	-7.3438	3	-1	1	1	0	0	0
10	495.6	0.10054	2.4129	0.10054	2.4129	0	2	90	0	4.6562	1	9	3.6562	0	-7.3438	3	-1	1	1	0	0	0
10	512.2	0.040216	2.799	0.040216	2.799	0	2	90	0	4.6562	1	9	3.6562	0	-7.3438	3	-1	1	1	0	0	0
10	528.79	-0.020108	3.1207	-0.020108	3.1207	0	2	90	0	4.6562	1	9	3.6562	0	-7.3438	3	-1	1	1	0	0	0
10	545.35	-0.080432	3.2816	-0.080432	3.2816	0	2	90	0	4.6562	1	9	3.6562	0	-7.3438	3	-1	1	1	0	0	0
10	561.98	-0.16086	3.6677	-0.16086	3.6677	0	2	90	0	4.6562	1	9	3.6562	0	-7.3438	3	-1	1	1	0	0	0
10	578.61	-0.18097	3.8607	-0.18097	3.8607	0	2	90	0	4.6562	1	9	3.6562	0	-7.3438	3	-1	1	1	0	0	0
10	595.18	-0.2614	4.2146	-0.2614	4.2146	0	2	90	0	4.6562	1	9	3.6562	0	-7.3438	3	-1	1	1	0	0	0
10	611.75	-0.32173	4.472	-0.32173	4.472	0	2	90	0	4.6562	1	9	3.6562	0	-7.3438	3	-1	1	1	0	0	0
10	628.36	-0.36194	4.5685	-0.36194	4.5685	0	2	90	0	4.6562	1	9	3.6562	0	-7.3438	3	-1	1	0	0	0	0
10	644.94	-0.36194	4.5685	-0.36194	4.5685	0	2	90	0	4.6562	1	9	3.6562	0	-7.3438	3	-1	1	0	0	0	0
10	661.54	-0.36194	4.6007	-0.36194	4.6007	0	2	90	0	4.6562	1	9	3.6562	0	-7.3438	3	-1	1	0	0	0	0
10	678.16	-0.36194	4.6329	-0.36194	4.6329	0	2	90	0	4.6562	1	9	3.6562	0	-7.3438	3	-1	1	0	0	0	0
10	694.73	-0.38205	4.665	-0.38205	4.665	0	2	90	0	4.6562	1	9	3.6562	0	-7.3438	3	-1	1	0	0	0	0
10	711.33	-0.38205	4.7294	-0.38205	4.7294	0	2	90	0	4.6562	1	9	3.6562	0	-7.3438	3	-1	1	0	0	0	0
10	727.89	-0.40216	4.7615	-0.40216	4.7615	0	3	90	0	4.6562	1	9	3.6562	0	-7.3438	3	-1	1	0	0	0	0
11	30.949	-0.28151	-7.4962	-0.28151	-7.4962	0	1	75	3.1058	4.2473	1	12.106	3.2474	0	-7.3438	3	-1	1	0	0	0	0
11	47.518	-0.30162	-7.5284	-0.30162	-7.5284	0	1	75	3.1058	4.2473	1	12.106	3.2474	0	-7.3438	3	-1	1	0	0	0	0
11	64.149	-0.30162	-7.5284	-0.30162	-7.5284	0	1	75	3.1058	4.2473	1	12.106	3.2474	0	-7.3438	3	-1	1	0	0	0	0
11	80.756	-0.30162	-7.5284	-0.30162	-7.5284	0	1	75	3.1058	4.2473	1	12.106	3.2474	0	-7.3438	3	-1	1	0	0	0	0
11	97.355	-0.30162	-7.5284	-0.30162	-7.5284	0	1	75	3.1058	4.2473	1	12.106	3.2474	0	-7.3438	3	-1	1	0	0	0	0
11	113.92	-0.30162	-7.5284	-0.30162	-7.5284	0	1	75	3.1058	4.2473	1	12.106	3.2474	0	-7.3438	3	-1	1	0	0	0	0
11	130.46	-0.30162	-7.5284	-0.30162	-7.5284	0	1	75	3.1058	4.2473	1	12.106	3.2474	0	-7.3438	3	-1	1	0	0	0	0
11	147.05	-0.30162	-7.5284	-0.30162	-7.5284	0	1	75	3.1058	4.2473	1	12.106	3.2474	0	-7.3438	3	-1	1	1	0	0	0
11	163.81	-0.30162	-7.5284	-0.30162	-7.5284	0	1	75	3.1058	4.2473	1	12.106	3.2474	0	-7.3438	3	-1	1	1	0	0	0
11	180.4	-0.30162	-7.5284	-0.30162	-7.5284	0	1	75	3.1058	4.2473	1	12.106	3.2474	0	-7.3438	3	-1	1	1	0	0	0
11	196.93	-0.30162	-7.4962	-0.30162	-7.4962	0	1	75	3.1058	4.2473	1	12.106	3.2474	0	-7.3438	3	-1	1	1	0	0	0
11	213.51	-0.30162	-7.464	-0.30162	-7.464	0	1	75	3.1058	4.2473	1	12.106	3.2474	0	-7.3438	3	-1	1	1	0	0	0
11	230.08	-0.30162	-7.2388	-0.30162	-7.2388	0	1	75	3.1058	4.2473	1	12.106	3.2474	0	-7.3438	3	-1	1	1	0	0	0
11	246.68	-0.2614	-6.8206	-0.2614	-6.8206	0	1	75	3.1058	4.2473	1	12.106	3.2474	0	-7.3438	3	-1	1	1	0	0	0
11	263.25	-0.22119	-6.531	-0.22119	-6.531	0	1	75	3.1058	4.2473	1	12.106	3.2474	0	-7.3438	3	-1	1	1	0	0	0
11	279.87	-0.10054	-5.7911	-0.10054	-5.7911	0	1	75	3.1058	4.2473	1	12.106	3.2474	0	-7.3438	3	-1	1	1	0	0	0
11	296.48	-0.020108	-5.3407	-0.020108	-5.3407	0	1	75	3.1058	4.2473	1	12.106	3.2474	0	-7.3438	3	-1	1	1	0	0	0
11	313.1	0.2614	-4.3433	0.2614	-4.3433	0	2	75	3.1058	4.2473	1	12.106	3.2474	0	-7.3438	3	-1	1	1	0	0	0
11	329.68	0.64345	-3.2173	0.64345	-3.2173	0	2	75	3.1058	4.2473	1	12.106	3.2474	0	-7.3438	3	-1	1	1	0	1	0
11	346.25	1.1059	-1.9947	1.1059	-1.9947	0	2	75	3.1058	4.2473	1	12.106	3.2474	0	-7.3438	3	-1	1	1	0	0	0
11	362.83	1.3673	-1.4478	1.3673	-1.4478	0	2	75	3.1058	4.2473	1	12.106	3.2474	0	-7.3438	3	-1	1	1	0	0	0
11	379.41	1.87	-0.41824	1.87	-0.41824	0	2	75	3.1058	4.2473	1	12.106	3.2474	0	-7.3438	3	-1	1	1	0	0	0
11	396.05	2.0912	0.032173	2.0912	0.032173	0	2	75	3.1058	4.2473	1	12.106	3.2474	0	-7.3438	3	-1	1	1	0	0	0
11	412.65	2.5135	0.80432	2.5135	0.80432	0	2	75	3.1058	4.2473	1	12.106	3.2474	0	-7.3438	3	-1	1	1	0	0	0
11	429.22	2.8754	1.4799	2.8754	1.4799	0	2	75	3.1058	4.2473	1	12.106	3.2474	0	-7.3438	3	-1	1	1	0	0	0
11	445.83	3.0564	1.8017	3.0564	1.8017	0	2	75	3.1058	4.2473	1	12.106	3.2474	0	-7.3438	3	-1	1	1	0	0	0
11	462.4	3.358	2.3164	3.358	2.3164	0	2	75	3.1058	4.2473	1	12.106	3.2474	0	-7.3438	3	-1	1	1	0	0	0
11	479	3.5993	2.7025	3.5993	2.7025	0	2	75	3.1058	4.2473	1	12.106	3.2474	0	-7.3438	3	-1	1	1	0	0	0
11	495.56	3.6999	2.8634	3.6999	2.8634	0	2	75	3.1058	4.2473	1	12.106	3.2474	0	-7.3438	3	-1	1	1	0	0	0
11	512.13	3.9411	3.1207	3.9411	3.1207	0	2	75	3.1058	4.2473	1	12.106	3.2474	0	-7.3438	3	-1	1	1	0	0	0
11	528.82	4.2227	3.346	4.2227	3.346	0	2	75	3.1058	4.2473	1	12.106	3.2474	0	-7.3438	3	-1	1	1	0	0	0
11	545.4	4.3433	3.4425	4.3433	3.4425	0	2	75	3.1058	4.2473	1	12.106	3.2474	0	-7.3438	3	-1	1	1	0	0	0
11	561.95	4.5846	3.6033	4.5846	3.6033	0	2	75	3.1058	4.2473	1	12.106	3.2474	0	-7.3438	3	-1	1	1	0	0	0
11	578.54	4.7656	3.732	4.7656	3.732	0	2	75	3.1058	4.2473	1	12.106	3.2474	0	-7.3438	3	-1	1	1	0	0	0
11	595.11	4.8259	3.7642	4.8259	3.7642	0	2	75	3.1058	4.2473	1	12.106	3.2474	0	-7.3438	3	-1	1	0	0	0	0
11	611.7	4.9264	3.8285	4.9264	3.8285	0	2	75	3.1058	4.2473	1	12.106	3.2474	0	-7.3438	3	-1	1	0	0	0	0
11	628.38	4.9666	3.8285	4.9666	3.8285	0	2	75	3.1058	4.2473	1	12.106	3.2474	0	-7.3438	3	-1	1	0	0	0	0
11	644.96	4.9666	3.8285	4.9666	3.8285	0	2	75	3.1058	4.2473	1	12.106	3.2474	0	-7.3438	3	-1	1	0	0	0	0
11	661.54	4.9666	3.8285	4.9666	3.8285	0	2	75	3.1058	4.2473	1	12.106	3.2474	0	-7.3438	3	-1	1	0	0	0	0
11	678.09	4.9666	3.8285	4.9666	3.8285	0	2	75	3.1058	4.2473	1	12.106	3.2474	0	-7.3438	3	-1	1	0	0	0	0
11	694.71	4.9666	3.8285	4.9666	3.8285	0	3	75	3.1058	4.2473	1	12.106	3.2474	0	-7.3438	3	-1	1	0	0	0	0
