0	7.725	0.48259	-7.3997	0.48259	-7.3997	0	1	90	0	4.6562	-1	-9	3.6562	0	-7.3438	3	-1	1	0	0	0	0
0	24.384	0.48259	-7.3997	0.48259	-7.3997	0	1	90	0	4.6562	-1	-9	3.6562	0	-7.3438	3	-1	1	0	0	0	0
0	40.953	0.48259	-7.3997	0.48259	-7.3997	0	1	90	0	4.6562	-1	-9	3.6562	0	-7.3438	3	-1	1	0	0	0	0
0	57.528	0.48259	-7.3997	0.48259	-7.3997	0	1	90	0	4.6562	-1	-9	3.6562	0	-7.3438	3	-1	1	0	0	0	0
0	74.287	0.48259	-7.3997	0.48259	-7.3997	0	1	90	0	4.6562	-1	-9	3.6562	0	-7.3438	3	-1	1	0	0	0	0
0	90.784	0.48259	-7.3997	0.48259	-7.3997	0	1	90	0	4.6562	-1	-9	3.6562	0	-7.3438	3	-1	1	0	0	0	0
0	107.41	0.48259	-7.3997	0.48259	-7.3997	0	1	90	0	4.6562	-1	-9	3.6562	0	-7.3438	3	-1	1	0	0	0	0
0	123.97	0.48259	-7.3997	0.48259	-7.3997	0	1	90	0	4.6562	-1	-9	3.6562	0	-7.3438	3	-1	1	0	0	0	0
0	140.55	0.48259	-7.3997	0.48259	-7.3997	0	1	90	0	4.6562	-1	-9	3.6562	0	-7.3438	3	-1	1	0	0	0	0
0	157.15	0.48259	-7.3997	0.48259	-7.3997	0	1	90	0	4.6562	-1	-9	3.6562	0	-7.3438	3	-1	1	0	0	0	0
0	173.72	0.48259	-7.3997	0.48259	-7.3997	0	1	90	0	4.6562	-1	-9	3.6562	0	-7.3438	3	-1	1	0	0	0	0
0	190.34	0.48259	-7.3997	0.48259	-7.3997	0	1	90	0	4.6562	-1	-9	3.6562	0	-7.3438	3	-1	1	0	0	0	0
0	207.05	0.48259	-7.3997	0.48259	-7.3997	0	1	90	0	4.6562	-1	-9	3.6562	0	-7.3438	3	-1	1	0	0	0	0
0	223.52	0.48259	-7.3997	0.48259	-7.3997	0	1	90	0	4.6562	-1	-9	3.6562	0	-7.3438	3	-1	1	0	0	0	0
0	240.17	0.48259	-7.3997	0.48259	-7.3997	0	1	90	0	4.6562	-1	-9	3.6562	0	-7.3438	3	-1	1	0	0	0	0
0	256.74	0.48259	-7.3997	0.48259	-7.3997	0	1	90	0	4.6562	-1	-9	3.6562	0	-7.3438	3	-1	1	0	0	0	0
0	273.47	0.48259	-7.3997	0.48259	-7.3997	0	1	90	0	4.6562	-1	-9	3.6562	0	-7.3438	3	-1	1	0	0	0	0
0	290.05	0.48259	-7.3997	0.48259	-7.3997	0	1	90	0	4.6562	-1	-9	3.6562	0	-7.3438	3	-1	1	0	0	0	0
0	306.75	0.48259	-7.3997	0.48259	-7.3997	0	1	90	0	4.6562	-1	-9	3.6562	0	-7.3438	3	-1	1	0	0	0	0
0	323.34	0.48259	-7.3997	0.48259	-7.3997	0	1	90	0	4.6562	-1	-9	3.6562	0	-7.3438	3	-1	1	0	0	0	0
0	339.92	0.48259	-7.3997	0.48259	-7.3997	0	1	90	0	4.6562	-1	-9	3.6562	0	-7.3438	3	-1	1	0	0	0	0
0	356.48	0.48259	-7.3997	0.48259	-7.3997	0	1	90	0	4.6562	-1	-9	3.6562	0	-7.3438	3	-1	1	0	0	0	0
0	373.05	0.48259	-7.3997	0.48259	-7.3997	0	1	90	0	4.6562	-1	-9	3.6562	0	-7.3438	3	-1	1	0	0	0	0
0	389.65	0.48259	-7.3997	0.48259	-7.3997	0	1	90	0	4.6562	-1	-9	3.6562	0	-7.3438	3	-1	1	0	0	0	0
0	406.27	0.48259	-7.3997	0.48259	-7.3997	0	1	90	0	4.6562	-1	-9	3.6562	0	-7.3438	3	-1	1	0	0	0	0
0	422.83	0.48259	-7.3997	0.48259	-7.3997	0	1	90	0	4.6562	-1	-9	3.6562	0	-7.3438	3	-1	1	0	0	0	0
0	439.43	0.48259	-7.3997	0.48259	-7.3997	0	1	90	0	4.6562	-1	-9	3.6562	0	-7.3438	3	-1	1	0	0	0	0
0	456.03	0.48259	-7.3997	0.48259	-7.3997	0	1	90	0	4.6562	-1	-9	3.6562	0	-7.3438	3	-1	1	0	0	0	0
0	472.65	0.48259	-7.3997	0.48259	-7.3997	0	1	90	0	4.6562	-1	-9	3.6562	0	-7.3438	3	-1	1	0	0	0	0
0	489.23	0.48259	-7.3997	0.48259	-7.3997	0	1	90	0	4.6562	-1	-9	3.6562	0	-7.3438	3	-1	1	0	0	0	0
0	505.8	0.48259	-7.3997	0.48259	-7.3997	0	1	90	0	4.6562	-1	-9	3.6562	0	-7.3438	3	-1	1	0	0	0	0
0	522.44	0.48259	-7.3997	0.48259	-7.3997	0	1	90	0	4.6562	-1	-9	3.6562	0	-7.3438	3	-1	1	0	0	0	0
0	538.99	0.48259	-7.3997	0.48259	-7.3997	0	1	90	0	4.6562	-1	-9	3.6562	0	-7.3438	3	-1	1	0	0	0	0
0	555.62	0.48259	-7.3997	0.48259	-7.3997	0	1	90	0	4.6562	-1	-9	3.6562	0	-7.3438	3	-1	1	0	0	0	0
0	572.22	0.48259	-7.3997	0.48259	-7.3997	0	1	90	0	4.6562	-1	-9	3.6562	0	-7.3438	3	-1	1	0	0	0	0
0	588.8	0.48259	-7.3997	0.48259	-7.3997	0	1	90	0	4.6562	-1	-9	3.6562	0	-7.3438	3	-1	1	0	0	0	0
0	605.36	0.48259	-7.3997	0.48259	-7.3997	0	1	90	0	4.6562	-1	-9	3.6562	0	-7.3438	3	-1	1	0	0	0	0
0	622	0.48259	-7.3997	0.48259	-7.3997	0	1	90	0	4.6562	-1	-9	3.6562	0	-7.3438	3	-1	1	0	0	0	0
0	638.59	0.48259	-7.3997	0.48259	-7.3997	0	1	90	0	4.6562	-1	-9	3.6562	0	-7.3438	3	-1	1	1	0	0	0
0	655.19	0.48259	-7.3997	0.48259	-7.3997	0	1	90	0	4.6562	-1	-9	3.6562	0	-7.3438	3	-1	1	1	0	0	0
0	671.84	0.5027	-7.3354	0.5027	-7.3354	0	1	90	0	4.6562	-1	-9	3.6562	0	-7.3438	3	-1	1	1	0	0	0
0	688.41	0.5027	-7.271	0.5027	-7.271	0	1	90	0	4.6562	-1	-9	3.6562	0	-7.3438	3	-1	1	1	0	0	0
0	705.05	0.58313	-7.1101	0.58313	-7.1101	0	1	90	0	4.6562	-1	-9	3.6562	0	-7.3438	3	-1	1	1	0	0	0
0	721.54	0.68367	-6.8528	0.68367	-6.8528	0	1	90	0	4.6562	-1	-9	3.6562	0	-7.3438	3	-1	1	1	0	0	0
0	738.12	0.80432	-6.5632	0.80432	-6.5632	0	1	90	0	4.6562	-1	-9	3.6562	0	-7.3438	3	-1	1	1	0	0	0
0	754.72	0.88475	-6.3702	0.88475	-6.3702	0	1	90	0	4.6562	-1	-9	3.6562	0	-7.3438	3	-1	1	1	0	0	0
0	771.32	1.0255	-6.0163	1.0255	-6.0163	0	1	90	0	4.6562	-1	-9	3.6562	0	-7.3438	3	-1	1	1	0	0	0
0	787.97	1.0858	-5.8232	1.0858	-5.8232	0	1	90	0	4.6562	-1	-9	3.6562	0	-7.3438	3	-1	1	1	0	0	0
0	804.55	1.2467	-5.4372	1.2467	-5.4372	0	1	90	0	4.6562	-1	-9	3.6562	0	-7.3438	3	-1	1	1	0	0	0
0	821.09	1.4076	-5.0189	1.4076	-5.0189	0	2	90	0	4.6562	-1	-9	3.6562	0	-7.3438	3	-1	1	1	0	0	0
0	837.76	1.5684	-4.6007	1.5684	-4.6007	0	2	90	0	4.6562	-1	-9	3.6562	0	-7.3438	3	-1	1	1	0	0	0
0	854.27	1.6488	-4.3755	1.6488	-4.3755	0	2	90	0	4.6562	-1	-9	3.6562	0	-7.3438	3	-1	1	1	0	0	0
0	870.91	1.8298	-3.9251	1.8298	-3.9251	0	2	90	0	4.6562	-1	-9	3.6562	0	-7.3438	3	-1	1	1	0	0	0
0	887.53	1.9102	-3.6999	1.9102	-3.6999	0	2	90	0	4.6562	-1	-9	3.6562	0	-7.3438	3	-1	1	1	0	0	0
0	904.12	2.0711	-3.2494	2.0711	-3.2494	0	2	90	0	4.6562	-1	-9	3.6562	0	-7.3438	3	-1	1	1	0	0	0
0	920.67	2.232	-2.799	2.232	-2.799	0	2	90	0	4.6562	-1	-9	3.6562	0	-7.3438	3	-1	1	1	0	0	0
0	937.24	2.3928	-2.3164	2.3928	-2.3164	0	2	90	0	4.6562	-1	-9	3.6562	0	-7.3438	3	-1	1	1	0	0	0
0	953.82	2.4934	-2.0912	2.4934	-2.0912	0	2	90	0	4.6562	-1	-9	3.6562	0	-7.3438	3	-1	1	1	0	0	0
0	970.53	2.6542	-1.5765	2.6542	-1.5765	0	2	90	0	4.6562	-1	-9	3.6562	0	-7.3438	3	-1	1	1	0	0	0
0	987.07	2.7548	-1.3191	2.7548	-1.3191	0	2	90	0	4.6562	-1	-9	3.6562	0	-7.3438	3	-1	1	1	0	0	0
0	1003.7	2.9358	-0.80432	2.9358	-0.80432	0	2	90	0	4.6562	-1	-9	3.6562	0	-7.3438	3	-1	1	1	0	0	0
0	1020.2	3.0162	-0.51476	3.0162	-0.51476	0	2	90	0	4.6562	-1	-9	3.6562	0	-7.3438	3	-1	1	1	0	1	0
0	1036.8	3.1972	0.032173	3.1972	0.032173	0	2	90	0	4.6562	-1	-9	3.6562	0	-7.3438	3	-1	1	1	0	0	0
0	1053.4	3.3781	0.61128	3.3781	0.61128	0	2	90	0	4.6562	-1	-9	3.6562	0	-7.3438	3	-1	1	1	0	0	0
0	1070	3.5591	1.1582	3.5591	1.1582	0	2	90	0	4.6562	-1	-9	3.6562	0	-7.3438	3	-1	1	1	0	0	0
0	1086.7	3.6395	1.4156	3.6395	1.4156	0	2	90	0	4.6562	-1	-9	3.6562	0	-7.3438	3	-1	1	1	0	0	0
0	1103.3	3.8205	1.9625	3.8205	1.9625	0	2	90	0	4.6562	-1	-9	3.6562	0	-7.3438	3	-1	1	1	0	0	0
0	1119.8	3.9009	2.1877	3.9009	2.1877	0	2	90	0	4.6562	-1	-9	3.6562	0	-7.3438	3	-1	1	1	0	0	0
0	1136.4	4.0417	2.606	4.0417	2.606	0	2	90	0	4.6562	-1	-9	3.6562	0	-7.3438	3	-1	1	1	0	0	0
0	1153	4.1422	2.8955	4.1422	2.8955	0	2	90	0	4.6562	-1	-9	3.6562	0	-7.3438	3	-1	1	1	0	0	0
0	1169.6	4.2025	3.1207	4.2025	3.1207	0	2	90	0	4.6562	-1	-9	3.6562	0	-7.3438	3	-1	1	1	0	0	0
0	1186.2	4.2227	3.1851	4.2227	3.1851	0	2	90	0	4.6562	-1	-9	3.6562	0	-7.3438	3	-1	1	1	0	0	0
0	1202.8	4.2428	3.2816	4.2428	3.2816	0	2	90	0	4.6562	-1	-9	3.6562	0	-7.3438	3	-1	1	0	0	0	0
0	1219.4	4.2428	3.3138	4.2428	3.3138	0	2	90	0	4.6562	-1	-9	3.6562	0	-7.3438	3	-1	1	0	0	0	0
0	1235.9	4.2428	3.346	4.2428	3.346	0	2	90	0	4.6562	-1	-9	3.6562	0	-7.3438	3	-1	1	0	0	0	0
0	1252.6	4.2428	3.346	4.2428	3.346	0	2	90	0	4.6562	-1	-9	3.6562	0	-7.3438	3	-1	1	0	0	0	0
0	1269.1	4.2428	3.346	4.2428	3.346	0	2	90	0	4.6562	-1	-9	3.6562	0	-7.3438	3	-1	1	0	0	0	0
0	1285.8	4.2428	3.346	4.2428	3.346	0	2	90	0	4.6562	-1	-9	3.6562	0	-7.3438	3	-1	1	0	0	0	0
0	1302.3	4.2428	3.346	4.2428	3.346	0	2	90	0	4.6562	-1	-9	3.6562	0	-7.3438	3	-1	1	0	0	0	0
0	1319	4.2428	3.346	4.2428	3.346	0	3	90	0	4.6562	-1	-9	3.6562	0	-7.3438	3	-1	1	0	0	0	0
1	30.544	0.56302	-7.3997	0.56302	-7.3997	0	1	75	3.1058	4.2473	-1	-5.8942	3.2474	0	-7.3438	3	-1	1	0	0	0	0
1	47.162	0.56302	-7.3997	0.56302	-7.3997	0	1	75	3.1058	4.2473	-1	-5.8942	3.2474	0	-7.3438	3	-1	1	0	0	0	0
1	63.788	0.56302	-7.3997	0.56302	-7.3997	0	1	75	3.1058	4.2473	-1	-5.8942	3.2474	0	-7.3438	3	-1	1	0	0	0	0
1	80.375	0.56302	-7.3997	0.56302	-7.3997	0	1	75	3.1058	4.2473	-1	-5.8942	3.2474	0	-7.3438	3	-1	1	0	0	0	0
1	96.953	0.56302	-7.3997	0.56302	-7.3997	0	1	75	3.1058	4.2473	-1	-5.8942	3.2474	0	-7.3438	3	-1	1	0	0	0	0
1	113.53	0.56302	-7.3997	0.56302	-7.3997	0	1	75	3.1058	4.2473	-1	-5.8942	3.2474	0	-7.3438	3	-1	1	0	0	0	0
1	130.13	0.56302	-7.3997	0.56302	-7.3997	0	1	75	3.1058	4.2473	-1	-5.8942	3.2474	0	-7.3438	3	-1	1	0	0	0	0
1	146.76	0.56302	-7.3997	0.56302	-7.3997	0	1	75	3.1058	4.2473	-1	-5.8942	3.2474	0	-7.3438	3	-1	1	0	0	0	0
1	163.3	0.56302	-7.3997	0.56302	-7.3997	0	1	75	3.1058	4.2473	-1	-5.8942	3.2474	0	-7.3438	3	-1	1	0	0	0	0
1	179.96	0.56302	-7.3997	0.56302	-7.3997	0	1	75	3.1058	4.2473	-1	-5.8942	3.2474	0	-7.3438	3	-1	1	0	0	0	0
1	196.54	0.56302	-7.3997	0.56302	-7.3997	0	1	75	3.1058	4.2473	-1	-5.8942	3.2474	0	-7.3438	3	-1	1	0	0	0	0
1	213.12	0.56302	-7.3997	0.56302	-7.3997	0	1	75	3.1058	4.2473	-1	-5.8942	3.2474	0	-7.3438	3	-1	1	0	0	0	0
1	229.69	0.56302	-7.3997	0.56302	-7.3997	0	1	75	3.1058	4.2473	-1	-5.8942	3.2474	0	-7.3438	3	-1	1	0	0	0	0
1	246.36	0.56302	-7.3997	0.56302	-7.3997	0	1	75	3.1058	4.2473	-1	-5.8942	3.2474	0	-7.3438	3	-1	1	0	0	0	0
1	262.87	0.56302	-7.3997	0.56302	-7.3997	0	1	75	3.1058	4.2473	-1	-5.8942	3.2474	0	-7.3438	3	-1	1	0	0	0	0
1	279.55	0.56302	-7.3997	0.56302	-7.3997	0	1	75	3.1058	4.2473	-1	-5.8942	3.2474	0	-7.3438	3	-1	1	0	0	0	0
1	296.12	0.56302	-7.3997	0.56302	-7.3997	0	1	75	3.1058	4.2473	-1	-5.8942	3.2474	0	-7.3438	3	-1	1	0	0	0	0
1	312.73	0.56302	-7.3997	0.56302	-7.3997	0	1	75	3.1058	4.2473	-1	-5.8942	3.2474	0	-7.3438	3	-1	1	0	0	0	0
1	329.32	0.56302	-7.3997	0.56302	-7.3997	0	1	75	3.1058	4.2473	-1	-5.8942	3.2474	0	-7.3438	3	-1	1	0	0	0	0
1	345.85	0.56302	-7.3997	0.56302	-7.3997	0	1	75	3.1058	4.2473	-1	-5.8942	3.2474	0	-7.3438	3	-1	1	0	0	0	0
1	362.46	0.56302	-7.3997	0.56302	-7.3997	0	1	75	3.1058	4.2473	-1	-5.8942	3.2474	0	-7.3438	3	-1	1	0	0	0	0
1	378.98	0.56302	-7.3997	0.56302	-7.3997	0	1	75	3.1058	4.2473	-1	-5.8942	3.2474	0	-7.3438	3	-1	1	0	0	0	0
1	395.63	0.56302	-7.3997	0.56302	-7.3997	0	1	75	3.1058	4.2473	-1	-5.8942	3.2474	0	-7.3438	3	-1	1	0	0	0	0
1	412.28	0.56302	-7.3997	0.56302	-7.3997	0	1	75	3.1058	4.2473	-1	-5.8942	3.2474	0	-7.3438	3	-1	1	0	0	0	0
1	428.85	0.56302	-7.3997	0.56302	-7.3997	0	1	75	3.1058	4.2473	-1	-5.8942	3.2474	0	-7.3438	3	-1	1	0	0	0	0
1	445.43	0.56302	-7.3997	0.56302	-7.3997	0	1	75	3.1058	4.2473	-1	-5.8942	3.2474	0	-7.3438	3	-1	1	0	0	0	0
1	462.04	0.56302	-7.3997	0.56302	-7.3997	0	1	75	3.1058	4.2473	-1	-5.8942	3.2474	0	-7.3438	3	-1	1	0	0	0	0
1	478.67	0.56302	-7.3997	0.56302	-7.3997	0	1	75	3.1058	4.2473	-1	-5.8942	3.2474	0	-7.3438	3	-1	1	0	0	0	0
1	495.25	0.56302	-7.3997	0.56302	-7.3997	0	1	75	3.1058	4.2473	-1	-5.8942	3.2474	0	-7.3438	3	-1	1	0	0	0	0
1	511.83	0.56302	-7.3997	0.56302	-7.3997	0	1	75	3.1058	4.2473	-1	-5.8942	3.2474	0	-7.3438	3	-1	1	0	0	0	0
1	528.44	0.56302	-7.3997	0.56302	-7.3997	0	1	75	3.1058	4.2473	-1	-5.8942	3.2474	0	-7.3438	3	-1	1	0	0	0	0
1	545.03	0.58313	-7.3997	0.58313	-7.3997	0	1	75	3.1058	4.2473	-1	-5.8942	3.2474	0	-7.3438	3	-1	1	0	0	0	0
1	561.59	0.58313	-7.3997	0.58313	-7.3997	0	1	75	3.1058	4.2473	-1	-5.8942	3.2474	0	-7.3438	3	-1	1	1	0	0	0
1	578.21	0.58313	-7.3997	0.58313	-7.3997	0	1	75	3.1058	4.2473	-1	-5.8942	3.2474	0	-7.3438	3	-1	1	1	0	0	0
1	594.79	0.62334	-7.3354	0.62334	-7.3354	0	1	75	3.1058	4.2473	-1	-5.8942	3.2474	0	-7.3438	3	-1	1	1	0	0	0
1	611.39	0.64345	-7.3032	0.64345	-7.3032	0	1	75	3.1058	4.2473	-1	-5.8942	3.2474	0	-7.3438	3	-1	1	1	0	0	0
1	628	0.72388	-7.1745	0.72388	-7.1745	0	1	75	3.1058	4.2473	-1	-5.8942	3.2474	0	-7.3438	3	-1	1	1	0	0	0
1	644.61	0.84453	-6.9815	0.84453	-6.9815	0	1	75	3.1058	4.2473	-1	-5.8942	3.2474	0	-7.3438	3	-1	1	1	0	0	0
1	661.12	0.96518	-6.7562	0.96518	-6.7562	0	1	75	3.1058	4.2473	-1	-5.8942	3.2474	0	-7.3438	3	-1	1	1	0	0	0
1	677.77	1.0456	-6.5954	1.0456	-6.5954	0	1	75	3.1058	4.2473	-1	-5.8942	3.2474	0	-7.3438	3	-1	1	1	0	0	0
1	694.33	1.2266	-6.3058	1.2266	-6.3058	0	1	75	3.1058	4.2473	-1	-5.8942	3.2474	0	-7.3438	3	-1	1	1	0	0	0
1	710.96	1.3271	-6.1128	1.3271	-6.1128	0	1	75	3.1058	4.2473	-1	-5.8942	3.2474	0	-7.3438	3	-1	1	1	0	0	0
1	727.56	1.5282	-5.7589	1.5282	-5.7589	0	1	75	3.1058	4.2473	-1	-5.8942	3.2474	0	-7.3438	3	-1	1	1	0	0	0
1	744.22	1.7896	-5.3728	1.7896	-5.3728	0	2	75	3.1058	4.2473	-1	-5.8942	3.2474	0	-7.3438	3	-1	1	1	0	0	0
1	760.77	2.051	-4.9546	2.051	-4.9546	0	2	75	3.1058	4.2473	-1	-5.8942	3.2474	0	-7.3438	3	-1	1	1	0	0	0
1	777.3	2.1918	-4.7294	2.1918	-4.7294	0	2	75	3.1058	4.2473	-1	-5.8942	3.2474	0	-7.3438	3	-1	1	1	0	0	0
1	793.95	2.5135	-4.2468	2.5135	-4.2468	0	2	75	3.1058	4.2473	-1	-5.8942	3.2474	0	-7.3438	3	-1	1	1	0	0	0
1	810.61	2.6743	-4.0216	2.6743	-4.0216	0	2	75	3.1058	4.2473	-1	-5.8942	3.2474	0	-7.3438	3	-1	1	1	0	0	0
1	827.14	3.0363	-3.5712	3.0363	-3.5712	0	2	75	3.1058	4.2473	-1	-5.8942	3.2474	0	-7.3438	3	-1	1	1	0	0	0
1	843.75	3.2173	-3.3138	3.2173	-3.3138	0	2	75	3.1058	4.2473	-1	-5.8942	3.2474	0	-7.3438	3	-1	1	1	0	0	0
1	860.28	3.6194	-2.8312	3.6194	-2.8312	0	2	75	3.1058	4.2473	-1	-5.8942	3.2474	0	-7.3438	3	-1	1	1	0	1	0
1	876.89	4.0417	-2.3486	4.0417	-2.3486	0	2	75	3.1058	4.2473	-1	-5.8942	3.2474	0	-7.3438	3	-1	1	1	0	0	0
1	893.44	4.4841	-1.8982	4.4841	-1.8982	0	2	75	3.1058	4.2473	-1	-5.8942	3.2474	0	-7.3438	3	-1	1	1	0	0	0
1	910.03	4.7052	-1.673	4.7052	-1.673	0	2	75	3.1058	4.2473	-1	-5.8942	3.2474	0	-7.3438	3	-1	1	1	0	0	0
1	926.71	5.1074	-1.2547	5.1074	-1.2547	0	2	75	3.1058	4.2473	-1	-5.8942	3.2474	0	-7.3438	3	-1	1	1	0	0	0
1	943.3	5.3085	-1.0617	5.3085	-1.0617	0	2	75	3.1058	4.2473	-1	-5.8942	3.2474	0	-7.3438	3	-1	1	1	0	0	0
1	959.91	5.7106	-0.67563	5.7106	-0.67562	0	2	75	3.1058	4.2473	-1	-5.8942	3.2474	0	-7.3438	3	-1	1	1	0	0	0
1	976.49	6.0927	-0.28955	6.0927	-0.28955	0	2	75	3.1058	4.2473	-1	-5.8942	3.2474	0	-7.3438	3	-1	1	1	0	0	0
1	993.13	6.4144	0.032173	6.4144	0.032173	0	2	75	3.1058	4.2473	-1	-5.8942	3.2474	0	-7.3438	3	-1	1	1	0	0	0
1	1009.7	6.5753	0.19304	6.5753	0.19304	0	2	75	3.1058	4.2473	-1	-5.8942	3.2474	0	-7.3438	3	-1	1	1	0	0	0
1	1026.3	6.8367	0.41824	6.8367	0.41824	0	2	75	3.1058	4.2473	-1	-5.8942	3.2474	0	-7.3438	3	-1	1	1	0	0	0
1	1042.8	6.9372	0.51476	6.9372	0.51476	0	2	75	3.1058	4.2473	-1	-5.8942	3.2474	0	-7.3438	3	-1	1	1	0	0	0
1	1059.5	7.0981	0.64345	7.0981	0.64345	0	2	75	3.1058	4.2473	-1	-5.8942	3.2474	0	-7.3438	3	-1	1	1	0	0	0
1	1076.1	7.2187	0.73997	7.2187	0.73997	0	2	75	3.1058	4.2473	-1	-5.8942	3.2474	0	-7.3438	3	-1	1	0	0	0	0
1	1092.7	7.2589	0.77214	7.2589	0.77214	0	2	75	3.1058	4.2473	-1	-5.8942	3.2474	0	-7.3438	3	-1	1	0	0	0	0
1	1109.2	7.2992	0.80432	7.2992	0.80432	0	2	75	3.1058	4.2473	-1	-5.8942	3.2474	0	-7.3438	3	-1	1	0	0	0	0
1	1125.8	7.3394	0.83649	7.3394	0.83649	0	2	75	3.1058	4.2473	-1	-5.8942	3.2474	0	-7.3438	3	-1	1	0	0	0	0
1	1142.4	7.3394	0.83649	7.3394	0.83649	0	2	75	3.1058	4.2473	-1	-5.8942	3.2474	0	-7.3438	3	-1	1	0	0	0	0
1	1159	7.3394	0.83649	7.3394	0.83649	0	2	75	3.1058	4.2473	-1	-5.8942	3.2474	0	-7.3438	3	-1	1	0	0	0	0
1	1175.6	7.3394	0.83649	7.3394	0.83649	0	2	75	3.1058	4.2473	-1	-5.8942	3.2474	0	-7.3438	3	-1	1	0	0	0	0
1	1192.4	7.3394	0.83649	7.3394	0.83649	0	3	75	3.1058	4.2473	-1	-5.8942	3.2474	0	-7.3438	3	-1	1	0	0	0	0
2	30.495	0.62334	-7.3997	0.62334	-7.3997	0	1	105	-3.1058	4.2473	-1	-12.106	3.2474	0	-7.3438	3	-1	1	0	0	0	0
2	47.053	0.62334	-7.3997	0.62334	-7.3997	0	1	105	-3.1058	4.2473	-1	-12.106	3.2474	0	-7.3438	3	-1	1	0	0	0	0
2	63.658	0.62334	-7.3997	0.62334	-7.3997	0	1	105	-3.1058	4.2473	-1	-12.106	3.2474	0	-7.3438	3	-1	1	0	0	0	0
2	80.271	0.62334	-7.3997	0.62334	-7.3997	0	1	105	-3.1058	4.2473	-1	-12.106	3.2474	0	-7.3438	3	-1	1	0	0	0	0
2	96.876	0.62334	-7.3997	0.62334	-7.3997	0	1	105	-3.1058	4.2473	-1	-12.106	3.2474	0	-7.3438	3	-1	1	0	0	0	0
2	113.42	0.62334	-7.3997	0.62334	-7.3997	0	1	105	-3.1058	4.2473	-1	-12.106	3.2474	0	-7.3438	3	-1	1	0	0	0	0
2	130	0.62334	-7.3997	0.62334	-7.3997	0	1	105	-3.1058	4.2473	-1	-12.106	3.2474	0	-7.3438	3	-1	1	0	0	0	0
2	146.68	0.62334	-7.3997	0.62334	-7.3997	0	1	105	-3.1058	4.2473	-1	-12.106	3.2474	0	-7.3438	3	-1	1	0	0	0	0
2	163.22	0.62334	-7.3997	0.62334	-7.3997	0	1	105	-3.1058	4.2473	-1	-12.106	3.2474	0	-7.3438	3	-1	1	0	0	0	0
2	179.82	0.62334	-7.3997	0.62334	-7.3997	0	1	105	-3.1058	4.2473	-1	-12.106	3.2474	0	-7.3438	3	-1	1	0	0	0	0
2	196.44	0.62334	-7.3997	0.62334	-7.3997	0	1	105	-3.1058	4.2473	-1	-12.106	3.2474	0	-7.3438	3	-1	1	0	0	0	0
2	212.98	0.62334	-7.3997	0.62334	-7.3997	0	1	105	-3.1058	4.2473	-1	-12.106	3.2474	0	-7.3438	3	-1	1	0	0	0	0
2	229.59	0.62334	-7.3997	0.62334	-7.3997	0	1	105	-3.1058	4.2473	-1	-12.106	3.2474	0	-7.3438	3	-1	1	0	0	0	0
2	246.15	0.62334	-7.3997	0.62334	-7.3997	0	1	105	-3.1058	4.2473	-1	-12.106	3.2474	0	-7.3438	3	-1	1	0	0	0	0
2	262.75	0.62334	-7.3997	0.62334	-7.3997	0	1	105	-3.1058	4.2473	-1	-12.106	3.2474	0	-7.3438	3	-1	1	0	0	0	0
2	279.39	0.62334	-7.3997	0.62334	-7.3997	0	1	105	-3.1058	4.2473	-1	-12.106	3.2474	0	-7.3438	3	-1	1	0	0	0	0
2	296.01	0.62334	-7.3997	0.62334	-7.3997	0	1	105	-3.1058	4.2473	-1	-12.106	3.2474	0	-7.3438	3	-1	1	0	0	0	0
2	312.57	0.62334	-7.3997	0.62334	-7.3997	0	1	105	-3.1058	4.2473	-1	-12.106	3.2474	0	-7.3438	3	-1	1	0	0	0	0
2	329.15	0.62334	-7.3997	0.62334	-7.3997	0	1	105	-3.1058	4.2473	-1	-12.106	3.2474	0	-7.3438	3	-1	1	0	0	0	0
2	345.76	0.62334	-7.3997	0.62334	-7.3997	0	1	105	-3.1058	4.2473	-1	-12.106	3.2474	0	-7.3438	3	-1	1	0	0	0	0
2	362.35	0.62334	-7.3997	0.62334	-7.3997	0	1	105	-3.1058	4.2473	-1	-12.106	3.2474	0	-7.3438	3	-1	1	0	0	0	0
2	378.89	0.62334	-7.3997	0.62334	-7.3997	0	1	105	-3.1058	4.2473	-1	-12.106	3.2474	0	-7.3438	3	-1	1	0	0	0	0
2	395.59	0.62334	-7.3997	0.62334	-7.3997	0	1	105	-3.1058	4.2473	-1	-12.106	3.2474	0	-7.3438	3	-1	1	0	0	0	0
2	412.17	0.62334	-7.3997	0.62334	-7.3997	0	1	105	-3.1058	4.2473	-1	-12.106	3.2474	0	-7.3438	3	-1	1	0	0	0	0
2	428.74	0.62334	-7.3997	0.62334	-7.3997	0	1	105	-3.1058	4.2473	-1	-12.106	3.2474	0	-7.3438	3	-1	1	0	0	0	0
2	445.32	0.62334	-7.3997	0.62334	-7.3997	0	1	105	-3.1058	4.2473	-1	-12.106	3.2474	0	-7.3438	3	-1	1	0	0	0	0
2	461.91	0.62334	-7.3997	0.62334	-7.3997	0	1	105	-3.1058	4.2473	-1	-12.106	3.2474	0	-7.3438	3	-1	1	0	0	0	0
2	478.54	0.62334	-7.3997	0.62334	-7.3997	0	1	105	-3.1058	4.2473	-1	-12.106	3.2474	0	-7.3438	3	-1	1	0	0	0	0
2	495.11	0.62334	-7.3997	0.62334	-7.3997	0	1	105	-3.1058	4.2473	-1	-12.106	3.2474	0	-7.3438	3	-1	1	0	0	0	0
2	511.7	0.62334	-7.3997	0.62334	-7.3997	0	1	105	-3.1058	4.2473	-1	-12.106	3.2474	0	-7.3438	3	-1	1	0	0	0	0
2	528.32	0.62334	-7.3997	0.62334	-7.3997	0	1	105	-3.1058	4.2473	-1	-12.106	3.2474	0	-7.3438	3	-1	1	0	0	0	0
2	544.92	0.62334	-7.3997	0.62334	-7.3997	0	1	105	-3.1058	4.2473	-1	-12.106	3.2474	0	-7.3438	3	-1	1	0	0	0	0
2	561.46	0.62334	-7.3997	0.62334	-7.3997	0	1	105	-3.1058	4.2473	-1	-12.106	3.2474	0	-7.3438	3	-1	1	0	0	0	0
2	578.07	0.62334	-7.3997	0.62334	-7.3997	0	1	105	-3.1058	4.2473	-1	-12.106	3.2474	0	-7.3438	3	-1	1	0	0	0	0
2	594.7	0.62334	-7.3997	0.62334	-7.3997	0	1	105	-3.1058	4.2473	-1	-12.106	3.2474	0	-7.3438	3	-1	1	0	0	0	0
2	611.26	0.62334	-7.3997	0.62334	-7.3997	0	1	105	-3.1058	4.2473	-1	-12.106	3.2474	0	-7.3438	3	-1	1	0	0	0	0
2	627.86	0.62334	-7.3997	0.62334	-7.3997	0	1	105	-3.1058	4.2473	-1	-12.106	3.2474	0	-7.3438	3	-1	1	1	0	0	0
2	644.48	0.64345	-7.3354	0.64345	-7.3354	0	1	105	-3.1058	4.2473	-1	-12.106	3.2474	0	-7.3438	3	-1	1	1	0	0	0
2	661.07	0.64345	-7.1745	0.64345	-7.1745	0	1	105	-3.1058	4.2473	-1	-12.106	3.2474	0	-7.3438	3	-1	1	1	0	0	0
2	677.62	0.64345	-7.078	0.64345	-7.078	0	1	105	-3.1058	4.2473	-1	-12.106	3.2474	0	-7.3438	3	-1	1	1	0	0	0
2	694.25	0.62334	-6.8206	0.62334	-6.8206	0	1	105	-3.1058	4.2473	-1	-12.106	3.2474	0	-7.3438	3	-1	1	1	0	0	0
2	710.91	0.62334	-6.6597	0.62334	-6.6597	0	1	105	-3.1058	4.2473	-1	-12.106	3.2474	0	-7.3438	3	-1	1	1	0	0	0
2	727.62	0.60324	-6.3058	0.60324	-6.3058	0	1	105	-3.1058	4.2473	-1	-12.106	3.2474	0	-7.3438	3	-1	1	1	0	0	0
2	744.03	0.58313	-5.9198	0.58313	-5.9198	0	1	105	-3.1058	4.2473	-1	-12.106	3.2474	0	-7.3438	3	-1	1	1	0	0	0
2	760.41	0.58313	-5.6946	0.58313	-5.6946	0	1	105	-3.1058	4.2473	-1	-12.106	3.2474	0	-7.3438	3	-1	1	1	0	0	0
2	777.21	0.54291	-5.2441	0.54291	-5.2441	0	1	105	-3.1058	4.2473	-1	-12.106	3.2474	0	-7.3438	3	-1	1	1	0	0	0
2	793.77	0.52281	-4.7294	0.52281	-4.7294	0	2	105	-3.1058	4.2473	-1	-12.106	3.2474	0	-7.3438	3	-1	1	1	0	0	0
2	810.36	0.52281	-4.472	0.52281	-4.472	0	2	105	-3.1058	4.2473	-1	-12.106	3.2474	0	-7.3438	3	-1	1	1	0	0	0
2	826.94	0.48259	-3.8929	0.48259	-3.8929	0	2	105	-3.1058	4.2473	-1	-12.106	3.2474	0	-7.3438	3	-1	1	1	0	0	0
2	843.61	0.46248	-3.346	0.46248	-3.346	0	2	105	-3.1058	4.2473	-1	-12.106	3.2474	0	-7.3438	3	-1	1	1	0	0	0
2	860.19	0.44237	-3.0242	0.44237	-3.0242	0	2	105	-3.1058	4.2473	-1	-12.106	3.2474	0	-7.3438	3	-1	1	1	0	0	0
2	876.78	0.42227	-2.4129	0.42227	-2.4129	0	2	105	-3.1058	4.2473	-1	-12.106	3.2474	0	-7.3438	3	-1	1	1	0	0	0
2	893.36	0.40216	-1.7373	0.40216	-1.7373	0	2	105	-3.1058	4.2473	-1	-12.106	3.2474	0	-7.3438	3	-1	1	1	0	0	0
2	909.96	0.38205	-1.4156	0.38205	-1.4156	0	2	105	-3.1058	4.2473	-1	-12.106	3.2474	0	-7.3438	3	-1	1	1	0	1	0
2	926.57	0.36194	-0.73997	0.36194	-0.73997	0	2	105	-3.1058	4.2473	-1	-12.106	3.2474	0	-7.3438	3	-1	1	1	0	0	0
2	943.17	0.32173	-0.064345	0.32173	-0.064345	0	2	105	-3.1058	4.2473	-1	-12.106	3.2474	0	-7.3438	3	-1	1	1	0	0	0
2	959.75	0.32173	0.28955	0.32173	0.28955	0	2	105	-3.1058	4.2473	-1	-12.106	3.2474	0	-7.3438	3	-1	1	1	0	0	0
2	976.38	0.2614	0.96518	0.2614	0.96518	0	2	105	-3.1058	4.2473	-1	-12.106	3.2474	0	-7.3438	3	-1	1	1	0	0	0
2	992.95	0.22119	1.6408	0.22119	1.6408	0	2	105	-3.1058	4.2473	-1	-12.106	3.2474	0	-7.3438	3	-1	1	1	0	0	0
2	1009.5	0.22119	1.9625	0.22119	1.9625	0	2	105	-3.1058	4.2473	-1	-12.106	3.2474	0	-7.3438	3	-1	1	1	0	0	0
2	1026.1	0.18097	2.5738	0.18097	2.5738	0	2	105	-3.1058	4.2473	-1	-12.106	3.2474	0	-7.3438	3	-1	1	1	0	0	0
2	1042.7	0.16086	3.0564	0.16086	3.0564	0	2	105	-3.1058	4.2473	-1	-12.106	3.2474	0	-7.3438	3	-1	1	1	0	0	0
2	1059.3	0.16086	3.2173	0.16086	3.2173	0	2	105	-3.1058	4.2473	-1	-12.106	3.2474	0	-7.3438	3	-1	1	1	0	0	0
2	1075.9	0.14076	3.4425	0.14076	3.4425	0	2	105	-3.1058	4.2473	-1	-12.106	3.2474	0	-7.3438	3	-1	1	0	0	0	0
2	1092.5	0.14076	3.5068	0.14076	3.5068	0	2	105	-3.1058	4.2473	-1	-12.106	3.2474	0	-7.3438	3	-1	1	0	0	0	0
2	1109.1	0.14076	3.5712	0.14076	3.5712	0	2	105	-3.1058	4.2473	-1	-12.106	3.2474	0	-7.3438	3	-1	1	0	0	0	0
2	1125.7	0.12065	3.5712	0.12065	3.5712	0	2	105	-3.1058	4.2473	-1	-12.106	3.2474	0	-7.3438	3	-1	1	0	0	0	0
2	1142.3	0.12065	3.5712	0.12065	3.5712	0	2	105	-3.1058	4.2473	-1	-12.106	3.2474	0	-7.3438	3	-1	1	0	0	0	0
2	1158.9	0.12065	3.5712	0.12065	3.5712	0	2	105	-3.1058	4.2473	-1	-12.106	3.2474	0	-7.3438	3	-1	1	0	0	0	0
2	1175.5	0.12065	3.5712	0.12065	3.5712	0	2	105	-3.1058	4.2473	-1	-12.106	3.2474	0	-7.3438	3	-1	1	0	0	0	0
2	1192.1	0.12065	3.5712	0.12065	3.5712	0	2	105	-3.1058	4.2473	-1	-12.106	3.2474	0	-7.3438	3	-1	1	0	0	0	0
2	1208.7	0.12065	3.5712	0.12065	3.5712	0	3	105	-3.1058	4.2473	-1	-12.106	3.2474	0	-7.3438	3	-1	1	0	0	0	0
3	30.528	0.64345	-7.3997	0.64345	-7.3997	0	1	75	3.1058	4.2473	-1	-5.8942	3.2474	0	-7.3438	3	-1	1	0	0	0	0
3	47.107	0.64345	-7.3997	0.64345	-7.3997	0	1	75	3.1058	4.2473	-1	-5.8942	3.2474	0	-7.3438	3	-1	1	0	0	0	0
3	63.665	0.64345	-7.3997	0.64345	-7.3997	0	1	75	3.1058	4.2473	-1	-5.8942	3.2474	0	-7.3438	3	-1	1	0	0	0	0
3	80.288	0.64345	-7.3997	0.64345	-7.3997	0	1	75	3.1058	4.2473	-1	-5.8942	3.2474	0	-7.3438	3	-1	1	0	0	0	0
3	96.872	0.64345	-7.3997	0.64345	-7.3997	0	1	75	3.1058	4.2473	-1	-5.8942	3.2474	0	-7.3438	3	-1	1	0	0	0	0
3	113.5	0.64345	-7.3997	0.64345	-7.3997	0	1	75	3.1058	4.2473	-1	-5.8942	3.2474	0	-7.3438	3	-1	1	0	0	0	0
3	130.09	0.64345	-7.3997	0.64345	-7.3997	0	1	75	3.1058	4.2473	-1	-5.8942	3.2474	0	-7.3438	3	-1	1	0	0	0	0
3	146.66	0.64345	-7.3997	0.64345	-7.3997	0	1	75	3.1058	4.2473	-1	-5.8942	3.2474	0	-7.3438	3	-1	1	0	0	0	0
3	163.27	0.64345	-7.3997	0.64345	-7.3997	0	1	75	3.1058	4.2473	-1	-5.8942	3.2474	0	-7.3438	3	-1	1	0	0	0	0
3	179.84	0.64345	-7.3997	0.64345	-7.3997	0	1	75	3.1058	4.2473	-1	-5.8942	3.2474	0	-7.3438	3	-1	1	0	0	0	0
3	196.44	0.64345	-7.3997	0.64345	-7.3997	0	1	75	3.1058	4.2473	-1	-5.8942	3.2474	0	-7.3438	3	-1	1	0	0	0	0
3	212.99	0.64345	-7.3997	0.64345	-7.3997	0	1	75	3.1058	4.2473	-1	-5.8942	3.2474	0	-7.3438	3	-1	1	0	0	0	0
3	229.65	0.64345	-7.3997	0.64345	-7.3997	0	1	75	3.1058	4.2473	-1	-5.8942	3.2474	0	-7.3438	3	-1	1	0	0	0	0
3	246.24	0.64345	-7.3997	0.64345	-7.3997	0	1	75	3.1058	4.2473	-1	-5.8942	3.2474	0	-7.3438	3	-1	1	0	0	0	0
3	262.77	0.64345	-7.3997	0.64345	-7.3997	0	1	75	3.1058	4.2473	-1	-5.8942	3.2474	0	-7.3438	3	-1	1	0	0	0	0
3	279.39	0.64345	-7.3997	0.64345	-7.3997	0	1	75	3.1058	4.2473	-1	-5.8942	3.2474	0	-7.3438	3	-1	1	0	0	0	0
3	296	0.64345	-7.3997	0.64345	-7.3997	0	1	75	3.1058	4.2473	-1	-5.8942	3.2474	0	-7.3438	3	-1	1	0	0	0	0
3	312.6	0.64345	-7.3997	0.64345	-7.3997	0	1	75	3.1058	4.2473	-1	-5.8942	3.2474	0	-7.3438	3	-1	1	0	0	0	0
3	329.13	0.64345	-7.3997	0.64345	-7.3997	0	1	75	3.1058	4.2473	-1	-5.8942	3.2474	0	-7.3438	3	-1	1	0	0	0	0
3	345.79	0.64345	-7.3997	0.64345	-7.3997	0	1	75	3.1058	4.2473	-1	-5.8942	3.2474	0	-7.3438	3	-1	1	0	0	0	0
3	362.41	0.64345	-7.3997	0.64345	-7.3997	0	1	75	3.1058	4.2473	-1	-5.8942	3.2474	0	-7.3438	3	-1	1	0	0	0	0
3	378.99	0.64345	-7.3997	0.64345	-7.3997	0	1	75	3.1058	4.2473	-1	-5.8942	3.2474	0	-7.3438	3	-1	1	0	0	0	0
3	395.56	0.64345	-7.3997	0.64345	-7.3997	0	1	75	3.1058	4.2473	-1	-5.8942	3.2474	0	-7.3438	3	-1	1	0	0	0	0
3	412.14	0.64345	-7.3997	0.64345	-7.3997	0	1	75	3.1058	4.2473	-1	-5.8942	3.2474	0	-7.3438	3	-1	1	0	0	0	0
3	428.83	0.64345	-7.3997	0.64345	-7.3997	0	1	75	3.1058	4.2473	-1	-5.8942	3.2474	0	-7.3438	3	-1	1	0	0	0	0
3	445.53	0.64345	-7.3997	0.64345	-7.3997	0	1	75	3.1058	4.2473	-1	-5.8942	3.2474	0	-7.3438	3	-1	1	0	0	0	0
3	461.97	0.64345	-7.3997	0.64345	-7.3997	0	1	75	3.1058	4.2473	-1	-5.8942	3.2474	0	-7.3438	3	-1	1	0	0	0	0
3	478.56	0.64345	-7.3997	0.64345	-7.3997	0	1	75	3.1058	4.2473	-1	-5.8942	3.2474	0	-7.3438	3	-1	1	0	0	0	0
3	495.15	0.64345	-7.3997	0.64345	-7.3997	0	1	75	3.1058	4.2473	-1	-5.8942	3.2474	0	-7.3438	3	-1	1	0	0	0	0
3	511.72	0.64345	-7.3997	0.64345	-7.3997	0	1	75	3.1058	4.2473	-1	-5.8942	3.2474	0	-7.3438	3	-1	1	0	0	0	0
3	528.3	0.64345	-7.3997	0.64345	-7.3997	0	1	75	3.1058	4.2473	-1	-5.8942	3.2474	0	-7.3438	3	-1	1	0	0	0	0
3	544.89	0.64345	-7.3997	0.64345	-7.3997	0	1	75	3.1058	4.2473	-1	-5.8942	3.2474	0	-7.3438	3	-1	1	0	0	0	0
3	561.52	0.64345	-7.3997	0.64345	-7.3997	0	1	75	3.1058	4.2473	-1	-5.8942	3.2474	0	-7.3438	3	-1	1	0	0	0	0
3	578.12	0.64345	-7.3997	0.64345	-7.3997	0	1	75	3.1058	4.2473	-1	-5.8942	3.2474	0	-7.3438	3	-1	1	0	0	0	0
3	594.72	0.64345	-7.3997	0.64345	-7.3997	0	1	75	3.1058	4.2473	-1	-5.8942	3.2474	0	-7.3438	3	-1	1	0	0	0	0
3	611.27	0.64345	-7.3997	0.64345	-7.3997	0	1	75	3.1058	4.2473	-1	-5.8942	3.2474	0	-7.3438	3	-1	1	0	0	0	0
3	627.88	0.64345	-7.3997	0.64345	-7.3997	0	1	75	3.1058	4.2473	-1	-5.8942	3.2474	0	-7.3438	3	-1	1	0	0	0	0
3	644.5	0.64345	-7.3997	0.64345	-7.3997	0	1	75	3.1058	4.2473	-1	-5.8942	3.2474	0	-7.3438	3	-1	1	1	0	0	0
3	661	0.66356	-7.3675	0.66356	-7.3675	0	1	75	3.1058	4.2473	-1	-5.8942	3.2474	0	-7.3438	3	-1	1	1	0	0	0
3	677.67	0.72388	-7.271	0.72388	-7.271	0	1	75	3.1058	4.2473	-1	-5.8942	3.2474	0	-7.3438	3	-1	1	1	0	0	0
3	694.28	0.78421	-7.1745	0.78421	-7.1745	0	1	75	3.1058	4.2473	-1	-5.8942	3.2474	0	-7.3438	3	-1	1	1	0	0	0
3	710.84	0.92496	-6.9493	0.92496	-6.9493	0	1	75	3.1058	4.2473	-1	-5.8942	3.2474	0	-7.3438	3	-1	1	1	0	0	0
3	727.41	1.1059	-6.6597	1.1059	-6.6597	0	1	75	3.1058	4.2473	-1	-5.8942	3.2474	0	-7.3438	3	-1	1	1	0	0	0
3	743.97	1.2266	-6.4667	1.2266	-6.4667	0	1	75	3.1058	4.2473	-1	-5.8942	3.2474	0	-7.3438	3	-1	1	1	0	0	0
3	760.65	1.488	-6.0485	1.488	-6.0485	0	1	75	3.1058	4.2473	-1	-5.8942	3.2474	0	-7.3438	3	-1	1	1	0	0	0
3	777.22	1.8097	-5.598	1.8097	-5.598	0	1	75	3.1058	4.2473	-1	-5.8942	3.2474	0	-7.3438	3	-1	1	1	0	0	0
3	793.82	1.9706	-5.3407	1.9706	-5.3407	0	2	75	3.1058	4.2473	-1	-5.8942	3.2474	0	-7.3438	3	-1	1	1	0	0	0
3	810.45	2.3124	-4.7937	2.3124	-4.7937	0	2	75	3.1058	4.2473	-1	-5.8942	3.2474	0	-7.3438	3	-1	1	1	0	0	0
3	827.02	2.6743	-4.2146	2.6743	-4.2146	0	2	75	3.1058	4.2473	-1	-5.8942	3.2474	0	-7.3438	3	-1	1	1	0	0	0
3	843.56	2.8754	-3.9251	2.8754	-3.9251	0	2	75	3.1058	4.2473	-1	-5.8942	3.2474	0	-7.3438	3	-1	1	1	0	0	0
3	860.2	3.2776	-3.3138	3.2776	-3.3138	0	2	75	3.1058	4.2473	-1	-5.8942	3.2474	0	-7.3438	3	-1	1	1	0	1	0
3	876.77	3.72	-2.6703	3.72	-2.6703	0	2	75	3.1058	4.2473	-1	-5.8942	3.2474	0	-7.3438	3	-1	1	1	0	0	0
3	893.41	3.921	-2.3486	3.921	-2.3486	0	2	75	3.1058	4.2473	-1	-5.8942	3.2474	0	-7.3438	3	-1	1	1	0	0	0
3	910.01	4.3634	-1.673	4.3634	-1.673	0	2	75	3.1058	4.2473	-1	-5.8942	3.2474	0	-7.3438	3	-1	1	1	0	0	0
3	926.6	4.5846	-1.3834	4.5846	-1.3834	0	2	75	3.1058	4.2473	-1	-5.8942	3.2474	0	-7.3438	3	-1	1	1	0	0	0
3	943.19	5.0069	-0.77214	5.0069	-0.77214	0	2	75	3.1058	4.2473	-1	-5.8942	3.2474	0	-7.3438	3	-1	1	1	0	0	0
3	959.75	5.409	-0.19304	5.409	-0.19304	0	2	75	3.1058	4.2473	-1	-5.8942	3.2474	0	-7.3438	3	-1	1	1	0	0	0
3	976.36	5.8112	0.3539	5.8112	0.3539	0	2	75	3.1058	4.2473	-1	-5.8942	3.2474	0	-7.3438	3	-1	1	1	0	0	0
3	992.89	5.9922	0.64345	5.9922	0.64345	0	2	75	3.1058	4.2473	-1	-5.8942	3.2474	0	-7.3438	3	-1	1	1	0	0	0
3	1009.6	6.3541	1.126	6.3541	1.126	0	2	75	3.1058	4.2473	-1	-5.8942	3.2474	0	-7.3438	3	-1	1	1	0	0	0
3	1026.2	6.4948	1.3513	6.4948	1.3512	0	2	75	3.1058	4.2473	-1	-5.8942	3.2474	0	-7.3438	3	-1	1	1	0	0	0
3	1042.8	6.7764	1.7695	6.7764	1.7695	0	2	75	3.1058	4.2473	-1	-5.8942	3.2474	0	-7.3438	3	-1	1	1	0	0	0
3	1059.3	6.9774	2.059	6.9774	2.059	0	2	75	3.1058	4.2473	-1	-5.8942	3.2474	0	-7.3438	3	-1	1	1	0	0	0
3	1075.9	7.1383	2.2843	7.1383	2.2843	0	2	75	3.1058	4.2473	-1	-5.8942	3.2474	0	-7.3438	3	-1	1	1	0	0	0
3	1092.4	7.1986	2.3486	7.1986	2.3486	0	2	75	3.1058	4.2473	-1	-5.8942	3.2474	0	-7.3438	3	-1	1	1	0	0	0
3	1109.1	7.2791	2.4773	7.2791	2.4773	0	2	75	3.1058	4.2473	-1	-5.8942	3.2474	0	-7.3438	3	-1	1	0	0	0	0
3	1125.7	7.3193	2.5416	7.3193	2.5416	0	2	75	3.1058	4.2473	-1	-5.8942	3.2474	0	-7.3438	3	-1	1	0	0	0	0
3	1142.3	7.3394	2.5738	7.3394	2.5738	0	2	75	3.1058	4.2473	-1	-5.8942	3.2474	0	-7.3438	3	-1	1	0	0	0	0
3	1158.9	7.3595	2.606	7.3595	2.606	0	2	75	3.1058	4.2473	-1	-5.8942	3.2474	0	-7.3438	3	-1	1	0	0	0	0
3	1175.4	7.3595	2.606	7.3595	2.606	0	2	75	3.1058	4.2473	-1	-5.8942	3.2474	0	-7.3438	3	-1	1	0	0	0	0
3	1192.1	7.3595	2.606	7.3595	2.606	0	2	75	3.1058	4.2473	-1	-5.8942	3.2474	0	-7.3438	3	-1	1	0	0	0	0
3	1208.7	7.3595	2.606	7.3595	2.606	0	2	75	3.1058	4.2473	-1	-5.8942	3.2474	0	-7.3438	3	-1	1	0	0	0	0
3	1225.3	7.3595	2.606	7.3595	2.606	0	3	75	3.1058	4.2473	-1	-5.8942	3.2474	0	-7.3438	3	-1	1	0	0	0	0
4	30.532	0.64345	-7.3675	0.64345	-7.3675	0	1	105	-3.1058	4.2473	-1	-12.106	3.2474	0	-7.3438	3	-1	1	0	0	0	0
4	47.178	0.62334	-7.3997	0.62334	-7.3997	0	1	105	-3.1058	4.2473	-1	-12.106	3.2474	0	-7.3438	3	-1	1	0	0	0	0
4	63.756	0.62334	-7.3997	0.62334	-7.3997	0	1	105	-3.1058	4.2473	-1	-12.106	3.2474	0	-7.3438	3	-1	1	0	0	0	0
4	80.318	0.62334	-7.3997	0.62334	-7.3997	0	1	105	-3.1058	4.2473	-1	-12.106	3.2474	0	-7.3438	3	-1	1	0	0	0	0
4	96.943	0.64345	-7.3997	0.64345	-7.3997	0	1	105	-3.1058	4.2473	-1	-12.106	3.2474	0	-7.3438	3	-1	1	0	0	0	0
4	113.49	0.64345	-7.3997	0.64345	-7.3997	0	1	105	-3.1058	4.2473	-1	-12.106	3.2474	0	-7.3438	3	-1	1	0	0	0	0
4	130.07	0.64345	-7.3997	0.64345	-7.3997	0	1	105	-3.1058	4.2473	-1	-12.106	3.2474	0	-7.3438	3	-1	1	0	0	0	0
4	146.71	0.64345	-7.3997	0.64345	-7.3997	0	1	105	-3.1058	4.2473	-1	-12.106	3.2474	0	-7.3438	3	-1	1	0	0	0	0
4	163.26	0.64345	-7.3997	0.64345	-7.3997	0	1	105	-3.1058	4.2473	-1	-12.106	3.2474	0	-7.3438	3	-1	1	0	0	0	0
4	179.85	0.64345	-7.3997	0.64345	-7.3997	0	1	105	-3.1058	4.2473	-1	-12.106	3.2474	0	-7.3438	3	-1	1	0	0	0	0
4	196.48	0.64345	-7.3997	0.64345	-7.3997	0	1	105	-3.1058	4.2473	-1	-12.106	3.2474	0	-7.3438	3	-1	1	0	0	0	0
4	213.06	0.64345	-7.3997	0.64345	-7.3997	0	1	105	-3.1058	4.2473	-1	-12.106	3.2474	0	-7.3438	3	-1	1	0	0	0	0
4	229.65	0.64345	-7.3997	0.64345	-7.3997	0	1	105	-3.1058	4.2473	-1	-12.106	3.2474	0	-7.3438	3	-1	1	0	0	0	0
4	246.22	0.64345	-7.3997	0.64345	-7.3997	0	1	105	-3.1058	4.2473	-1	-12.106	3.2474	0	-7.3438	3	-1	1	0	0	0	0
4	262.82	0.64345	-7.3997	0.64345	-7.3997	0	1	105	-3.1058	4.2473	-1	-12.106	3.2474	0	-7.3438	3	-1	1	0	0	0	0
4	279.43	0.64345	-7.3997	0.64345	-7.3997	0	1	105	-3.1058	4.2473	-1	-12.106	3.2474	0	-7.3438	3	-1	1	0	0	0	0
4	296.07	0.64345	-7.3997	0.64345	-7.3997	0	1	105	-3.1058	4.2473	-1	-12.106	3.2474	0	-7.3438	3	-1	1	0	0	0	0
4	312.63	0.64345	-7.3997	0.64345	-7.3997	0	1	105	-3.1058	4.2473	-1	-12.106	3.2474	0	-7.3438	3	-1	1	0	0	0	0
4	329.2	0.64345	-7.3997	0.64345	-7.3997	0	1	105	-3.1058	4.2473	-1	-12.106	3.2474	0	-7.3438	3	-1	1	0	0	0	0
4	345.81	0.64345	-7.3997	0.64345	-7.3997	0	1	105	-3.1058	4.2473	-1	-12.106	3.2474	0	-7.3438	3	-1	1	0	0	0	0
4	362.4	0.64345	-7.3997	0.64345	-7.3997	0	1	105	-3.1058	4.2473	-1	-12.106	3.2474	0	-7.3438	3	-1	1	0	0	0	0
4	378.98	0.64345	-7.3997	0.64345	-7.3997	0	1	105	-3.1058	4.2473	-1	-12.106	3.2474	0	-7.3438	3	-1	1	0	0	0	0
4	395.58	0.64345	-7.3997	0.64345	-7.3997	0	1	105	-3.1058	4.2473	-1	-12.106	3.2474	0	-7.3438	3	-1	1	0	0	0	0
4	412.24	0.64345	-7.3997	0.64345	-7.3997	0	1	105	-3.1058	4.2473	-1	-12.106	3.2474	0	-7.3438	3	-1	1	0	0	0	0
4	428.82	0.64345	-7.3997	0.64345	-7.3997	0	1	105	-3.1058	4.2473	-1	-12.106	3.2474	0	-7.3438	3	-1	1	0	0	0	0
4	445.37	0.64345	-7.3997	0.64345	-7.3997	0	1	105	-3.1058	4.2473	-1	-12.106	3.2474	0	-7.3438	3	-1	1	0	0	0	0
4	461.95	0.64345	-7.3997	0.64345	-7.3997	0	1	105	-3.1058	4.2473	-1	-12.106	3.2474	0	-7.3438	3	-1	1	0	0	0	0
4	478.53	0.64345	-7.3997	0.64345	-7.3997	0	1	105	-3.1058	4.2473	-1	-12.106	3.2474	0	-7.3438	3	-1	1	0	0	0	0
4	495.13	0.64345	-7.3997	0.64345	-7.3997	0	1	105	-3.1058	4.2473	-1	-12.106	3.2474	0	-7.3438	3	-1	1	0	0	0	0
4	511.79	0.62334	-7.3997	0.62334	-7.3997	0	1	105	-3.1058	4.2473	-1	-12.106	3.2474	0	-7.3438	3	-1	1	0	0	0	0
4	528.39	0.62334	-7.3997	0.62334	-7.3997	0	1	105	-3.1058	4.2473	-1	-12.106	3.2474	0	-7.3438	3	-1	1	0	0	0	0
4	544.98	0.62334	-7.3997	0.62334	-7.3997	0	1	105	-3.1058	4.2473	-1	-12.106	3.2474	0	-7.3438	3	-1	1	1	0	0	0
4	561.53	0.62334	-7.3675	0.62334	-7.3675	0	1	105	-3.1058	4.2473	-1	-12.106	3.2474	0	-7.3438	3	-1	1	1	0	0	0
4	578.13	0.56302	-7.271	0.56302	-7.271	0	1	105	-3.1058	4.2473	-1	-12.106	3.2474	0	-7.3438	3	-1	1	1	0	0	0
4	594.72	0.48259	-7.1423	0.48259	-7.1423	0	1	105	-3.1058	4.2473	-1	-12.106	3.2474	0	-7.3438	3	-1	1	1	0	0	0
4	611.25	0.44237	-7.078	0.44237	-7.078	0	1	105	-3.1058	4.2473	-1	-12.106	3.2474	0	-7.3438	3	-1	1	1	0	0	0
4	627.95	0.38205	-6.9493	0.38205	-6.9493	0	1	105	-3.1058	4.2473	-1	-12.106	3.2474	0	-7.3438	3	-1	1	1	0	0	0
4	644.55	0.34183	-6.9171	0.34183	-6.9171	0	1	105	-3.1058	4.2473	-1	-12.106	3.2474	0	-7.3438	3	-1	1	1	0	0	0
4	661.07	0.30162	-6.8528	0.30162	-6.8528	0	1	105	-3.1058	4.2473	-1	-12.106	3.2474	0	-7.3438	3	-1	1	1	0	0	0
4	677.68	0.28151	-6.7884	0.28151	-6.7884	0	1	105	-3.1058	4.2473	-1	-12.106	3.2474	0	-7.3438	3	-1	1	1	0	0	0
4	694.29	0.24129	-6.6919	0.24129	-6.6919	0	1	105	-3.1058	4.2473	-1	-12.106	3.2474	0	-7.3438	3	-1	1	1	0	0	0
4	710.87	0.22119	-6.6597	0.22119	-6.6597	0	1	105	-3.1058	4.2473	-1	-12.106	3.2474	0	-7.3438	3	-1	1	1	0	0	0
4	727.47	0.20108	-6.531	0.20108	-6.531	0	1	105	-3.1058	4.2473	-1	-12.106	3.2474	0	-7.3438	3	-1	1	1	0	0	0
4	744.09	0.18097	-6.4667	0.18097	-6.4667	0	1	105	-3.1058	4.2473	-1	-12.106	3.2474	0	-7.3438	3	-1	1	1	0	0	0
4	760.64	0.18097	-6.3058	0.18097	-6.3058	0	1	105	-3.1058	4.2473	-1	-12.106	3.2474	0	-7.3438	3	-1	1	1	0	0	0
4	777.25	0.18097	-6.0485	0.18097	-6.0485	0	1	105	-3.1058	4.2473	-1	-12.106	3.2474	0	-7.3438	3	-1	1	1	0	0	0
4	793.86	0.20108	-5.7267	0.20108	-5.7267	0	1	105	-3.1058	4.2473	-1	-12.106	3.2474	0	-7.3438	3	-1	1	1	0	0	0
4	810.45	0.22119	-5.5337	0.22119	-5.5337	0	1	105	-3.1058	4.2473	-1	-12.106	3.2474	0	-7.3438	3	-1	1	1	0	0	0
4	827.05	0.22119	-5.0511	0.22119	-5.0511	0	1	105	-3.1058	4.2473	-1	-12.106	3.2474	0	-7.3438	3	-1	1	1	0	0	0
4	843.64	0.24129	-4.7615	0.24129	-4.7615	0	2	105	-3.1058	4.2473	-1	-12.106	3.2474	0	-7.3438	3	-1	1	1	0	0	0
4	860.25	0.24129	-4.0859	0.24129	-4.0859	0	2	105	-3.1058	4.2473	-1	-12.106	3.2474	0	-7.3438	3	-1	1	1	0	0	0
4	876.84	0.24129	-3.3138	0.24129	-3.3138	0	2	105	-3.1058	4.2473	-1	-12.106	3.2474	0	-7.3438	3	-1	1	1	0	0	0
4	893.44	0.24129	-2.4451	0.24129	-2.4451	0	2	105	-3.1058	4.2473	-1	-12.106	3.2474	0	-7.3438	3	-1	1	1	0	0	0
4	910.01	0.24129	-1.9947	0.24129	-1.9947	0	2	105	-3.1058	4.2473	-1	-12.106	3.2474	0	-7.3438	3	-1	1	1	0	1	0
4	926.56	0.28151	-1.0295	0.28151	-1.0295	0	2	105	-3.1058	4.2473	-1	-12.106	3.2474	0	-7.3438	3	-1	1	1	0	0	0
4	943.19	0.30162	-0.57911	0.30162	-0.57911	0	2	105	-3.1058	4.2473	-1	-12.106	3.2474	0	-7.3438	3	-1	1	1	0	0	0
4	959.83	0.34183	0.3539	0.34183	0.3539	0	2	105	-3.1058	4.2473	-1	-12.106	3.2474	0	-7.3438	3	-1	1	1	0	0	0
4	976.37	0.40216	1.2226	0.40216	1.2226	0	2	105	-3.1058	4.2473	-1	-12.106	3.2474	0	-7.3438	3	-1	1	1	0	0	0
4	993	0.44237	1.9625	0.44237	1.9625	0	2	105	-3.1058	4.2473	-1	-12.106	3.2474	0	-7.3438	3	-1	1	1	0	0	0
4	1009.6	0.46248	2.3164	0.46248	2.3164	0	2	105	-3.1058	4.2473	-1	-12.106	3.2474	0	-7.3438	3	-1	1	1	0	0	0
4	1026.2	0.5027	2.8634	0.5027	2.8634	0	2	105	-3.1058	4.2473	-1	-12.106	3.2474	0	-7.3438	3	-1	1	1	0	0	0
4	1042.8	0.52281	3.1207	0.52281	3.1207	0	2	105	-3.1058	4.2473	-1	-12.106	3.2474	0	-7.3438	3	-1	1	1	0	0	0
4	1059.3	0.54291	3.4746	0.54291	3.4746	0	2	105	-3.1058	4.2473	-1	-12.106	3.2474	0	-7.3438	3	-1	1	0	0	0	0
4	1076	0.54291	3.6999	0.54291	3.6999	0	2	105	-3.1058	4.2473	-1	-12.106	3.2474	0	-7.3438	3	-1	1	0	0	0	0
4	1092.6	0.54291	3.7964	0.54291	3.7964	0	2	105	-3.1058	4.2473	-1	-12.106	3.2474	0	-7.3438	3	-1	1	0	0	0	0
4	1109.2	0.52281	3.8929	0.52281	3.8929	0	2	105	-3.1058	4.2473	-1	-12.106	3.2474	0	-7.3438	3	-1	1	0	0	0	0
4	1125.7	0.5027	3.9894	0.5027	3.9894	0	2	105	-3.1058	4.2473	-1	-12.106	3.2474	0	-7.3438	3	-1	1	0	0	0	0
4	1142.3	0.48259	4.0216	0.48259	4.0216	0	2	105	-3.1058	4.2473	-1	-12.106	3.2474	0	-7.3438	3	-1	1	0	0	0	0
4	1159	0.46248	4.0538	0.46248	4.0537	0	2	105	-3.1058	4.2473	-1	-12.106	3.2474	0	-7.3438	3	-1	1	0	0	0	0
4	1175.5	0.46248	4.0538	0.46248	4.0537	0	2	105	-3.1058	4.2473	-1	-12.106	3.2474	0	-7.3438	3	-1	1	0	0	0	0
4	1192.1	0.46248	4.0538	0.46248	4.0537	0	2	105	-3.1058	4.2473	-1	-12.106	3.2474	0	-7.3438	3	-1	1	0	0	0	0
4	1208.7	0.46248	4.0538	0.46248	4.0537	0	2	105	-3.1058	4.2473	-1	-12.106	3.2474	0	-7.3438	3	-1	1	0	0	0	0
4	1225.3	0.46248	4.0538	0.46248	4.0537	0	3	105	-3.1058	4.2473	-1	-12.106	3.2474	0	-7.3438	3	-1	1	0	0	0	0
5	29.685	0.72388	-7.3354	0.72388	-7.3354	0	1	90	0	4.6562	-1	-9	3.6562	0	-7.3438	3	-1	1	0	0	0	0
5	46.249	0.70378	-7.3354	0.70378	-7.3354	0	1	90	0	4.6562	-1	-9	3.6562	0	-7.3438	3	-1	1	0	0	0	0
5	62.877	0.70378	-7.3354	0.70378	-7.3354	0	1	90	0	4.6562	-1	-9	3.6562	0	-7.3438	3	-1	1	0	0	0	0
5	79.5	0.70378	-7.3354	0.70378	-7.3354	0	1	90	0	4.6562	-1	-9	3.6562	0	-7.3438	3	-1	1	0	0	0	0
5	96.07	0.68367	-7.3354	0.68367	-7.3354	0	1	90	0	4.6562	-1	-9	3.6562	0	-7.3438	3	-1	1	0	0	0	0
5	112.66	0.66356	-7.3675	0.66356	-7.3675	0	1	90	0	4.6562	-1	-9	3.6562	0	-7.3438	3	-1	1	0	0	0	0
5	129.28	0.64345	-7.3675	0.64345	-7.3675	0	1	90	0	4.6562	-1	-9	3.6562	0	-7.3438	3	-1	1	0	0	0	0
5	145.86	0.62334	-7.3997	0.62334	-7.3997	0	1	90	0	4.6562	-1	-9	3.6562	0	-7.3438	3	-1	1	0	0	0	0
5	162.4	0.62334	-7.3997	0.62334	-7.3997	0	1	90	0	4.6562	-1	-9	3.6562	0	-7.3438	3	-1	1	0	0	0	0
5	179.04	0.62334	-7.3997	0.62334	-7.3997	0	1	90	0	4.6562	-1	-9	3.6562	0	-7.3438	3	-1	1	0	0	0	0
5	195.61	0.62334	-7.3997	0.62334	-7.3997	0	1	90	0	4.6562	-1	-9	3.6562	0	-7.3438	3	-1	1	0	0	0	0
5	212.27	0.62334	-7.3997	0.62334	-7.3997	0	1	90	0	4.6562	-1	-9	3.6562	0	-7.3438	3	-1	1	0	0	0	0
5	228.81	0.62334	-7.3997	0.62334	-7.3997	0	1	90	0	4.6562	-1	-9	3.6562	0	-7.3438	3	-1	1	0	0	0	0
5	245.43	0.62334	-7.3997	0.62334	-7.3997	0	1	90	0	4.6562	-1	-9	3.6562	0	-7.3438	3	-1	1	0	0	0	0
5	261.99	0.62334	-7.3997	0.62334	-7.3997	0	1	90	0	4.6562	-1	-9	3.6562	0	-7.3438	3	-1	1	0	0	0	0
5	278.59	0.62334	-7.3997	0.62334	-7.3997	0	1	90	0	4.6562	-1	-9	3.6562	0	-7.3438	3	-1	1	0	0	0	0
5	295.18	0.62334	-7.3997	0.62334	-7.3997	0	1	90	0	4.6562	-1	-9	3.6562	0	-7.3438	3	-1	1	0	0	0	0
5	311.76	0.62334	-7.3997	0.62334	-7.3997	0	1	90	0	4.6562	-1	-9	3.6562	0	-7.3438	3	-1	1	0	0	0	0
5	328.42	0.62334	-7.3997	0.62334	-7.3997	0	1	90	0	4.6562	-1	-9	3.6562	0	-7.3438	3	-1	1	0	0	0	0
5	345	0.62334	-7.3997	0.62334	-7.3997	0	1	90	0	4.6562	-1	-9	3.6562	0	-7.3438	3	-1	1	0	0	0	0
5	361.53	0.62334	-7.3997	0.62334	-7.3997	0	1	90	0	4.6562	-1	-9	3.6562	0	-7.3438	3	-1	1	0	0	0	0
5	378.14	0.62334	-7.3997	0.62334	-7.3997	0	1	90	0	4.6562	-1	-9	3.6562	0	-7.3438	3	-1	1	0	0	0	0
5	394.74	0.62334	-7.3997	0.62334	-7.3997	0	1	90	0	4.6562	-1	-9	3.6562	0	-7.3438	3	-1	1	0	0	0	0
5	411.32	0.62334	-7.3997	0.62334	-7.3997	0	1	90	0	4.6562	-1	-9	3.6562	0	-7.3438	3	-1	1	0	0	0	0
5	427.97	0.62334	-7.3997	0.62334	-7.3997	0	1	90	0	4.6562	-1	-9	3.6562	0	-7.3438	3	-1	1	0	0	0	0
5	444.55	0.62334	-7.3997	0.62334	-7.3997	0	1	90	0	4.6562	-1	-9	3.6562	0	-7.3438	3	-1	1	0	0	0	0
5	461.1	0.62334	-7.3997	0.62334	-7.3997	0	1	90	0	4.6562	-1	-9	3.6562	0	-7.3438	3	-1	1	0	0	0	0
5	477.7	0.62334	-7.3997	0.62334	-7.3997	0	1	90	0	4.6562	-1	-9	3.6562	0	-7.3438	3	-1	1	0	0	0	0
5	494.32	0.62334	-7.3997	0.62334	-7.3997	0	1	90	0	4.6562	-1	-9	3.6562	0	-7.3438	3	-1	1	0	0	0	0
5	510.89	0.62334	-7.3997	0.62334	-7.3997	0	1	90	0	4.6562	-1	-9	3.6562	0	-7.3438	3	-1	1	0	0	0	0
5	527.47	0.62334	-7.3997	0.62334	-7.3997	0	1	90	0	4.6562	-1	-9	3.6562	0	-7.3438	3	-1	1	0	0	0	0
5	544.12	0.62334	-7.3997	0.62334	-7.3997	0	1	90	0	4.6562	-1	-9	3.6562	0	-7.3438	3	-1	1	0	0	0	0
5	560.72	0.62334	-7.3997	0.62334	-7.3997	0	1	90	0	4.6562	-1	-9	3.6562	0	-7.3438	3	-1	1	0	0	0	0
5	577.3	0.62334	-7.3997	0.62334	-7.3997	0	1	90	0	4.6562	-1	-9	3.6562	0	-7.3438	3	-1	1	0	0	0	0
5	593.89	0.62334	-7.3997	0.62334	-7.3997	0	1	90	0	4.6562	-1	-9	3.6562	0	-7.3438	3	-1	1	0	0	0	0
5	610.47	0.62334	-7.3997	0.62334	-7.3997	0	1	90	0	4.6562	-1	-9	3.6562	0	-7.3438	3	-1	1	0	0	0	0
5	627.11	0.62334	-7.3997	0.62334	-7.3997	0	1	90	0	4.6562	-1	-9	3.6562	0	-7.3438	3	-1	1	0	0	0	0
5	643.67	0.62334	-7.3997	0.62334	-7.3997	0	1	90	0	4.6562	-1	-9	3.6562	0	-7.3438	3	-1	1	0	0	0	0
5	660.25	0.62334	-7.3997	0.62334	-7.3997	0	1	90	0	4.6562	-1	-9	3.6562	0	-7.3438	3	-1	1	0	0	0	0
5	676.88	0.62334	-7.3997	0.62334	-7.3997	0	1	90	0	4.6562	-1	-9	3.6562	0	-7.3438	3	-1	1	0	0	0	0
5	693.42	0.62334	-7.3997	0.62334	-7.3997	0	1	90	0	4.6562	-1	-9	3.6562	0	-7.3438	3	-1	1	0	0	0	0
5	710.04	0.62334	-7.3997	0.62334	-7.3997	0	1	90	0	4.6562	-1	-9	3.6562	0	-7.3438	3	-1	1	0	0	0	0
5	726.61	0.62334	-7.3997	0.62334	-7.3997	0	1	90	0	4.6562	-1	-9	3.6562	0	-7.3438	3	-1	1	0	0	0	0
5	743.23	0.62334	-7.3997	0.62334	-7.3997	0	1	90	0	4.6562	-1	-9	3.6562	0	-7.3438	3	-1	1	0	0	0	0
5	759.83	0.62334	-7.3997	0.62334	-7.3997	0	1	90	0	4.6562	-1	-9	3.6562	0	-7.3438	3	-1	1	0	0	0	0
5	776.43	0.62334	-7.3997	0.62334	-7.3997	0	1	90	0	4.6562	-1	-9	3.6562	0	-7.3438	3	-1	1	0	0	0	0
5	793.04	0.62334	-7.3997	0.62334	-7.3997	0	1	90	0	4.6562	-1	-9	3.6562	0	-7.3438	3	-1	1	0	0	0	0
5	809.63	0.62334	-7.3997	0.62334	-7.3997	0	1	90	0	4.6562	-1	-9	3.6562	0	-7.3438	3	-1	1	0	0	0	0
5	826.19	0.62334	-7.3997	0.62334	-7.3997	0	1	90	0	4.6562	-1	-9	3.6562	0	-7.3438	3	-1	1	0	0	0	0
5	842.76	0.62334	-7.3997	0.62334	-7.3997	0	1	90	0	4.6562	-1	-9	3.6562	0	-7.3438	3	-1	1	1	0	0	0
5	859.39	0.62334	-7.3997	0.62334	-7.3997	0	1	90	0	4.6562	-1	-9	3.6562	0	-7.3438	3	-1	1	1	0	0	0
5	876.01	0.64345	-7.3354	0.64345	-7.3354	0	1	90	0	4.6562	-1	-9	3.6562	0	-7.3438	3	-1	1	1	0	0	0
5	892.61	0.66356	-7.3032	0.66356	-7.3032	0	1	90	0	4.6562	-1	-9	3.6562	0	-7.3438	3	-1	1	1	0	0	0
5	909.2	0.74399	-7.1101	0.74399	-7.1101	0	1	90	0	4.6562	-1	-9	3.6562	0	-7.3438	3	-1	1	1	0	0	0
5	925.76	0.82442	-6.8528	0.82442	-6.8528	0	1	90	0	4.6562	-1	-9	3.6562	0	-7.3438	3	-1	1	1	0	0	0
5	942.33	0.90485	-6.4667	0.90485	-6.4667	0	1	90	0	4.6562	-1	-9	3.6562	0	-7.3438	3	-1	1	1	0	0	0
5	958.98	0.94507	-6.2737	0.94507	-6.2737	0	1	90	0	4.6562	-1	-9	3.6562	0	-7.3438	3	-1	1	1	0	0	0
5	975.56	1.0456	-5.8232	1.0456	-5.8232	0	1	90	0	4.6562	-1	-9	3.6562	0	-7.3438	3	-1	1	1	0	0	0
5	992.17	1.1059	-5.5659	1.1059	-5.5659	0	1	90	0	4.6562	-1	-9	3.6562	0	-7.3438	3	-1	1	1	0	0	0
5	1008.8	1.2266	-5.0511	1.2266	-5.0511	0	2	90	0	4.6562	-1	-9	3.6562	0	-7.3438	3	-1	1	1	0	0	0
5	1025.3	1.3673	-4.472	1.3673	-4.472	0	2	90	0	4.6562	-1	-9	3.6562	0	-7.3438	3	-1	1	1	0	0	0
5	1041.9	1.5081	-3.8929	1.5081	-3.8929	0	2	90	0	4.6562	-1	-9	3.6562	0	-7.3438	3	-1	1	1	0	0	0
5	1058.5	1.5684	-3.5712	1.5684	-3.5712	0	2	90	0	4.6562	-1	-9	3.6562	0	-7.3438	3	-1	1	1	0	0	0
5	1075.1	1.7293	-2.9277	1.7293	-2.9277	0	2	90	0	4.6562	-1	-9	3.6562	0	-7.3438	3	-1	1	1	0	0	0
5	1091.7	1.8097	-2.606	1.8097	-2.606	0	2	90	0	4.6562	-1	-9	3.6562	0	-7.3438	3	-1	1	1	0	0	0
5	1108.3	1.9505	-1.9625	1.9505	-1.9625	0	2	90	0	4.6562	-1	-9	3.6562	0	-7.3438	3	-1	1	1	0	1	0
5	1124.9	2.0711	-1.3834	2.0711	-1.3834	0	2	90	0	4.6562	-1	-9	3.6562	0	-7.3438	3	-1	1	1	0	0	0
5	1141.5	2.1918	-0.77214	2.1918	-0.77214	0	2	90	0	4.6562	-1	-9	3.6562	0	-7.3438	3	-1	1	1	0	0	0
5	1158.1	2.2521	-0.45042	2.2521	-0.45042	0	2	90	0	4.6562	-1	-9	3.6562	0	-7.3438	3	-1	1	1	0	0	0
5	1174.6	2.3526	0.12869	2.3526	0.12869	0	2	90	0	4.6562	-1	-9	3.6562	0	-7.3438	3	-1	1	1	0	0	0
5	1191.3	2.4129	0.45042	2.4129	0.45042	0	2	90	0	4.6562	-1	-9	3.6562	0	-7.3438	3	-1	1	1	0	0	0
5	1207.8	2.5135	1.0617	2.5135	1.0617	0	2	90	0	4.6562	-1	-9	3.6562	0	-7.3438	3	-1	1	1	0	0	0
5	1224.4	2.614	1.673	2.614	1.673	0	2	90	0	4.6562	-1	-9	3.6562	0	-7.3438	3	-1	1	1	0	0	0
5	1241	2.6743	1.9625	2.6743	1.9625	0	2	90	0	4.6562	-1	-9	3.6562	0	-7.3438	3	-1	1	1	0	0	0
5	1257.6	2.7749	2.4773	2.7749	2.4773	0	2	90	0	4.6562	-1	-9	3.6562	0	-7.3438	3	-1	1	1	0	0	0
5	1274.2	2.8553	2.8955	2.8553	2.8955	0	2	90	0	4.6562	-1	-9	3.6562	0	-7.3438	3	-1	1	1	0	0	0
5	1290.8	2.8754	3.0564	2.8754	3.0564	0	2	90	0	4.6562	-1	-9	3.6562	0	-7.3438	3	-1	1	1	0	0	0
5	1307.4	2.9156	3.3138	2.9156	3.3138	0	2	90	0	4.6562	-1	-9	3.6562	0	-7.3438	3	-1	1	1	0	0	0
5	1324.1	2.9156	3.4746	2.9156	3.4746	0	2	90	0	4.6562	-1	-9	3.6562	0	-7.3438	3	-1	1	0	0	0	0
5	1340.6	2.9156	3.5068	2.9156	3.5068	0	2	90	0	4.6562	-1	-9	3.6562	0	-7.3438	3	-1	1	0	0	0	0
5	1357.2	2.9156	3.6033	2.9156	3.6033	0	2	90	0	4.6562	-1	-9	3.6562	0	-7.3438	3	-1	1	0	0	0	0
5	1373.8	2.9156	3.6033	2.9156	3.6033	0	2	90	0	4.6562	-1	-9	3.6562	0	-7.3438	3	-1	1	0	0	0	0
5	1390.4	2.9156	3.6033	2.9156	3.6033	0	2	90	0	4.6562	-1	-9	3.6562	0	-7.3438	3	-1	1	0	0	0	0
5	1407	2.9156	3.6355	2.9156	3.6355	0	2	90	0	4.6562	-1	-9	3.6562	0	-7.3438	3	-1	1	0	0	0	0
5	1423.6	2.9156	3.6355	2.9156	3.6355	0	2	90	0	4.6562	-1	-9	3.6562	0	-7.3438	3	-1	1	0	0	0	0
5	1440.2	2.9156	3.6355	2.9156	3.6355	0	3	90	0	4.6562	-1	-9	3.6562	0	-7.3438	3	-1	1	0	0	0	0
6	30.29	-0.18097	-7.5284	-0.18097	-7.5284	0	1	105	-3.1058	4.2473	-1	-12.106	3.2474	0	-7.3438	3	-1	1	0	0	0	0
6	46.992	-0.18097	-7.5606	-0.18097	-7.5606	0	1	105	-3.1058	4.2473	-1	-12.106	3.2474	0	-7.3438	3	-1	1	0	0	0	0
6	63.571	-0.18097	-7.5606	-0.18097	-7.5606	0	1	105	-3.1058	4.2473	-1	-12.106	3.2474	0	-7.3438	3	-1	1	0	0	0	0
6	80.166	-0.18097	-7.5606	-0.18097	-7.5606	0	1	105	-3.1058	4.2473	-1	-12.106	3.2474	0	-7.3438	3	-1	1	0	0	0	0
6	96.74	-0.18097	-7.5606	-0.18097	-7.5606	0	1	105	-3.1058	4.2473	-1	-12.106	3.2474	0	-7.3438	3	-1	1	0	0	0	0
6	113.33	-0.18097	-7.5606	-0.18097	-7.5606	0	1	105	-3.1058	4.2473	-1	-12.106	3.2474	0	-7.3438	3	-1	1	0	0	0	0
6	129.94	-0.18097	-7.5606	-0.18097	-7.5606	0	1	105	-3.1058	4.2473	-1	-12.106	3.2474	0	-7.3438	3	-1	1	0	0	0	0
6	146.53	-0.18097	-7.5606	-0.18097	-7.5606	0	1	105	-3.1058	4.2473	-1	-12.106	3.2474	0	-7.3438	3	-1	1	0	0	0	0
6	163.15	-0.18097	-7.5606	-0.18097	-7.5606	0	1	105	-3.1058	4.2473	-1	-12.106	3.2474	0	-7.3438	3	-1	1	0	0	0	0
6	179.7	-0.18097	-7.5606	-0.18097	-7.5606	0	1	105	-3.1058	4.2473	-1	-12.106	3.2474	0	-7.3438	3	-1	1	0	0	0	0
6	196.3	-0.18097	-7.5606	-0.18097	-7.5606	0	1	105	-3.1058	4.2473	-1	-12.106	3.2474	0	-7.3438	3	-1	1	0	0	0	0
6	212.89	-0.18097	-7.5606	-0.18097	-7.5606	0	1	105	-3.1058	4.2473	-1	-12.106	3.2474	0	-7.3438	3	-1	1	0	0	0	0
6	229.46	-0.18097	-7.5606	-0.18097	-7.5606	0	1	105	-3.1058	4.2473	-1	-12.106	3.2474	0	-7.3438	3	-1	1	0	0	0	0
6	246.09	-0.18097	-7.5606	-0.18097	-7.5606	0	1	105	-3.1058	4.2473	-1	-12.106	3.2474	0	-7.3438	3	-1	1	0	0	0	0
6	262.7	-0.18097	-7.5606	-0.18097	-7.5606	0	1	105	-3.1058	4.2473	-1	-12.106	3.2474	0	-7.3438	3	-1	1	0	0	0	0
6	279.31	-0.18097	-7.5606	-0.18097	-7.5606	0	1	105	-3.1058	4.2473	-1	-12.106	3.2474	0	-7.3438	3	-1	1	0	0	0	0
6	295.9	-0.18097	-7.5606	-0.18097	-7.5606	0	1	105	-3.1058	4.2473	-1	-12.106	3.2474	0	-7.3438	3	-1	1	0	0	0	0
6	312.45	-0.18097	-7.5606	-0.18097	-7.5606	0	1	105	-3.1058	4.2473	-1	-12.106	3.2474	0	-7.3438	3	-1	1	0	0	0	0
6	329.03	-0.18097	-7.5606	-0.18097	-7.5606	0	1	105	-3.1058	4.2473	-1	-12.106	3.2474	0	-7.3438	3	-1	1	0	0	0	0
6	345.67	-0.18097	-7.5606	-0.18097	-7.5606	0	1	105	-3.1058	4.2473	-1	-12.106	3.2474	0	-7.3438	3	-1	1	0	0	0	0
6	362.25	-0.18097	-7.5606	-0.18097	-7.5606	0	1	105	-3.1058	4.2473	-1	-12.106	3.2474	0	-7.3438	3	-1	1	0	0	0	0
6	378.85	-0.18097	-7.5606	-0.18097	-7.5606	0	1	105	-3.1058	4.2473	-1	-12.106	3.2474	0	-7.3438	3	-1	1	0	0	0	0
6	395.44	-0.18097	-7.5606	-0.18097	-7.5606	0	1	105	-3.1058	4.2473	-1	-12.106	3.2474	0	-7.3438	3	-1	1	0	0	0	0
6	412.06	-0.18097	-7.5606	-0.18097	-7.5606	0	1	105	-3.1058	4.2473	-1	-12.106	3.2474	0	-7.3438	3	-1	1	0	0	0	0
6	428.65	-0.18097	-7.5606	-0.18097	-7.5606	0	1	105	-3.1058	4.2473	-1	-12.106	3.2474	0	-7.3438	3	-1	1	0	0	0	0
6	445.18	-0.18097	-7.5606	-0.18097	-7.5606	0	1	105	-3.1058	4.2473	-1	-12.106	3.2474	0	-7.3438	3	-1	1	0	0	0	0
6	461.82	-0.18097	-7.5606	-0.18097	-7.5606	0	1	105	-3.1058	4.2473	-1	-12.106	3.2474	0	-7.3438	3	-1	1	0	0	0	0
6	478.38	-0.18097	-7.5606	-0.18097	-7.5606	0	1	105	-3.1058	4.2473	-1	-12.106	3.2474	0	-7.3438	3	-1	1	0	0	0	0
6	495.05	-0.18097	-7.5606	-0.18097	-7.5606	0	1	105	-3.1058	4.2473	-1	-12.106	3.2474	0	-7.3438	3	-1	1	0	0	0	0
6	511.59	-0.18097	-7.5606	-0.18097	-7.5606	0	1	105	-3.1058	4.2473	-1	-12.106	3.2474	0	-7.3438	3	-1	1	0	0	0	0
6	528.17	-0.18097	-7.5606	-0.18097	-7.5606	0	1	105	-3.1058	4.2473	-1	-12.106	3.2474	0	-7.3438	3	-1	1	0	0	0	0
6	544.78	-0.18097	-7.5606	-0.18097	-7.5606	0	1	105	-3.1058	4.2473	-1	-12.106	3.2474	0	-7.3438	3	-1	1	0	0	0	0
6	561.37	-0.18097	-7.5606	-0.18097	-7.5606	0	1	105	-3.1058	4.2473	-1	-12.106	3.2474	0	-7.3438	3	-1	1	0	0	0	0
6	577.97	-0.18097	-7.5606	-0.18097	-7.5606	0	1	105	-3.1058	4.2473	-1	-12.106	3.2474	0	-7.3438	3	-1	1	0	0	0	0
6	594.56	-0.18097	-7.5606	-0.18097	-7.5606	0	1	105	-3.1058	4.2473	-1	-12.106	3.2474	0	-7.3438	3	-1	1	0	0	0	0
6	611.16	-0.18097	-7.5606	-0.18097	-7.5606	0	1	105	-3.1058	4.2473	-1	-12.106	3.2474	0	-7.3438	3	-1	1	0	0	0	0
6	627.78	-0.18097	-7.5606	-0.18097	-7.5606	0	1	105	-3.1058	4.2473	-1	-12.106	3.2474	0	-7.3438	3	-1	1	0	0	0	0
6	644.37	-0.18097	-7.5606	-0.18097	-7.5606	0	1	105	-3.1058	4.2473	-1	-12.106	3.2474	0	-7.3438	3	-1	1	0	0	0	0
6	660.92	-0.18097	-7.5606	-0.18097	-7.5606	0	1	105	-3.1058	4.2473	-1	-12.106	3.2474	0	-7.3438	3	-1	1	0	0	0	0
6	677.5	-0.18097	-7.5284	-0.18097	-7.5284	0	1	105	-3.1058	4.2473	-1	-12.106	3.2474	0	-7.3438	3	-1	1	1	0	0	0
6	694.13	-0.18097	-7.5284	-0.18097	-7.5284	0	1	105	-3.1058	4.2473	-1	-12.106	3.2474	0	-7.3438	3	-1	1	1	0	0	0
6	710.73	-0.18097	-7.4319	-0.18097	-7.4319	0	1	105	-3.1058	4.2473	-1	-12.106	3.2474	0	-7.3438	3	-1	1	1	0	0	0
6	727.35	-0.18097	-7.3032	-0.18097	-7.3032	0	1	105	-3.1058	4.2473	-1	-12.106	3.2474	0	-7.3438	3	-1	1	1	0	0	0
6	743.95	-0.18097	-7.1745	-0.18097	-7.1745	0	1	105	-3.1058	4.2473	-1	-12.106	3.2474	0	-7.3438	3	-1	1	1	0	0	0
6	760.5	-0.22119	-6.9171	-0.22119	-6.9171	0	1	105	-3.1058	4.2473	-1	-12.106	3.2474	0	-7.3438	3	-1	1	1	0	0	0
6	777.05	-0.28151	-6.5632	-0.28151	-6.5632	0	1	105	-3.1058	4.2473	-1	-12.106	3.2474	0	-7.3438	3	-1	1	1	0	0	0
6	793.69	-0.30162	-6.3702	-0.30162	-6.3702	0	1	105	-3.1058	4.2473	-1	-12.106	3.2474	0	-7.3438	3	-1	1	1	0	0	0
6	810.19	-0.32173	-5.9519	-0.32173	-5.9519	0	1	105	-3.1058	4.2473	-1	-12.106	3.2474	0	-7.3438	3	-1	1	1	0	0	0
6	826.92	-0.36194	-5.5659	-0.36194	-5.5659	0	1	105	-3.1058	4.2473	-1	-12.106	3.2474	0	-7.3438	3	-1	1	1	0	0	0
6	843.48	-0.36194	-5.3407	-0.36194	-5.3407	0	1	105	-3.1058	4.2473	-1	-12.106	3.2474	0	-7.3438	3	-1	1	1	0	0	0
6	860.1	-0.40216	-4.8581	-0.40216	-4.8581	0	2	105	-3.1058	4.2473	-1	-12.106	3.2474	0	-7.3438	3	-1	1	1	0	0	0
6	876.67	-0.44237	-4.3755	-0.44237	-4.3755	0	2	105	-3.1058	4.2473	-1	-12.106	3.2474	0	-7.3438	3	-1	1	1	0	0	0
6	893.25	-0.46248	-4.1181	-0.46248	-4.1181	0	2	105	-3.1058	4.2473	-1	-12.106	3.2474	0	-7.3438	3	-1	1	1	0	0	0
6	909.89	-0.52281	-3.6355	-0.52281	-3.6355	0	2	105	-3.1058	4.2473	-1	-12.106	3.2474	0	-7.3438	3	-1	1	1	0	0	0
6	926.43	-0.58313	-3.1529	-0.58313	-3.1529	0	2	105	-3.1058	4.2473	-1	-12.106	3.2474	0	-7.3438	3	-1	1	1	0	0	0
6	943.07	-0.62334	-2.9277	-0.62334	-2.9277	0	2	105	-3.1058	4.2473	-1	-12.106	3.2474	0	-7.3438	3	-1	1	1	0	0	0
6	959.67	-0.70378	-2.4451	-0.70378	-2.4451	0	2	105	-3.1058	4.2473	-1	-12.106	3.2474	0	-7.3438	3	-1	1	1	0	0	0
6	976.25	-0.78421	-1.9304	-0.78421	-1.9304	0	2	105	-3.1058	4.2473	-1	-12.106	3.2474	0	-7.3438	3	-1	1	1	0	0	0
6	992.81	-0.82442	-1.6408	-0.82442	-1.6408	0	2	105	-3.1058	4.2473	-1	-12.106	3.2474	0	-7.3438	3	-1	1	1	0	0	0
6	1009.4	-0.88475	-1.0939	-0.88475	-1.0939	0	2	105	-3.1058	4.2473	-1	-12.106	3.2474	0	-7.3438	3	-1	1	1	0	1	0
6	1026	-0.96518	-0.51476	-0.96518	-0.51476	0	2	105	-3.1058	4.2473	-1	-12.106	3.2474	0	-7.3438	3	-1	1	1	0	0	0
6	1042.6	-1.0054	-0.19304	-1.0054	-0.19304	0	2	105	-3.1058	4.2473	-1	-12.106	3.2474	0	-7.3438	3	-1	1	1	0	0	0
6	1059.2	-1.0858	0.38607	-1.0858	0.38607	0	2	105	-3.1058	4.2473	-1	-12.106	3.2474	0	-7.3438	3	-1	1	1	0	0	0
6	1075.8	-1.126	0.67563	-1.126	0.67562	0	2	105	-3.1058	4.2473	-1	-12.106	3.2474	0	-7.3438	3	-1	1	1	0	0	0
6	1092.4	-1.2065	1.2226	-1.2065	1.2226	0	2	105	-3.1058	4.2473	-1	-12.106	3.2474	0	-7.3438	3	-1	1	1	0	0	0
6	1109	-1.2668	1.7373	-1.2668	1.7373	0	2	105	-3.1058	4.2473	-1	-12.106	3.2474	0	-7.3438	3	-1	1	1	0	0	0
6	1125.5	-1.3271	2.1556	-1.3271	2.1556	0	2	105	-3.1058	4.2473	-1	-12.106	3.2474	0	-7.3438	3	-1	1	1	0	0	0
6	1142.1	-1.3472	2.3164	-1.3472	2.3164	0	2	105	-3.1058	4.2473	-1	-12.106	3.2474	0	-7.3438	3	-1	1	1	0	0	0
6	1158.8	-1.3874	2.6382	-1.3874	2.6382	0	2	105	-3.1058	4.2473	-1	-12.106	3.2474	0	-7.3438	3	-1	1	1	0	0	0
6	1175.4	-1.4076	2.7668	-1.4076	2.7668	0	2	105	-3.1058	4.2473	-1	-12.106	3.2474	0	-7.3438	3	-1	1	1	0	0	0
6	1191.9	-1.4277	2.9599	-1.4277	2.9599	0	2	105	-3.1058	4.2473	-1	-12.106	3.2474	0	-7.3438	3	-1	1	1	0	0	0
6	1208.5	-1.4478	3.1207	-1.4478	3.1207	0	2	105	-3.1058	4.2473	-1	-12.106	3.2474	0	-7.3438	3	-1	1	1	0	0	0
6	1225.1	-1.4679	3.1851	-1.4679	3.1851	0	2	105	-3.1058	4.2473	-1	-12.106	3.2474	0	-7.3438	3	-1	1	1	0	0	0
6	1241.8	-1.4679	3.2494	-1.4679	3.2494	0	2	105	-3.1058	4.2473	-1	-12.106	3.2474	0	-7.3438	3	-1	1	0	0	0	0
6	1258.4	-1.488	3.2816	-1.488	3.2816	0	2	105	-3.1058	4.2473	-1	-12.106	3.2474	0	-7.3438	3	-1	1	0	0	0	0
6	1274.9	-1.488	3.3138	-1.488	3.3138	0	2	105	-3.1058	4.2473	-1	-12.106	3.2474	0	-7.3438	3	-1	1	0	0	0	0
6	1291.5	-1.488	3.346	-1.488	3.346	0	2	105	-3.1058	4.2473	-1	-12.106	3.2474	0	-7.3438	3	-1	1	0	0	0	0
6	1308.1	-1.488	3.346	-1.488	3.346	0	2	105	-3.1058	4.2473	-1	-12.106	3.2474	0	-7.3438	3	-1	1	0	0	0	0
6	1324.8	-1.488	3.346	-1.488	3.346	0	3	105	-3.1058	4.2473	-1	-12.106	3.2474	0	-7.3438	3	-1	1	0	0	0	0
7	30.251	0.32173	-7.1101	0.32173	-7.1101	0	1	75	3.1058	4.2473	-1	-5.8942	3.2474	0	-7.3438	3	-1	1	1	0	0	0
7	46.731	0.32173	-7.1745	0.32173	-7.1745	0	1	75	3.1058	4.2473	-1	-5.8942	3.2474	0	-7.3438	3	-1	1	1	0	0	0
7	63.312	0.32173	-7.2388	0.32173	-7.2388	0	1	75	3.1058	4.2473	-1	-5.8942	3.2474	0	-7.3438	3	-1	1	1	0	0	0
7	79.867	0.32173	-7.3675	0.32173	-7.3675	0	1	75	3.1058	4.2473	-1	-5.8942	3.2474	0	-7.3438	3	-1	1	1	0	0	0
7	96.498	0.32173	-7.3997	0.32173	-7.3997	0	1	75	3.1058	4.2473	-1	-5.8942	3.2474	0	-7.3438	3	-1	1	1	0	0	0
7	113.15	0.32173	-7.4319	0.32173	-7.4319	0	1	75	3.1058	4.2473	-1	-5.8942	3.2474	0	-7.3438	3	-1	1	1	0	0	0
7	129.7	0.32173	-7.4319	0.32173	-7.4319	0	1	75	3.1058	4.2473	-1	-5.8942	3.2474	0	-7.3438	3	-1	1	1	0	0	0
7	146.29	0.32173	-7.4319	0.32173	-7.4319	0	1	75	3.1058	4.2473	-1	-5.8942	3.2474	0	-7.3438	3	-1	1	1	0	0	0
7	162.82	0.32173	-7.4319	0.32173	-7.4319	0	1	75	3.1058	4.2473	-1	-5.8942	3.2474	0	-7.3438	3	-1	1	1	0	0	0
7	179.47	0.32173	-7.4319	0.32173	-7.4319	0	1	75	3.1058	4.2473	-1	-5.8942	3.2474	0	-7.3438	3	-1	1	1	0	0	0
7	196.06	0.32173	-7.4319	0.32173	-7.4319	0	1	75	3.1058	4.2473	-1	-5.8942	3.2474	0	-7.3438	3	-1	1	1	0	0	0
7	212.67	0.32173	-7.4319	0.32173	-7.4319	0	1	75	3.1058	4.2473	-1	-5.8942	3.2474	0	-7.3438	3	-1	1	1	0	0	0
7	229.32	0.32173	-7.4319	0.32173	-7.4319	0	1	75	3.1058	4.2473	-1	-5.8942	3.2474	0	-7.3438	3	-1	1	1	0	0	0
7	245.84	0.32173	-7.4319	0.32173	-7.4319	0	1	75	3.1058	4.2473	-1	-5.8942	3.2474	0	-7.3438	3	-1	1	1	0	0	0
7	262.34	0.32173	-7.4319	0.32173	-7.4319	0	1	75	3.1058	4.2473	-1	-5.8942	3.2474	0	-7.3438	3	-1	1	1	0	0	0
7	278.94	0.32173	-7.4319	0.32173	-7.4319	0	1	75	3.1058	4.2473	-1	-5.8942	3.2474	0	-7.3438	3	-1	1	1	0	0	0
7	295.5	0.32173	-7.4319	0.32173	-7.4319	0	1	75	3.1058	4.2473	-1	-5.8942	3.2474	0	-7.3438	3	-1	1	1	0	0	0
7	312.16	0.32173	-7.4319	0.32173	-7.4319	0	1	75	3.1058	4.2473	-1	-5.8942	3.2474	0	-7.3438	3	-1	1	1	0	0	0
7	328.73	0.32173	-7.4319	0.32173	-7.4319	0	1	75	3.1058	4.2473	-1	-5.8942	3.2474	0	-7.3438	3	-1	1	1	0	0	0
7	345.29	0.32173	-7.4319	0.32173	-7.4319	0	1	75	3.1058	4.2473	-1	-5.8942	3.2474	0	-7.3438	3	-1	1	1	0	0	0
7	361.93	0.32173	-7.4319	0.32173	-7.4319	0	1	75	3.1058	4.2473	-1	-5.8942	3.2474	0	-7.3438	3	-1	1	1	0	0	0
7	378.59	0.32173	-7.4319	0.32173	-7.4319	0	1	75	3.1058	4.2473	-1	-5.8942	3.2474	0	-7.3438	3	-1	1	1	0	0	0
7	395.15	0.32173	-7.4319	0.32173	-7.4319	0	1	75	3.1058	4.2473	-1	-5.8942	3.2474	0	-7.3438	3	-1	1	1	0	0	0
7	411.76	0.32173	-7.4319	0.32173	-7.4319	0	1	75	3.1058	4.2473	-1	-5.8942	3.2474	0	-7.3438	3	-1	1	1	0	0	0
7	428.37	0.32173	-7.4319	0.32173	-7.4319	0	1	75	3.1058	4.2473	-1	-5.8942	3.2474	0	-7.3438	3	-1	1	1	0	0	0
7	445.02	0.32173	-7.4319	0.32173	-7.4319	0	1	75	3.1058	4.2473	-1	-5.8942	3.2474	0	-7.3438	3	-1	1	1	0	0	0
7	461.57	0.32173	-7.4319	0.32173	-7.4319	0	1	75	3.1058	4.2473	-1	-5.8942	3.2474	0	-7.3438	3	-1	1	1	0	0	0
7	478.17	0.32173	-7.4319	0.32173	-7.4319	0	1	75	3.1058	4.2473	-1	-5.8942	3.2474	0	-7.3438	3	-1	1	1	0	0	0
7	494.77	0.32173	-7.4319	0.32173	-7.4319	0	1	75	3.1058	4.2473	-1	-5.8942	3.2474	0	-7.3438	3	-1	1	1	0	0	0
7	511.36	0.32173	-7.4319	0.32173	-7.4319	0	1	75	3.1058	4.2473	-1	-5.8942	3.2474	0	-7.3438	3	-1	1	1	0	0	0
7	527.95	0.32173	-7.4319	0.32173	-7.4319	0	1	75	3.1058	4.2473	-1	-5.8942	3.2474	0	-7.3438	3	-1	1	1	0	0	0
7	544.54	0.32173	-7.4319	0.32173	-7.4319	0	1	75	3.1058	4.2473	-1	-5.8942	3.2474	0	-7.3438	3	-1	1	1	0	0	0
7	561.06	0.32173	-7.4319	0.32173	-7.4319	0	1	75	3.1058	4.2473	-1	-5.8942	3.2474	0	-7.3438	3	-1	1	1	0	0	0
7	577.71	0.32173	-7.4319	0.32173	-7.4319	0	1	75	3.1058	4.2473	-1	-5.8942	3.2474	0	-7.3438	3	-1	1	1	0	0	0
7	594.33	0.32173	-7.4319	0.32173	-7.4319	0	1	75	3.1058	4.2473	-1	-5.8942	3.2474	0	-7.3438	3	-1	1	1	0	0	0
7	610.89	0.32173	-7.4319	0.32173	-7.4319	0	1	75	3.1058	4.2473	-1	-5.8942	3.2474	0	-7.3438	3	-1	1	1	0	0	0
7	627.48	0.32173	-7.4319	0.32173	-7.4319	0	1	75	3.1058	4.2473	-1	-5.8942	3.2474	0	-7.3438	3	-1	1	1	0	0	0
7	644.05	0.32173	-7.3997	0.32173	-7.3997	0	1	75	3.1058	4.2473	-1	-5.8942	3.2474	0	-7.3438	3	-1	1	1	0	0	0
7	660.67	0.28151	-7.3354	0.28151	-7.3354	0	1	75	3.1058	4.2473	-1	-5.8942	3.2474	0	-7.3438	3	-1	1	1	0	0	0
7	677.19	0.2614	-7.2388	0.2614	-7.2388	0	1	75	3.1058	4.2473	-1	-5.8942	3.2474	0	-7.3438	3	-1	1	1	0	0	0
7	693.88	0.16086	-7.0136	0.16086	-7.0136	0	1	75	3.1058	4.2473	-1	-5.8942	3.2474	0	-7.3438	3	-1	1	1	0	0	0
7	710.47	0.12065	-6.8849	0.12065	-6.8849	0	1	75	3.1058	4.2473	-1	-5.8942	3.2474	0	-7.3438	3	-1	1	1	0	0	0
7	727.09	0.020108	-6.5954	0.020108	-6.5954	0	1	75	3.1058	4.2473	-1	-5.8942	3.2474	0	-7.3438	3	-1	1	1	0	0	0
7	743.74	-0.080432	-6.2737	-0.080432	-6.2737	0	1	75	3.1058	4.2473	-1	-5.8942	3.2474	0	-7.3438	3	-1	1	1	0	0	0
7	760.23	-0.16086	-5.9519	-0.16086	-5.9519	0	1	75	3.1058	4.2473	-1	-5.8942	3.2474	0	-7.3438	3	-1	1	1	0	0	0
7	776.85	-0.22119	-5.7589	-0.22119	-5.7589	0	1	75	3.1058	4.2473	-1	-5.8942	3.2474	0	-7.3438	3	-1	1	1	0	0	0
7	793.47	-0.32173	-5.3728	-0.32173	-5.3728	0	1	75	3.1058	4.2473	-1	-5.8942	3.2474	0	-7.3438	3	-1	1	1	0	0	0
7	810.04	-0.38205	-5.1798	-0.38205	-5.1798	0	1	75	3.1058	4.2473	-1	-5.8942	3.2474	0	-7.3438	3	-1	1	1	0	0	0
7	826.64	-0.5027	-4.7294	-0.5027	-4.7294	0	2	75	3.1058	4.2473	-1	-5.8942	3.2474	0	-7.3438	3	-1	1	1	0	1	0
7	843.19	-0.60324	-4.279	-0.60324	-4.279	0	2	75	3.1058	4.2473	-1	-5.8942	3.2474	0	-7.3438	3	-1	1	1	0	0	0
7	859.77	-0.74399	-3.8607	-0.74399	-3.8607	0	2	75	3.1058	4.2473	-1	-5.8942	3.2474	0	-7.3438	3	-1	1	1	0	0	0
7	876.39	-0.80432	-3.6677	-0.80432	-3.6677	0	2	75	3.1058	4.2473	-1	-5.8942	3.2474	0	-7.3438	3	-1	1	1	0	0	0
7	893	-0.92496	-3.3138	-0.92496	-3.3138	0	2	75	3.1058	4.2473	-1	-5.8942	3.2474	0	-7.3438	3	-1	1	1	0	0	0
7	909.6	-1.0054	-3.1207	-1.0054	-3.1207	0	2	75	3.1058	4.2473	-1	-5.8942	3.2474	0	-7.3438	3	-1	1	1	0	0	0
7	926.21	-1.1663	-2.7668	-1.1663	-2.7668	0	2	75	3.1058	4.2473	-1	-5.8942	3.2474	0	-7.3438	3	-1	1	1	0	0	0
7	942.78	-1.3271	-2.3808	-1.3271	-2.3808	0	2	75	3.1058	4.2473	-1	-5.8942	3.2474	0	-7.3438	3	-1	1	1	0	0	0
7	959.39	-1.5081	-2.0269	-1.5081	-2.0269	0	2	75	3.1058	4.2473	-1	-5.8942	3.2474	0	-7.3438	3	-1	1	1	0	0	0
7	975.91	-1.5885	-1.8338	-1.5885	-1.8338	0	2	75	3.1058	4.2473	-1	-5.8942	3.2474	0	-7.3438	3	-1	1	1	0	0	0
7	992.54	-1.7695	-1.4799	-1.7695	-1.4799	0	2	75	3.1058	4.2473	-1	-5.8942	3.2474	0	-7.3438	3	-1	1	1	0	0	0
7	1009.1	-1.87	-1.3191	-1.87	-1.3191	0	2	75	3.1058	4.2473	-1	-5.8942	3.2474	0	-7.3438	3	-1	1	1	0	0	0
7	1025.7	-2.051	-0.96518	-2.051	-0.96518	0	2	75	3.1058	4.2473	-1	-5.8942	3.2474	0	-7.3438	3	-1	1	1	0	0	0
7	1042.3	-2.2521	-0.57911	-2.2521	-0.57911	0	2	75	3.1058	4.2473	-1	-5.8942	3.2474	0	-7.3438	3	-1	1	1	0	0	0
7	1058.9	-2.3526	-0.38607	-2.3526	-0.38607	0	2	75	3.1058	4.2473	-1	-5.8942	3.2474	0	-7.3438	3	-1	1	1	0	0	0
7	1075.5	-2.5537	-0.032173	-2.5537	-0.032173	0	2	75	3.1058	4.2473	-1	-5.8942	3.2474	0	-7.3438	3	-1	1	1	0	0	0
7	1092.1	-2.7749	0.3539	-2.7749	0.3539	0	2	75	3.1058	4.2473	-1	-5.8942	3.2474	0	-7.3438	3	-1	1	1	0	0	0
7	1108.7	-2.8754	0.54693	-2.8754	0.54693	0	2	75	3.1058	4.2473	-1	-5.8942	3.2474	0	-7.3438	3	-1	1	1	0	0	0
7	1125.2	-3.0765	0.93301	-3.0765	0.93301	0	2	75	3.1058	4.2473	-1	-5.8942	3.2474	0	-7.3438	3	-1	1	1	0	0	0
7	1141.9	-3.2977	1.3191	-3.2977	1.3191	0	2	75	3.1058	4.2473	-1	-5.8942	3.2474	0	-7.3438	3	-1	1	1	0	0	0
7	1158.5	-3.3982	1.5121	-3.3982	1.5121	0	2	75	3.1058	4.2473	-1	-5.8942	3.2474	0	-7.3438	3	-1	1	1	0	0	0
7	1175.1	-3.5792	1.8982	-3.5792	1.8982	0	2	75	3.1058	4.2473	-1	-5.8942	3.2474	0	-7.3438	3	-1	1	1	0	0	0
7	1191.7	-3.7401	2.2199	-3.7401	2.2199	0	2	75	3.1058	4.2473	-1	-5.8942	3.2474	0	-7.3438	3	-1	1	1	0	0	0
7	1208.3	-3.8205	2.3808	-3.8205	2.3808	0	2	75	3.1058	4.2473	-1	-5.8942	3.2474	0	-7.3438	3	-1	1	1	0	0	0
7	1224.9	-3.9411	2.6703	-3.9411	2.6703	0	2	75	3.1058	4.2473	-1	-5.8942	3.2474	0	-7.3438	3	-1	1	1	0	0	0
7	1241.5	-4.0015	2.799	-4.0015	2.799	0	2	75	3.1058	4.2473	-1	-5.8942	3.2474	0	-7.3438	3	-1	1	1	0	0	0
7	1258	-4.0819	2.9599	-4.0819	2.9599	0	2	75	3.1058	4.2473	-1	-5.8942	3.2474	0	-7.3438	3	-1	1	1	0	0	0
7	1274.7	-4.1422	3.1207	-4.1422	3.1207	0	2	75	3.1058	4.2473	-1	-5.8942	3.2474	0	-7.3438	3	-1	1	1	0	0	0
7	1291.3	-4.1824	3.1851	-4.1824	3.1851	0	2	75	3.1058	4.2473	-1	-5.8942	3.2474	0	-7.3438	3	-1	1	0	0	0	0
7	1307.8	-4.2025	3.2173	-4.2025	3.2173	0	2	75	3.1058	4.2473	-1	-5.8942	3.2474	0	-7.3438	3	-1	1	0	0	0	0
7	1324.4	-4.2227	3.2494	-4.2227	3.2494	0	2	75	3.1058	4.2473	-1	-5.8942	3.2474	0	-7.3438	3	-1	1	0	0	0	0
7	1341	-4.2227	3.2494	-4.2227	3.2494	0	2	75	3.1058	4.2473	-1	-5.8942	3.2474	0	-7.3438	3	-1	1	0	0	0	0
7	1357.6	-4.2227	3.2494	-4.2227	3.2494	0	2	75	3.1058	4.2473	-1	-5.8942	3.2474	0	-7.3438	3	-1	1	0	0	0	0
7	1374.3	-4.2227	3.2494	-4.2227	3.2494	0	3	75	3.1058	4.2473	-1	-5.8942	3.2474	0	-7.3438	3	-1	1	0	0	0	0
8	30.367	-0.58313	-7.3354	-0.58313	-7.3354	0	1	90	0	4.6562	-1	-9	3.6562	0	-7.3438	3	-1	1	0	0	0	0
8	46.931	-0.58313	-7.3354	-0.58313	-7.3354	0	1	90	0	4.6562	-1	-9	3.6562	0	-7.3438	3	-1	1	0	0	0	0
8	63.504	-0.58313	-7.3354	-0.58313	-7.3354	0	1	90	0	4.6562	-1	-9	3.6562	0	-7.3438	3	-1	1	0	0	0	0
8	80.134	-0.58313	-7.3354	-0.58313	-7.3354	0	1	90	0	4.6562	-1	-9	3.6562	0	-7.3438	3	-1	1	0	0	0	0
8	96.724	-0.58313	-7.3354	-0.58313	-7.3354	0	1	90	0	4.6562	-1	-9	3.6562	0	-7.3438	3	-1	1	0	0	0	0
8	113.3	-0.58313	-7.3354	-0.58313	-7.3354	0	1	90	0	4.6562	-1	-9	3.6562	0	-7.3438	3	-1	1	0	0	0	0
8	130.06	-0.58313	-7.3354	-0.58313	-7.3354	0	1	90	0	4.6562	-1	-9	3.6562	0	-7.3438	3	-1	1	0	0	0	0
8	146.51	-0.58313	-7.3354	-0.58313	-7.3354	0	1	90	0	4.6562	-1	-9	3.6562	0	-7.3438	3	-1	1	0	0	0	0
8	163.09	-0.58313	-7.3354	-0.58313	-7.3354	0	1	90	0	4.6562	-1	-9	3.6562	0	-7.3438	3	-1	1	0	0	0	0
8	179.66	-0.58313	-7.3354	-0.58313	-7.3354	0	1	90	0	4.6562	-1	-9	3.6562	0	-7.3438	3	-1	1	0	0	0	0
8	196.25	-0.58313	-7.3354	-0.58313	-7.3354	0	1	90	0	4.6562	-1	-9	3.6562	0	-7.3438	3	-1	1	0	0	0	0
8	212.91	-0.58313	-7.3354	-0.58313	-7.3354	0	1	90	0	4.6562	-1	-9	3.6562	0	-7.3438	3	-1	1	0	0	0	0
8	229.49	-0.58313	-7.3354	-0.58313	-7.3354	0	1	90	0	4.6562	-1	-9	3.6562	0	-7.3438	3	-1	1	0	0	0	0
8	246.1	-0.58313	-7.3354	-0.58313	-7.3354	0	1	90	0	4.6562	-1	-9	3.6562	0	-7.3438	3	-1	1	0	0	0	0
8	262.65	-0.58313	-7.3354	-0.58313	-7.3354	0	1	90	0	4.6562	-1	-9	3.6562	0	-7.3438	3	-1	1	0	0	0	0
8	279.22	-0.58313	-7.3354	-0.58313	-7.3354	0	1	90	0	4.6562	-1	-9	3.6562	0	-7.3438	3	-1	1	0	0	0	0
8	295.88	-0.58313	-7.3354	-0.58313	-7.3354	0	1	90	0	4.6562	-1	-9	3.6562	0	-7.3438	3	-1	1	0	0	0	0
8	312.46	-0.58313	-7.3354	-0.58313	-7.3354	0	1	90	0	4.6562	-1	-9	3.6562	0	-7.3438	3	-1	1	0	0	0	0
8	329.08	-0.58313	-7.3354	-0.58313	-7.3354	0	1	90	0	4.6562	-1	-9	3.6562	0	-7.3438	3	-1	1	0	0	0	0
8	345.65	-0.58313	-7.3354	-0.58313	-7.3354	0	1	90	0	4.6562	-1	-9	3.6562	0	-7.3438	3	-1	1	0	0	0	0
8	362.21	-0.58313	-7.3354	-0.58313	-7.3354	0	1	90	0	4.6562	-1	-9	3.6562	0	-7.3438	3	-1	1	0	0	0	0
8	378.82	-0.58313	-7.3354	-0.58313	-7.3354	0	1	90	0	4.6562	-1	-9	3.6562	0	-7.3438	3	-1	1	0	0	0	0
8	395.39	-0.58313	-7.3354	-0.58313	-7.3354	0	1	90	0	4.6562	-1	-9	3.6562	0	-7.3438	3	-1	1	0	0	0	0
8	412.02	-0.58313	-7.3354	-0.58313	-7.3354	0	1	90	0	4.6562	-1	-9	3.6562	0	-7.3438	3	-1	1	0	0	0	0
8	428.64	-0.58313	-7.3354	-0.58313	-7.3354	0	1	90	0	4.6562	-1	-9	3.6562	0	-7.3438	3	-1	1	0	0	0	0
8	445.24	-0.58313	-7.3354	-0.58313	-7.3354	0	1	90	0	4.6562	-1	-9	3.6562	0	-7.3438	3	-1	1	0	0	0	0
8	461.79	-0.58313	-7.3354	-0.58313	-7.3354	0	1	90	0	4.6562	-1	-9	3.6562	0	-7.3438	3	-1	1	0	0	0	0
8	478.39	-0.58313	-7.3354	-0.58313	-7.3354	0	1	90	0	4.6562	-1	-9	3.6562	0	-7.3438	3	-1	1	0	0	0	0
8	494.93	-0.58313	-7.3354	-0.58313	-7.3354	0	1	90	0	4.6562	-1	-9	3.6562	0	-7.3438	3	-1	1	0	0	0	0
8	511.57	-0.58313	-7.3354	-0.58313	-7.3354	0	1	90	0	4.6562	-1	-9	3.6562	0	-7.3438	3	-1	1	0	0	0	0
8	528.15	-0.58313	-7.3354	-0.58313	-7.3354	0	1	90	0	4.6562	-1	-9	3.6562	0	-7.3438	3	-1	1	0	0	0	0
8	544.76	-0.58313	-7.3354	-0.58313	-7.3354	0	1	90	0	4.6562	-1	-9	3.6562	0	-7.3438	3	-1	1	0	0	0	0
8	561.38	-0.58313	-7.3354	-0.58313	-7.3354	0	1	90	0	4.6562	-1	-9	3.6562	0	-7.3438	3	-1	1	0	0	0	0
8	577.98	-0.58313	-7.3354	-0.58313	-7.3354	0	1	90	0	4.6562	-1	-9	3.6562	0	-7.3438	3	-1	1	0	0	0	0
8	594.54	-0.58313	-7.3354	-0.58313	-7.3354	0	1	90	0	4.6562	-1	-9	3.6562	0	-7.3438	3	-1	1	0	0	0	0
8	611.09	-0.58313	-7.3354	-0.58313	-7.3354	0	1	90	0	4.6562	-1	-9	3.6562	0	-7.3438	3	-1	1	0	0	0	0
8	627.74	-0.58313	-7.3354	-0.58313	-7.3354	0	1	90	0	4.6562	-1	-9	3.6562	0	-7.3438	3	-1	1	0	0	0	0
8	644.25	-0.58313	-7.3354	-0.58313	-7.3354	0	1	90	0	4.6562	-1	-9	3.6562	0	-7.3438	3	-1	1	0	0	0	0
8	660.94	-0.58313	-7.3354	-0.58313	-7.3354	0	1	90	0	4.6562	-1	-9	3.6562	0	-7.3438	3	-1	1	1	0	0	0
8	677.52	-0.56302	-7.3032	-0.56302	-7.3032	0	1	90	0	4.6562	-1	-9	3.6562	0	-7.3438	3	-1	1	1	0	0	0
8	694.13	-0.48259	-7.2388	-0.48259	-7.2388	0	1	90	0	4.6562	-1	-9	3.6562	0	-7.3438	3	-1	1	1	0	0	0
8	710.72	-0.40216	-7.078	-0.40216	-7.078	0	1	90	0	4.6562	-1	-9	3.6562	0	-7.3438	3	-1	1	1	0	0	0
8	727.29	-0.36194	-6.9815	-0.36194	-6.9815	0	1	90	0	4.6562	-1	-9	3.6562	0	-7.3438	3	-1	1	1	0	0	0
8	743.87	-0.2614	-6.7241	-0.2614	-6.7241	0	1	90	0	4.6562	-1	-9	3.6562	0	-7.3438	3	-1	1	1	0	0	0
8	760.47	-0.14076	-6.4024	-0.14076	-6.4024	0	1	90	0	4.6562	-1	-9	3.6562	0	-7.3438	3	-1	1	1	0	0	0
8	777.13	-0.080432	-6.2093	-0.080432	-6.2093	0	1	90	0	4.6562	-1	-9	3.6562	0	-7.3438	3	-1	1	1	0	0	0
8	793.71	0.080432	-5.8232	0.080432	-5.8232	0	1	90	0	4.6562	-1	-9	3.6562	0	-7.3438	3	-1	1	1	0	0	0
8	810.27	0.24129	-5.3728	0.24129	-5.3728	0	1	90	0	4.6562	-1	-9	3.6562	0	-7.3438	3	-1	1	1	0	0	0
8	826.86	0.34183	-5.1476	0.34183	-5.1476	0	1	90	0	4.6562	-1	-9	3.6562	0	-7.3438	3	-1	1	1	0	0	0
8	843.45	0.54291	-4.6972	0.54291	-4.6972	0	2	90	0	4.6562	-1	-9	3.6562	0	-7.3438	3	-1	1	1	0	0	0
8	860.12	0.74399	-4.2146	0.74399	-4.2146	0	2	90	0	4.6562	-1	-9	3.6562	0	-7.3438	3	-1	1	1	0	0	0
8	876.68	0.86464	-3.9894	0.86464	-3.9894	0	2	90	0	4.6562	-1	-9	3.6562	0	-7.3438	3	-1	1	1	0	0	0
8	893.24	1.0858	-3.5068	1.0858	-3.5068	0	2	90	0	4.6562	-1	-9	3.6562	0	-7.3438	3	-1	1	1	0	0	0
8	909.86	1.2065	-3.2494	1.2065	-3.2494	0	2	90	0	4.6562	-1	-9	3.6562	0	-7.3438	3	-1	1	1	0	0	0
8	926.44	1.4679	-2.7668	1.4679	-2.7668	0	2	90	0	4.6562	-1	-9	3.6562	0	-7.3438	3	-1	1	1	0	0	0
8	943.01	1.7293	-2.2843	1.7293	-2.2843	0	2	90	0	4.6562	-1	-9	3.6562	0	-7.3438	3	-1	1	1	0	0	0
8	959.6	1.87	-2.0269	1.87	-2.0269	0	2	90	0	4.6562	-1	-9	3.6562	0	-7.3438	3	-1	1	1	0	1	0
8	976.15	2.1515	-1.5121	2.1515	-1.5121	0	2	90	0	4.6562	-1	-9	3.6562	0	-7.3438	3	-1	1	1	0	0	0
8	992.76	2.4331	-1.0295	2.4331	-1.0295	0	2	90	0	4.6562	-1	-9	3.6562	0	-7.3438	3	-1	1	1	0	0	0
8	1009.4	2.5738	-0.77214	2.5738	-0.77214	0	2	90	0	4.6562	-1	-9	3.6562	0	-7.3438	3	-1	1	1	0	0	0
8	1026	2.8553	-0.28955	2.8553	-0.28955	0	2	90	0	4.6562	-1	-9	3.6562	0	-7.3438	3	-1	1	1	0	0	0
8	1042.6	3.1569	0.19304	3.1569	0.19304	0	2	90	0	4.6562	-1	-9	3.6562	0	-7.3438	3	-1	1	1	0	0	0
8	1059.1	3.2977	0.41824	3.2977	0.41824	0	2	90	0	4.6562	-1	-9	3.6562	0	-7.3438	3	-1	1	1	0	0	0
8	1075.8	3.5792	0.90083	3.5792	0.90083	0	2	90	0	4.6562	-1	-9	3.6562	0	-7.3438	3	-1	1	1	0	0	0
8	1092.3	3.8607	1.3191	3.8607	1.3191	0	2	90	0	4.6562	-1	-9	3.6562	0	-7.3438	3	-1	1	1	0	0	0
8	1109	4.0015	1.5443	4.0015	1.5443	0	2	90	0	4.6562	-1	-9	3.6562	0	-7.3438	3	-1	1	1	0	0	0
8	1125.5	4.2428	1.9625	4.2428	1.9625	0	2	90	0	4.6562	-1	-9	3.6562	0	-7.3438	3	-1	1	1	0	0	0
8	1142.1	4.4841	2.3486	4.4841	2.3486	0	2	90	0	4.6562	-1	-9	3.6562	0	-7.3438	3	-1	1	1	0	0	0
8	1158.8	4.5846	2.5095	4.5846	2.5095	0	2	90	0	4.6562	-1	-9	3.6562	0	-7.3438	3	-1	1	1	0	0	0
8	1175.3	4.7656	2.7668	4.7656	2.7668	0	2	90	0	4.6562	-1	-9	3.6562	0	-7.3438	3	-1	1	1	0	0	0
8	1191.9	4.9063	2.9599	4.9063	2.9599	0	2	90	0	4.6562	-1	-9	3.6562	0	-7.3438	3	-1	1	1	0	0	0
8	1208.5	4.9465	3.0242	4.9465	3.0242	0	2	90	0	4.6562	-1	-9	3.6562	0	-7.3438	3	-1	1	1	0	0	0
8	1225.2	5.0069	3.1207	5.0069	3.1207	0	2	90	0	4.6562	-1	-9	3.6562	0	-7.3438	3	-1	1	0	0	0	0
8	1241.7	5.027	3.1207	5.027	3.1207	0	2	90	0	4.6562	-1	-9	3.6562	0	-7.3438	3	-1	1	0	0	0	0
8	1258.3	5.027	3.1529	5.027	3.1529	0	2	90	0	4.6562	-1	-9	3.6562	0	-7.3438	3	-1	1	0	0	0	0
8	1274.9	5.027	3.1529	5.027	3.1529	0	2	90	0	4.6562	-1	-9	3.6562	0	-7.3438	3	-1	1	0	0	0	0
8	1291.5	5.027	3.1529	5.027	3.1529	0	2	90	0	4.6562	-1	-9	3.6562	0	-7.3438	3	-1	1	0	0	0	0
8	1308.1	5.027	3.1529	5.027	3.1529	0	2	90	0	4.6562	-1	-9	3.6562	0	-7.3438	3	-1	1	0	0	0	0
8	1324.7	5.027	3.1529	5.027	3.1529	0	3	90	0	4.6562	-1	-9	3.6562	0	-7.3438	3	-1	1	0	0	0	0
9	30.356	0.32173	-7.3354	0.32173	-7.3354	0	1	90	0	4.6562	-1	-9	3.6562	0	-7.3438	3	-1	1	0	0	0	0
9	46.985	0.30162	-7.4319	0.30162	-7.4319	0	1	90	0	4.6562	-1	-9	3.6562	0	-7.3438	3	-1	1	0	0	0	0
9	63.602	0.30162	-7.464	0.30162	-7.464	0	1	90	0	4.6562	-1	-9	3.6562	0	-7.3438	3	-1	1	0	0	0	0
9	80.201	0.30162	-7.464	0.30162	-7.464	0	1	90	0	4.6562	-1	-9	3.6562	0	-7.3438	3	-1	1	0	0	0	0
9	96.716	0.30162	-7.464	0.30162	-7.464	0	1	90	0	4.6562	-1	-9	3.6562	0	-7.3438	3	-1	1	0	0	0	0
9	113.37	0.30162	-7.464	0.30162	-7.464	0	1	90	0	4.6562	-1	-9	3.6562	0	-7.3438	3	-1	1	0	0	0	0
9	129.91	0.30162	-7.464	0.30162	-7.464	0	1	90	0	4.6562	-1	-9	3.6562	0	-7.3438	3	-1	1	0	0	0	0
9	146.53	0.30162	-7.464	0.30162	-7.464	0	1	90	0	4.6562	-1	-9	3.6562	0	-7.3438	3	-1	1	0	0	0	0
9	163.12	0.30162	-7.464	0.30162	-7.464	0	1	90	0	4.6562	-1	-9	3.6562	0	-7.3438	3	-1	1	0	0	0	0
9	179.77	0.30162	-7.464	0.30162	-7.464	0	1	90	0	4.6562	-1	-9	3.6562	0	-7.3438	3	-1	1	0	0	0	0
9	196.34	0.30162	-7.464	0.30162	-7.464	0	1	90	0	4.6562	-1	-9	3.6562	0	-7.3438	3	-1	1	0	0	0	0
9	212.91	0.30162	-7.464	0.30162	-7.464	0	1	90	0	4.6562	-1	-9	3.6562	0	-7.3438	3	-1	1	0	0	0	0
9	229.48	0.30162	-7.464	0.30162	-7.464	0	1	90	0	4.6562	-1	-9	3.6562	0	-7.3438	3	-1	1	0	0	0	0
9	246.1	0.30162	-7.464	0.30162	-7.464	0	1	90	0	4.6562	-1	-9	3.6562	0	-7.3438	3	-1	1	0	0	0	0
9	262.77	0.30162	-7.464	0.30162	-7.464	0	1	90	0	4.6562	-1	-9	3.6562	0	-7.3438	3	-1	1	0	0	0	0
9	279.34	0.30162	-7.464	0.30162	-7.464	0	1	90	0	4.6562	-1	-9	3.6562	0	-7.3438	3	-1	1	0	0	0	0
9	295.94	0.30162	-7.464	0.30162	-7.464	0	1	90	0	4.6562	-1	-9	3.6562	0	-7.3438	3	-1	1	0	0	0	0
9	312.52	0.30162	-7.464	0.30162	-7.464	0	1	90	0	4.6562	-1	-9	3.6562	0	-7.3438	3	-1	1	0	0	0	0
9	329.05	0.30162	-7.464	0.30162	-7.464	0	1	90	0	4.6562	-1	-9	3.6562	0	-7.3438	3	-1	1	0	0	0	0
9	345.6	0.30162	-7.464	0.30162	-7.464	0	1	90	0	4.6562	-1	-9	3.6562	0	-7.3438	3	-1	1	0	0	0	0
9	362.24	0.30162	-7.464	0.30162	-7.464	0	1	90	0	4.6562	-1	-9	3.6562	0	-7.3438	3	-1	1	0	0	0	0
9	378.89	0.30162	-7.464	0.30162	-7.464	0	1	90	0	4.6562	-1	-9	3.6562	0	-7.3438	3	-1	1	0	0	0	0
9	395.46	0.30162	-7.464	0.30162	-7.464	0	1	90	0	4.6562	-1	-9	3.6562	0	-7.3438	3	-1	1	0	0	0	0
9	412.05	0.30162	-7.464	0.30162	-7.464	0	1	90	0	4.6562	-1	-9	3.6562	0	-7.3438	3	-1	1	0	0	0	0
9	428.62	0.30162	-7.464	0.30162	-7.464	0	1	90	0	4.6562	-1	-9	3.6562	0	-7.3438	3	-1	1	0	0	0	0
9	445.21	0.30162	-7.464	0.30162	-7.464	0	1	90	0	4.6562	-1	-9	3.6562	0	-7.3438	3	-1	1	0	0	0	0
9	461.83	0.30162	-7.464	0.30162	-7.464	0	1	90	0	4.6562	-1	-9	3.6562	0	-7.3438	3	-1	1	0	0	0	0
9	478.39	0.30162	-7.464	0.30162	-7.464	0	1	90	0	4.6562	-1	-9	3.6562	0	-7.3438	3	-1	1	0	0	0	0
9	494.97	0.30162	-7.464	0.30162	-7.464	0	1	90	0	4.6562	-1	-9	3.6562	0	-7.3438	3	-1	1	0	0	0	0
9	511.65	0.30162	-7.464	0.30162	-7.464	0	1	90	0	4.6562	-1	-9	3.6562	0	-7.3438	3	-1	1	0	0	0	0
9	528.23	0.30162	-7.464	0.30162	-7.464	0	1	90	0	4.6562	-1	-9	3.6562	0	-7.3438	3	-1	1	0	0	0	0
9	544.58	0.30162	-7.464	0.30162	-7.464	0	1	90	0	4.6562	-1	-9	3.6562	0	-7.3438	3	-1	1	0	0	0	0
9	561.41	0.30162	-7.464	0.30162	-7.464	0	1	90	0	4.6562	-1	-9	3.6562	0	-7.3438	3	-1	1	0	0	0	0
9	577.95	0.30162	-7.464	0.30162	-7.464	0	1	90	0	4.6562	-1	-9	3.6562	0	-7.3438	3	-1	1	0	0	0	0
9	594.62	0.30162	-7.464	0.30162	-7.464	0	1	90	0	4.6562	-1	-9	3.6562	0	-7.3438	3	-1	1	0	0	0	0
9	611.17	0.30162	-7.464	0.30162	-7.464	0	1	90	0	4.6562	-1	-9	3.6562	0	-7.3438	3	-1	1	0	0	0	0
9	627.78	0.30162	-7.464	0.30162	-7.464	0	1	90	0	4.6562	-1	-9	3.6562	0	-7.3438	3	-1	1	0	0	0	0
9	644.39	0.30162	-7.464	0.30162	-7.464	0	1	90	0	4.6562	-1	-9	3.6562	0	-7.3438	3	-1	1	1	0	0	0
9	660.89	0.30162	-7.464	0.30162	-7.464	0	1	90	0	4.6562	-1	-9	3.6562	0	-7.3438	3	-1	1	1	0	0	0
9	677.54	0.34183	-7.3675	0.34183	-7.3675	0	1	90	0	4.6562	-1	-9	3.6562	0	-7.3438	3	-1	1	1	0	0	0
9	694.12	0.38205	-7.1423	0.38205	-7.1423	0	1	90	0	4.6562	-1	-9	3.6562	0	-7.3438	3	-1	1	1	0	0	0
9	710.69	0.46248	-6.8528	0.46248	-6.8528	0	1	90	0	4.6562	-1	-9	3.6562	0	-7.3438	3	-1	1	1	0	0	0
9	727.36	0.5027	-6.6919	0.5027	-6.6919	0	1	90	0	4.6562	-1	-9	3.6562	0	-7.3438	3	-1	1	1	0	0	0
9	743.96	0.58313	-6.338	0.58313	-6.338	0	1	90	0	4.6562	-1	-9	3.6562	0	-7.3438	3	-1	1	1	0	0	0
9	760.57	0.64345	-6.145	0.64345	-6.145	0	1	90	0	4.6562	-1	-9	3.6562	0	-7.3438	3	-1	1	1	0	0	0
9	777.12	0.7641	-5.7589	0.7641	-5.7589	0	1	90	0	4.6562	-1	-9	3.6562	0	-7.3438	3	-1	1	1	0	0	0
9	793.7	0.90485	-5.3407	0.90485	-5.3407	0	1	90	0	4.6562	-1	-9	3.6562	0	-7.3438	3	-1	1	1	0	0	0
9	810.3	1.0657	-4.8902	1.0657	-4.8902	0	2	90	0	4.6562	-1	-9	3.6562	0	-7.3438	3	-1	1	1	0	0	0
9	826.92	1.1461	-4.6329	1.1461	-4.6329	0	2	90	0	4.6562	-1	-9	3.6562	0	-7.3438	3	-1	1	1	0	0	0
9	843.48	1.3472	-4.1181	1.3472	-4.1181	0	2	90	0	4.6562	-1	-9	3.6562	0	-7.3438	3	-1	1	1	0	0	0
9	860.08	1.4478	-3.8607	1.4478	-3.8607	0	2	90	0	4.6562	-1	-9	3.6562	0	-7.3438	3	-1	1	1	0	0	0
9	876.7	1.669	-3.3138	1.669	-3.3138	0	2	90	0	4.6562	-1	-9	3.6562	0	-7.3438	3	-1	1	1	0	1	0
9	893.25	1.87	-2.799	1.87	-2.799	0	2	90	0	4.6562	-1	-9	3.6562	0	-7.3438	3	-1	1	1	0	0	0
9	909.85	2.0912	-2.2521	2.0912	-2.2521	0	2	90	0	4.6562	-1	-9	3.6562	0	-7.3438	3	-1	1	1	0	0	0
9	926.46	2.1918	-1.9947	2.1918	-1.9947	0	2	90	0	4.6562	-1	-9	3.6562	0	-7.3438	3	-1	1	1	0	0	0
9	943.06	2.3928	-1.4799	2.3928	-1.4799	0	2	90	0	4.6562	-1	-9	3.6562	0	-7.3438	3	-1	1	1	0	0	0
9	959.69	2.4934	-1.2226	2.4934	-1.2226	0	2	90	0	4.6562	-1	-9	3.6562	0	-7.3438	3	-1	1	1	0	0	0
9	976.25	2.6945	-0.7078	2.6945	-0.7078	0	2	90	0	4.6562	-1	-9	3.6562	0	-7.3438	3	-1	1	1	0	0	0
9	992.81	2.8955	-0.22521	2.8955	-0.22521	0	2	90	0	4.6562	-1	-9	3.6562	0	-7.3438	3	-1	1	1	0	0	0
9	1009.4	3.0966	0.25738	3.0966	0.25738	0	2	90	0	4.6562	-1	-9	3.6562	0	-7.3438	3	-1	1	1	0	0	0
9	1026	3.177	0.48259	3.177	0.48259	0	2	90	0	4.6562	-1	-9	3.6562	0	-7.3438	3	-1	1	1	0	0	0
9	1042.6	3.3781	0.90083	3.3781	0.90083	0	2	90	0	4.6562	-1	-9	3.6562	0	-7.3438	3	-1	1	1	0	0	0
9	1059.2	3.4586	1.0939	3.4586	1.0939	0	2	90	0	4.6562	-1	-9	3.6562	0	-7.3438	3	-1	1	1	0	0	0
9	1075.9	3.6596	1.5121	3.6596	1.5121	0	2	90	0	4.6562	-1	-9	3.6562	0	-7.3438	3	-1	1	1	0	0	0
9	1092.4	3.8406	1.8982	3.8406	1.8982	0	2	90	0	4.6562	-1	-9	3.6562	0	-7.3438	3	-1	1	1	0	0	0
9	1109	4.0015	2.2521	4.0015	2.2521	0	2	90	0	4.6562	-1	-9	3.6562	0	-7.3438	3	-1	1	1	0	0	0
9	1125.6	4.0819	2.4451	4.0819	2.4451	0	2	90	0	4.6562	-1	-9	3.6562	0	-7.3438	3	-1	1	1	0	0	0
9	1142.2	4.2227	2.7668	4.2227	2.7668	0	2	90	0	4.6562	-1	-9	3.6562	0	-7.3438	3	-1	1	1	0	0	0
9	1158.8	4.3031	2.8955	4.3031	2.8955	0	2	90	0	4.6562	-1	-9	3.6562	0	-7.3438	3	-1	1	1	0	0	0
9	1175.4	4.4237	3.1851	4.4237	3.1851	0	2	90	0	4.6562	-1	-9	3.6562	0	-7.3438	3	-1	1	1	0	0	0
9	1191.9	4.5243	3.3781	4.5243	3.3781	0	2	90	0	4.6562	-1	-9	3.6562	0	-7.3438	3	-1	1	1	0	0	0
9	1208.6	4.5645	3.4746	4.5645	3.4746	0	2	90	0	4.6562	-1	-9	3.6562	0	-7.3438	3	-1	1	1	0	0	0
9	1225.2	4.6449	3.6677	4.6449	3.6677	0	2	90	0	4.6562	-1	-9	3.6562	0	-7.3438	3	-1	1	1	0	0	0
9	1241.7	4.7254	3.7964	4.7254	3.7964	0	2	90	0	4.6562	-1	-9	3.6562	0	-7.3438	3	-1	1	1	0	0	0
9	1258.3	4.7455	3.8607	4.7455	3.8607	0	2	90	0	4.6562	-1	-9	3.6562	0	-7.3438	3	-1	1	1	0	0	0
9	1274.9	4.8058	3.9251	4.8058	3.9251	0	2	90	0	4.6562	-1	-9	3.6562	0	-7.3438	3	-1	1	1	0	0	0
9	1291.5	4.8259	3.9894	4.8259	3.9894	0	2	90	0	4.6562	-1	-9	3.6562	0	-7.3438	3	-1	1	0	0	0	0
9	1308.1	4.8259	3.9894	4.8259	3.9894	0	2	90	0	4.6562	-1	-9	3.6562	0	-7.3438	3	-1	1	0	0	0	0
9	1324.7	4.8259	3.9894	4.8259	3.9894	0	3	90	0	4.6562	-1	-9	3.6562	0	-7.3438	3	-1	1	0	0	0	0
10	30.396	0.64345	-7.3997	0.64345	-7.3997	0	1	75	3.1058	4.2473	-1	-5.8942	3.2474	0	-7.3438	3	-1	1	0	0	0	0
10	46.967	0.64345	-7.3997	0.64345	-7.3997	0	1	75	3.1058	4.2473	-1	-5.8942	3.2474	0	-7.3438	3	-1	1	0	0	0	0
10	63.572	0.64345	-7.3997	0.64345	-7.3997	0	1	75	3.1058	4.2473	-1	-5.8942	3.2474	0	-7.3438	3	-1	1	0	0	0	0
10	80.162	0.64345	-7.3997	0.64345	-7.3997	0	1	75	3.1058	4.2473	-1	-5.8942	3.2474	0	-7.3438	3	-1	1	0	0	0	0
10	96.756	0.64345	-7.3997	0.64345	-7.3997	0	1	75	3.1058	4.2473	-1	-5.8942	3.2474	0	-7.3438	3	-1	1	0	0	0	0
10	113.4	0.64345	-7.3997	0.64345	-7.3997	0	1	75	3.1058	4.2473	-1	-5.8942	3.2474	0	-7.3438	3	-1	1	0	0	0	0
10	129.94	0.64345	-7.3997	0.64345	-7.3997	0	1	75	3.1058	4.2473	-1	-5.8942	3.2474	0	-7.3438	3	-1	1	0	0	0	0
10	146.57	0.64345	-7.3997	0.64345	-7.3997	0	1	75	3.1058	4.2473	-1	-5.8942	3.2474	0	-7.3438	3	-1	1	0	0	0	0
10	163.16	0.64345	-7.3997	0.64345	-7.3997	0	1	75	3.1058	4.2473	-1	-5.8942	3.2474	0	-7.3438	3	-1	1	0	0	0	0
10	179.73	0.64345	-7.3997	0.64345	-7.3997	0	1	75	3.1058	4.2473	-1	-5.8942	3.2474	0	-7.3438	3	-1	1	0	0	0	0
10	196.33	0.64345	-7.3997	0.64345	-7.3997	0	1	75	3.1058	4.2473	-1	-5.8942	3.2474	0	-7.3438	3	-1	1	0	0	0	0
10	212.93	0.64345	-7.3997	0.64345	-7.3997	0	1	75	3.1058	4.2473	-1	-5.8942	3.2474	0	-7.3438	3	-1	1	0	0	0	0
10	229.56	0.64345	-7.3997	0.64345	-7.3997	0	1	75	3.1058	4.2473	-1	-5.8942	3.2474	0	-7.3438	3	-1	1	0	0	0	0
10	246.14	0.64345	-7.3997	0.64345	-7.3997	0	1	75	3.1058	4.2473	-1	-5.8942	3.2474	0	-7.3438	3	-1	1	0	0	0	0
10	262.71	0.64345	-7.3997	0.64345	-7.3997	0	1	75	3.1058	4.2473	-1	-5.8942	3.2474	0	-7.3438	3	-1	1	0	0	0	0
10	279.29	0.64345	-7.3997	0.64345	-7.3997	0	1	75	3.1058	4.2473	-1	-5.8942	3.2474	0	-7.3438	3	-1	1	0	0	0	0
10	295.83	0.64345	-7.3997	0.64345	-7.3997	0	1	75	3.1058	4.2473	-1	-5.8942	3.2474	0	-7.3438	3	-1	1	0	0	0	0
10	312.51	0.64345	-7.3997	0.64345	-7.3997	0	1	75	3.1058	4.2473	-1	-5.8942	3.2474	0	-7.3438	3	-1	1	0	0	0	0
10	329.11	0.64345	-7.3997	0.64345	-7.3997	0	1	75	3.1058	4.2473	-1	-5.8942	3.2474	0	-7.3438	3	-1	1	0	0	0	0
10	345.71	0.64345	-7.3997	0.64345	-7.3997	0	1	75	3.1058	4.2473	-1	-5.8942	3.2474	0	-7.3438	3	-1	1	0	0	0	0
10	362.3	0.64345	-7.3997	0.64345	-7.3997	0	1	75	3.1058	4.2473	-1	-5.8942	3.2474	0	-7.3438	3	-1	1	0	0	0	0
10	378.88	0.64345	-7.3997	0.64345	-7.3997	0	1	75	3.1058	4.2473	-1	-5.8942	3.2474	0	-7.3438	3	-1	1	0	0	0	0
10	395.43	0.64345	-7.3997	0.64345	-7.3997	0	1	75	3.1058	4.2473	-1	-5.8942	3.2474	0	-7.3438	3	-1	1	0	0	0	0
10	412.03	0.64345	-7.3997	0.64345	-7.3997	0	1	75	3.1058	4.2473	-1	-5.8942	3.2474	0	-7.3438	3	-1	1	0	0	0	0
10	428.6	0.64345	-7.3997	0.64345	-7.3997	0	1	75	3.1058	4.2473	-1	-5.8942	3.2474	0	-7.3438	3	-1	1	0	0	0	0
10	445.23	0.64345	-7.3997	0.64345	-7.3997	0	1	75	3.1058	4.2473	-1	-5.8942	3.2474	0	-7.3438	3	-1	1	0	0	0	0
10	461.84	0.64345	-7.3997	0.64345	-7.3997	0	1	75	3.1058	4.2473	-1	-5.8942	3.2474	0	-7.3438	3	-1	1	0	0	0	0
10	478.46	0.64345	-7.3997	0.64345	-7.3997	0	1	75	3.1058	4.2473	-1	-5.8942	3.2474	0	-7.3438	3	-1	1	0	0	0	0
10	495.04	0.64345	-7.3997	0.64345	-7.3997	0	1	75	3.1058	4.2473	-1	-5.8942	3.2474	0	-7.3438	3	-1	1	0	0	0	0
10	511.57	0.64345	-7.3997	0.64345	-7.3997	0	1	75	3.1058	4.2473	-1	-5.8942	3.2474	0	-7.3438	3	-1	1	0	0	0	0
10	528.18	0.64345	-7.3997	0.64345	-7.3997	0	1	75	3.1058	4.2473	-1	-5.8942	3.2474	0	-7.3438	3	-1	1	0	0	0	0
10	544.81	0.64345	-7.3997	0.64345	-7.3997	0	1	75	3.1058	4.2473	-1	-5.8942	3.2474	0	-7.3438	3	-1	1	0	0	0	0
10	561.4	0.64345	-7.3997	0.64345	-7.3997	0	1	75	3.1058	4.2473	-1	-5.8942	3.2474	0	-7.3438	3	-1	1	0	0	0	0
10	578.03	0.64345	-7.3997	0.64345	-7.3997	0	1	75	3.1058	4.2473	-1	-5.8942	3.2474	0	-7.3438	3	-1	1	0	0	0	0
10	594.58	0.64345	-7.3997	0.64345	-7.3997	0	1	75	3.1058	4.2473	-1	-5.8942	3.2474	0	-7.3438	3	-1	1	0	0	0	0
10	611.18	0.64345	-7.3997	0.64345	-7.3997	0	1	75	3.1058	4.2473	-1	-5.8942	3.2474	0	-7.3438	3	-1	1	0	0	0	0
10	627.75	0.64345	-7.3997	0.64345	-7.3997	0	1	75	3.1058	4.2473	-1	-5.8942	3.2474	0	-7.3438	3	-1	1	0	0	0	0
10	644.37	0.64345	-7.3997	0.64345	-7.3997	0	1	75	3.1058	4.2473	-1	-5.8942	3.2474	0	-7.3438	3	-1	1	0	0	0	0
10	660.96	0.64345	-7.3997	0.64345	-7.3997	0	1	75	3.1058	4.2473	-1	-5.8942	3.2474	0	-7.3438	3	-1	1	0	0	0	0
10	677.59	0.64345	-7.3997	0.64345	-7.3997	0	1	75	3.1058	4.2473	-1	-5.8942	3.2474	0	-7.3438	3	-1	1	0	0	0	0
10	694.2	0.64345	-7.3997	0.64345	-7.3997	0	1	75	3.1058	4.2473	-1	-5.8942	3.2474	0	-7.3438	3	-1	1	0	0	0	0
10	710.77	0.64345	-7.3997	0.64345	-7.3997	0	1	75	3.1058	4.2473	-1	-5.8942	3.2474	0	-7.3438	3	-1	1	0	0	0	0
10	727.33	0.64345	-7.3997	0.64345	-7.3997	0	1	75	3.1058	4.2473	-1	-5.8942	3.2474	0	-7.3438	3	-1	1	0	0	0	0
10	743.9	0.64345	-7.3997	0.64345	-7.3997	0	1	75	3.1058	4.2473	-1	-5.8942	3.2474	0	-7.3438	3	-1	1	0	0	0	0
10	760.52	0.64345	-7.3997	0.64345	-7.3997	0	1	75	3.1058	4.2473	-1	-5.8942	3.2474	0	-7.3438	3	-1	1	0	0	0	0
10	777.12	0.64345	-7.3997	0.64345	-7.3997	0	1	75	3.1058	4.2473	-1	-5.8942	3.2474	0	-7.3438	3	-1	1	0	0	0	0
10	793.71	0.64345	-7.3997	0.64345	-7.3997	0	1	75	3.1058	4.2473	-1	-5.8942	3.2474	0	-7.3438	3	-1	1	0	0	0	0
10	810.34	0.64345	-7.3997	0.64345	-7.3997	0	1	75	3.1058	4.2473	-1	-5.8942	3.2474	0	-7.3438	3	-1	1	0	0	0	0
10	826.92	0.64345	-7.3997	0.64345	-7.3997	0	1	75	3.1058	4.2473	-1	-5.8942	3.2474	0	-7.3438	3	-1	1	0	0	0	0
10	843.49	0.64345	-7.3997	0.64345	-7.3997	0	1	75	3.1058	4.2473	-1	-5.8942	3.2474	0	-7.3438	3	-1	1	0	0	0	0
10	860.08	0.64345	-7.3997	0.64345	-7.3997	0	1	75	3.1058	4.2473	-1	-5.8942	3.2474	0	-7.3438	3	-1	1	0	0	0	0
10	876.65	0.64345	-7.3997	0.64345	-7.3997	0	1	75	3.1058	4.2473	-1	-5.8942	3.2474	0	-7.3438	3	-1	1	0	0	0	0
10	893.32	0.64345	-7.3997	0.64345	-7.3997	0	1	75	3.1058	4.2473	-1	-5.8942	3.2474	0	-7.3438	3	-1	1	0	0	0	0
10	909.91	0.64345	-7.3997	0.64345	-7.3997	0	1	75	3.1058	4.2473	-1	-5.8942	3.2474	0	-7.3438	3	-1	1	1	0	0	0
10	926.5	0.66356	-7.3675	0.66356	-7.3675	0	1	75	3.1058	4.2473	-1	-5.8942	3.2474	0	-7.3438	3	-1	1	1	0	0	0
10	943.08	0.72388	-7.3032	0.72388	-7.3032	0	1	75	3.1058	4.2473	-1	-5.8942	3.2474	0	-7.3438	3	-1	1	1	0	0	0
10	959.65	0.74399	-7.2388	0.74399	-7.2388	0	1	75	3.1058	4.2473	-1	-5.8942	3.2474	0	-7.3438	3	-1	1	1	0	0	0
10	976.22	0.84453	-7.1101	0.84453	-7.1101	0	1	75	3.1058	4.2473	-1	-5.8942	3.2474	0	-7.3438	3	-1	1	1	0	0	0
10	992.88	1.0054	-6.8849	1.0054	-6.8849	0	1	75	3.1058	4.2473	-1	-5.8942	3.2474	0	-7.3438	3	-1	1	1	0	0	0
10	1009.6	1.1059	-6.7562	1.1059	-6.7562	0	1	75	3.1058	4.2473	-1	-5.8942	3.2474	0	-7.3438	3	-1	1	1	0	0	0
10	1026	1.307	-6.4667	1.307	-6.4667	0	1	75	3.1058	4.2473	-1	-5.8942	3.2474	0	-7.3438	3	-1	1	1	0	0	0
10	1042.6	1.4277	-6.3058	1.4277	-6.3058	0	1	75	3.1058	4.2473	-1	-5.8942	3.2474	0	-7.3438	3	-1	1	1	0	0	0
10	1059.2	1.6891	-5.9198	1.6891	-5.9198	0	1	75	3.1058	4.2473	-1	-5.8942	3.2474	0	-7.3438	3	-1	1	1	0	0	0
10	1075.8	1.9706	-5.5015	1.9706	-5.5015	0	2	75	3.1058	4.2473	-1	-5.8942	3.2474	0	-7.3438	3	-1	1	1	0	0	0
10	1092.4	2.2923	-5.0189	2.2923	-5.0189	0	2	75	3.1058	4.2473	-1	-5.8942	3.2474	0	-7.3438	3	-1	1	1	0	0	0
10	1109	2.4532	-4.7615	2.4532	-4.7615	0	2	75	3.1058	4.2473	-1	-5.8942	3.2474	0	-7.3438	3	-1	1	1	0	0	0
10	1125.6	2.8151	-4.2468	2.8151	-4.2468	0	2	75	3.1058	4.2473	-1	-5.8942	3.2474	0	-7.3438	3	-1	1	1	0	0	0
10	1142.2	2.9961	-3.9894	2.9961	-3.9894	0	2	75	3.1058	4.2473	-1	-5.8942	3.2474	0	-7.3438	3	-1	1	1	0	0	0
10	1158.8	3.3781	-3.5068	3.3781	-3.5068	0	2	75	3.1058	4.2473	-1	-5.8942	3.2474	0	-7.3438	3	-1	1	1	0	1	0
10	1175.4	3.7602	-2.9921	3.7602	-2.9921	0	2	75	3.1058	4.2473	-1	-5.8942	3.2474	0	-7.3438	3	-1	1	1	0	0	0
10	1191.9	4.1422	-2.5095	4.1422	-2.5095	0	2	75	3.1058	4.2473	-1	-5.8942	3.2474	0	-7.3438	3	-1	1	1	0	0	0
10	1208.5	4.3232	-2.2843	4.3232	-2.2843	0	2	75	3.1058	4.2473	-1	-5.8942	3.2474	0	-7.3438	3	-1	1	1	0	0	0
10	1225.2	4.7254	-1.8338	4.7254	-1.8338	0	2	75	3.1058	4.2473	-1	-5.8942	3.2474	0	-7.3438	3	-1	1	1	0	0	0
10	1241.8	4.9264	-1.6086	4.9264	-1.6086	0	2	75	3.1058	4.2473	-1	-5.8942	3.2474	0	-7.3438	3	-1	1	1	0	0	0
10	1258.4	5.3085	-1.1904	5.3085	-1.1904	0	2	75	3.1058	4.2473	-1	-5.8942	3.2474	0	-7.3438	3	-1	1	1	0	0	0
10	1274.9	5.6503	-0.80432	5.6503	-0.80432	0	2	75	3.1058	4.2473	-1	-5.8942	3.2474	0	-7.3438	3	-1	1	1	0	0	0
10	1291.5	5.9922	-0.41824	5.9922	-0.41824	0	2	75	3.1058	4.2473	-1	-5.8942	3.2474	0	-7.3438	3	-1	1	1	0	0	0
10	1308.1	6.1329	-0.25738	6.1329	-0.25738	0	2	75	3.1058	4.2473	-1	-5.8942	3.2474	0	-7.3438	3	-1	1	1	0	0	0
10	1324.7	6.4345	0.096518	6.4345	0.096518	0	2	75	3.1058	4.2473	-1	-5.8942	3.2474	0	-7.3438	3	-1	1	1	0	0	0
10	1341.4	6.5753	0.25738	6.5753	0.25738	0	2	75	3.1058	4.2473	-1	-5.8942	3.2474	0	-7.3438	3	-1	1	1	0	0	0
10	1357.9	6.8367	0.57911	6.8367	0.57911	0	2	75	3.1058	4.2473	-1	-5.8942	3.2474	0	-7.3438	3	-1	1	1	0	0	0
10	1374.5	7.0981	0.86866	7.0981	0.86866	0	2	75	3.1058	4.2473	-1	-5.8942	3.2474	0	-7.3438	3	-1	1	1	0	0	0
10	1391.1	7.2992	1.1582	7.2992	1.1582	0	2	75	3.1058	4.2473	-1	-5.8942	3.2474	0	-7.3438	3	-1	1	1	0	0	0
10	1407.7	7.3997	1.2869	7.3997	1.2869	0	2	75	3.1058	4.2473	-1	-5.8942	3.2474	0	-7.3438	3	-1	1	1	0	0	0
10	1424.2	7.5807	1.5121	7.5807	1.5121	0	2	75	3.1058	4.2473	-1	-5.8942	3.2474	0	-7.3438	3	-1	1	1	0	0	0
10	1440.9	7.6611	1.6408	7.6611	1.6408	0	2	75	3.1058	4.2473	-1	-5.8942	3.2474	0	-7.3438	3	-1	1	1	0	0	0
10	1457.5	7.7818	1.8338	7.7818	1.8338	0	2	75	3.1058	4.2473	-1	-5.8942	3.2474	0	-7.3438	3	-1	1	1	0	0	0
10	1474.1	7.8421	1.9304	7.8421	1.9304	0	2	75	3.1058	4.2473	-1	-5.8942	3.2474	0	-7.3438	3	-1	1	1	0	0	0
10	1490.7	7.9225	2.0912	7.9225	2.0912	0	2	75	3.1058	4.2473	-1	-5.8942	3.2474	0	-7.3438	3	-1	1	1	0	0	0
10	1507.3	7.9828	2.1877	7.9828	2.1877	0	2	75	3.1058	4.2473	-1	-5.8942	3.2474	0	-7.3438	3	-1	1	1	0	0	0
10	1523.9	8.023	2.2843	8.023	2.2843	0	2	75	3.1058	4.2473	-1	-5.8942	3.2474	0	-7.3438	3	-1	1	0	0	0	0
10	1540.5	8.0432	2.3164	8.0432	2.3164	0	2	75	3.1058	4.2473	-1	-5.8942	3.2474	0	-7.3438	3	-1	1	0	0	0	0
10	1557	8.0432	2.3486	8.0432	2.3486	0	2	75	3.1058	4.2473	-1	-5.8942	3.2474	0	-7.3438	3	-1	1	0	0	0	0
10	1573.7	8.0633	2.3486	8.0633	2.3486	0	2	75	3.1058	4.2473	-1	-5.8942	3.2474	0	-7.3438	3	-1	1	0	0	0	0
10	1590.3	8.0633	2.3486	8.0633	2.3486	0	3	75	3.1058	4.2473	-1	-5.8942	3.2474	0	-7.3438	3	-1	1	0	0	0	0
11	30.312	0.46248	-7.2067	0.46248	-7.2067	0	1	105	-3.1058	4.2473	-1	-12.106	3.2474	0	-7.3438	3	-1	1	1	0	0	0
11	46.909	0.44237	-7.271	0.44237	-7.271	0	1	105	-3.1058	4.2473	-1	-12.106	3.2474	0	-7.3438	3	-1	1	1	0	0	0
11	63.533	0.42227	-7.3675	0.42227	-7.3675	0	1	105	-3.1058	4.2473	-1	-12.106	3.2474	0	-7.3438	3	-1	1	1	0	0	0
11	80.087	0.42227	-7.3997	0.42227	-7.3997	0	1	105	-3.1058	4.2473	-1	-12.106	3.2474	0	-7.3438	3	-1	1	1	0	0	0
11	96.686	0.42227	-7.3997	0.42227	-7.3997	0	1	105	-3.1058	4.2473	-1	-12.106	3.2474	0	-7.3438	3	-1	1	1	0	0	0
11	113.28	0.42227	-7.3997	0.42227	-7.3997	0	1	105	-3.1058	4.2473	-1	-12.106	3.2474	0	-7.3438	3	-1	1	1	0	0	0
11	129.85	0.42227	-7.3997	0.42227	-7.3997	0	1	105	-3.1058	4.2473	-1	-12.106	3.2474	0	-7.3438	3	-1	1	1	0	0	0
11	146.46	0.42227	-7.3997	0.42227	-7.3997	0	1	105	-3.1058	4.2473	-1	-12.106	3.2474	0	-7.3438	3	-1	1	1	0	0	0
11	163.11	0.42227	-7.3997	0.42227	-7.3997	0	1	105	-3.1058	4.2473	-1	-12.106	3.2474	0	-7.3438	3	-1	1	1	0	0	0
11	179.66	0.42227	-7.3997	0.42227	-7.3997	0	1	105	-3.1058	4.2473	-1	-12.106	3.2474	0	-7.3438	3	-1	1	1	0	0	0
11	196.24	0.42227	-7.3997	0.42227	-7.3997	0	1	105	-3.1058	4.2473	-1	-12.106	3.2474	0	-7.3438	3	-1	1	1	0	0	0
11	212.86	0.42227	-7.3997	0.42227	-7.3997	0	1	105	-3.1058	4.2473	-1	-12.106	3.2474	0	-7.3438	3	-1	1	1	0	0	0
11	229.42	0.42227	-7.3997	0.42227	-7.3997	0	1	105	-3.1058	4.2473	-1	-12.106	3.2474	0	-7.3438	3	-1	1	1	0	0	0
11	246.05	0.42227	-7.3997	0.42227	-7.3997	0	1	105	-3.1058	4.2473	-1	-12.106	3.2474	0	-7.3438	3	-1	1	1	0	0	0
11	262.65	0.42227	-7.3997	0.42227	-7.3997	0	1	105	-3.1058	4.2473	-1	-12.106	3.2474	0	-7.3438	3	-1	1	1	0	0	0
11	279.24	0.42227	-7.3997	0.42227	-7.3997	0	1	105	-3.1058	4.2473	-1	-12.106	3.2474	0	-7.3438	3	-1	1	1	0	0	0
11	295.86	0.42227	-7.3997	0.42227	-7.3997	0	1	105	-3.1058	4.2473	-1	-12.106	3.2474	0	-7.3438	3	-1	1	1	0	0	0
11	312.4	0.42227	-7.3997	0.42227	-7.3997	0	1	105	-3.1058	4.2473	-1	-12.106	3.2474	0	-7.3438	3	-1	1	1	0	0	0
11	329.02	0.42227	-7.3997	0.42227	-7.3997	0	1	105	-3.1058	4.2473	-1	-12.106	3.2474	0	-7.3438	3	-1	1	1	0	0	0
11	345.6	0.42227	-7.3997	0.42227	-7.3997	0	1	105	-3.1058	4.2473	-1	-12.106	3.2474	0	-7.3438	3	-1	1	1	0	0	0
11	362.38	0.42227	-7.3997	0.42227	-7.3997	0	1	105	-3.1058	4.2473	-1	-12.106	3.2474	0	-7.3438	3	-1	1	1	0	0	0
11	378.76	0.42227	-7.3997	0.42227	-7.3997	0	1	105	-3.1058	4.2473	-1	-12.106	3.2474	0	-7.3438	3	-1	1	1	0	0	0
11	395.38	0.42227	-7.3997	0.42227	-7.3997	0	1	105	-3.1058	4.2473	-1	-12.106	3.2474	0	-7.3438	3	-1	1	1	0	0	0
11	412.01	0.42227	-7.3997	0.42227	-7.3997	0	1	105	-3.1058	4.2473	-1	-12.106	3.2474	0	-7.3438	3	-1	1	1	0	0	0
11	428.61	0.42227	-7.3997	0.42227	-7.3997	0	1	105	-3.1058	4.2473	-1	-12.106	3.2474	0	-7.3438	3	-1	1	1	0	0	0
11	445.15	0.42227	-7.3997	0.42227	-7.3997	0	1	105	-3.1058	4.2473	-1	-12.106	3.2474	0	-7.3438	3	-1	1	1	0	0	0
11	461.79	0.42227	-7.3997	0.42227	-7.3997	0	1	105	-3.1058	4.2473	-1	-12.106	3.2474	0	-7.3438	3	-1	1	1	0	0	0
11	478.39	0.42227	-7.3997	0.42227	-7.3997	0	1	105	-3.1058	4.2473	-1	-12.106	3.2474	0	-7.3438	3	-1	1	1	0	0	0
11	494.99	0.42227	-7.3997	0.42227	-7.3997	0	1	105	-3.1058	4.2473	-1	-12.106	3.2474	0	-7.3438	3	-1	1	1	0	0	0
11	511.59	0.42227	-7.3997	0.42227	-7.3997	0	1	105	-3.1058	4.2473	-1	-12.106	3.2474	0	-7.3438	3	-1	1	1	0	0	0
11	528.14	0.42227	-7.3997	0.42227	-7.3997	0	1	105	-3.1058	4.2473	-1	-12.106	3.2474	0	-7.3438	3	-1	1	1	0	0	0
11	544.71	0.42227	-7.3997	0.42227	-7.3997	0	1	105	-3.1058	4.2473	-1	-12.106	3.2474	0	-7.3438	3	-1	1	1	0	0	0
11	561.33	0.42227	-7.3997	0.42227	-7.3997	0	1	105	-3.1058	4.2473	-1	-12.106	3.2474	0	-7.3438	3	-1	1	1	0	0	0
11	578.03	0.42227	-7.3997	0.42227	-7.3997	0	1	105	-3.1058	4.2473	-1	-12.106	3.2474	0	-7.3438	3	-1	1	1	0	0	0
11	594.55	0.42227	-7.3997	0.42227	-7.3997	0	1	105	-3.1058	4.2473	-1	-12.106	3.2474	0	-7.3438	3	-1	1	1	0	0	0
11	611.14	0.42227	-7.3997	0.42227	-7.3997	0	1	105	-3.1058	4.2473	-1	-12.106	3.2474	0	-7.3438	3	-1	1	1	0	0	0
11	627.74	0.42227	-7.3675	0.42227	-7.3675	0	1	105	-3.1058	4.2473	-1	-12.106	3.2474	0	-7.3438	3	-1	1	1	0	0	0
11	644.33	0.42227	-7.3675	0.42227	-7.3675	0	1	105	-3.1058	4.2473	-1	-12.106	3.2474	0	-7.3438	3	-1	1	1	0	0	0
11	660.86	0.44237	-7.3032	0.44237	-7.3032	0	1	105	-3.1058	4.2473	-1	-12.106	3.2474	0	-7.3438	3	-1	1	1	0	0	0
11	677.46	0.48259	-7.1745	0.48259	-7.1745	0	1	105	-3.1058	4.2473	-1	-12.106	3.2474	0	-7.3438	3	-1	1	1	0	0	0
11	693.99	0.5027	-7.078	0.5027	-7.078	0	1	105	-3.1058	4.2473	-1	-12.106	3.2474	0	-7.3438	3	-1	1	1	0	0	0
11	710.69	0.52281	-6.8206	0.52281	-6.8206	0	1	105	-3.1058	4.2473	-1	-12.106	3.2474	0	-7.3438	3	-1	1	1	0	0	0
11	727.3	0.52281	-6.6597	0.52281	-6.6597	0	1	105	-3.1058	4.2473	-1	-12.106	3.2474	0	-7.3438	3	-1	1	1	0	0	0
11	743.9	0.54291	-6.338	0.54291	-6.338	0	1	105	-3.1058	4.2473	-1	-12.106	3.2474	0	-7.3438	3	-1	1	1	0	0	0
11	760.45	0.54291	-6.0163	0.54291	-6.0163	0	1	105	-3.1058	4.2473	-1	-12.106	3.2474	0	-7.3438	3	-1	1	1	0	0	0
11	777.06	0.54291	-5.6302	0.54291	-5.6302	0	1	105	-3.1058	4.2473	-1	-12.106	3.2474	0	-7.3438	3	-1	1	1	0	0	0
11	793.63	0.54291	-5.405	0.54291	-5.405	0	1	105	-3.1058	4.2473	-1	-12.106	3.2474	0	-7.3438	3	-1	1	1	0	0	0
11	810.23	0.56302	-4.9868	0.56302	-4.9868	0	2	105	-3.1058	4.2473	-1	-12.106	3.2474	0	-7.3438	3	-1	1	1	0	0	0
11	826.88	0.56302	-4.7294	0.56302	-4.7294	0	2	105	-3.1058	4.2473	-1	-12.106	3.2474	0	-7.3438	3	-1	1	1	0	0	0
11	843.48	0.60324	-4.279	0.60324	-4.279	0	2	105	-3.1058	4.2473	-1	-12.106	3.2474	0	-7.3438	3	-1	1	1	0	0	0
11	860.03	0.64345	-3.7964	0.64345	-3.7964	0	2	105	-3.1058	4.2473	-1	-12.106	3.2474	0	-7.3438	3	-1	1	1	0	0	0
11	876.62	0.66356	-3.2816	0.66356	-3.2816	0	2	105	-3.1058	4.2473	-1	-12.106	3.2474	0	-7.3438	3	-1	1	1	0	0	0
11	893.18	0.68367	-3.0564	0.68367	-3.0564	0	2	105	-3.1058	4.2473	-1	-12.106	3.2474	0	-7.3438	3	-1	1	1	0	0	0
11	909.77	0.72388	-2.5095	0.72388	-2.5095	0	2	105	-3.1058	4.2473	-1	-12.106	3.2474	0	-7.3438	3	-1	1	1	0	0	0
11	926.37	0.72388	-2.2521	0.72388	-2.2521	0	2	105	-3.1058	4.2473	-1	-12.106	3.2474	0	-7.3438	3	-1	1	1	0	0	0
11	943.07	0.78421	-1.7051	0.78421	-1.7051	0	2	105	-3.1058	4.2473	-1	-12.106	3.2474	0	-7.3438	3	-1	1	1	0	1	0
11	959.58	0.82442	-1.0939	0.82442	-1.0939	0	2	105	-3.1058	4.2473	-1	-12.106	3.2474	0	-7.3438	3	-1	1	1	0	0	0
11	976.22	0.88475	-0.48259	0.88475	-0.48259	0	2	105	-3.1058	4.2473	-1	-12.106	3.2474	0	-7.3438	3	-1	1	1	0	0	0
11	992.8	0.92496	-0.19304	0.92496	-0.19304	0	2	105	-3.1058	4.2473	-1	-12.106	3.2474	0	-7.3438	3	-1	1	1	0	0	0
11	1009.4	0.98529	0.41824	0.98529	0.41824	0	2	105	-3.1058	4.2473	-1	-12.106	3.2474	0	-7.3438	3	-1	1	1	0	0	0
11	1025.9	1.0255	0.7078	1.0255	0.7078	0	2	105	-3.1058	4.2473	-1	-12.106	3.2474	0	-7.3438	3	-1	1	1	0	0	0
11	1042.6	1.1059	1.2547	1.1059	1.2547	0	2	105	-3.1058	4.2473	-1	-12.106	3.2474	0	-7.3438	3	-1	1	1	0	0	0
11	1059.2	1.1461	1.5443	1.1461	1.5443	0	2	105	-3.1058	4.2473	-1	-12.106	3.2474	0	-7.3438	3	-1	1	1	0	0	0
11	1075.8	1.2467	2.0912	1.2467	2.0912	0	2	105	-3.1058	4.2473	-1	-12.106	3.2474	0	-7.3438	3	-1	1	1	0	0	0
11	1092.4	1.3472	2.606	1.3472	2.606	0	2	105	-3.1058	4.2473	-1	-12.106	3.2474	0	-7.3438	3	-1	1	1	0	0	0
11	1108.9	1.4277	3.0242	1.4277	3.0242	0	2	105	-3.1058	4.2473	-1	-12.106	3.2474	0	-7.3438	3	-1	1	1	0	0	0
11	1125.5	1.4679	3.2173	1.4679	3.2173	0	2	105	-3.1058	4.2473	-1	-12.106	3.2474	0	-7.3438	3	-1	1	1	0	0	0
11	1142.1	1.5282	3.4746	1.5282	3.4746	0	2	105	-3.1058	4.2473	-1	-12.106	3.2474	0	-7.3438	3	-1	1	1	0	0	0
11	1158.7	1.5483	3.5712	1.5483	3.5712	0	2	105	-3.1058	4.2473	-1	-12.106	3.2474	0	-7.3438	3	-1	1	1	0	0	0
11	1175.3	1.5684	3.6999	1.5684	3.6999	0	2	105	-3.1058	4.2473	-1	-12.106	3.2474	0	-7.3438	3	-1	1	1	0	0	0
11	1191.9	1.5885	3.7642	1.5885	3.7642	0	2	105	-3.1058	4.2473	-1	-12.106	3.2474	0	-7.3438	3	-1	1	0	0	0	0
11	1208.5	1.5885	3.7642	1.5885	3.7642	0	2	105	-3.1058	4.2473	-1	-12.106	3.2474	0	-7.3438	3	-1	1	0	0	0	0
11	1225.1	1.5885	3.7642	1.5885	3.7642	0	2	105	-3.1058	4.2473	-1	-12.106	3.2474	0	-7.3438	3	-1	1	0	0	0	0
11	1241.7	1.5885	3.7642	1.5885	3.7642	0	2	105	-3.1058	4.2473	-1	-12.106	3.2474	0	-7.3438	3	-1	1	0	0	0	0
11	1258.3	1.5885	3.7642	1.5885	3.7642	0	2	105	-3.1058	4.2473	-1	-12.106	3.2474	0	-7.3438	3	-1	1	0	0	0	0
11	1274.9	1.5885	3.7642	1.5885	3.7642	0	2	105	-3.1058	4.2473	-1	-12.106	3.2474	0	-7.3438	3	-1	1	0	0	0	0
11	1291.5	1.5885	3.7642	1.5885	3.7642	0	3	105	-3.1058	4.2473	-1	-12.106	3.2474	0	-7.3438	3	-1	1	0	0	0	0
