0	9.8069	0.36194	-7.3354	0.36194	-7.3354	0	1	75	3.1058	4.2473	-1	-5.8942	3.2474	0	-7.3438	3	-1	1	0	0	0	0
0	26.545	0.36194	-7.3354	0.36194	-7.3354	0	1	75	3.1058	4.2473	-1	-5.8942	3.2474	0	-7.3438	3	-1	1	0	0	0	0
0	43.054	0.36194	-7.3354	0.36194	-7.3354	0	1	75	3.1058	4.2473	-1	-5.8942	3.2474	0	-7.3438	3	-1	1	0	0	0	0
0	59.655	0.36194	-7.3354	0.36194	-7.3354	0	1	75	3.1058	4.2473	-1	-5.8942	3.2474	0	-7.3438	3	-1	1	0	0	0	0
0	76.212	0.36194	-7.3354	0.36194	-7.3354	0	1	75	3.1058	4.2473	-1	-5.8942	3.2474	0	-7.3438	3	-1	1	0	0	0	0
0	92.789	0.36194	-7.3354	0.36194	-7.3354	0	1	75	3.1058	4.2473	-1	-5.8942	3.2474	0	-7.3438	3	-1	1	0	0	0	0
0	109.38	0.36194	-7.3354	0.36194	-7.3354	0	1	75	3.1058	4.2473	-1	-5.8942	3.2474	0	-7.3438	3	-1	1	0	0	0	0
0	125.99	0.36194	-7.3354	0.36194	-7.3354	0	1	75	3.1058	4.2473	-1	-5.8942	3.2474	0	-7.3438	3	-1	1	0	0	0	0
0	142.58	0.36194	-7.3354	0.36194	-7.3354	0	1	75	3.1058	4.2473	-1	-5.8942	3.2474	0	-7.3438	3	-1	1	0	0	0	0
0	159.17	0.36194	-7.3354	0.36194	-7.3354	0	1	75	3.1058	4.2473	-1	-5.8942	3.2474	0	-7.3438	3	-1	1	0	0	0	0
0	175.75	0.36194	-7.3354	0.36194	-7.3354	0	1	75	3.1058	4.2473	-1	-5.8942	3.2474	0	-7.3438	3	-1	1	0	0	0	0
0	192.37	0.36194	-7.3354	0.36194	-7.3354	0	1	75	3.1058	4.2473	-1	-5.8942	3.2474	0	-7.3438	3	-1	1	0	0	0	0
0	208.94	0.36194	-7.3354	0.36194	-7.3354	0	1	75	3.1058	4.2473	-1	-5.8942	3.2474	0	-7.3438	3	-1	1	0	0	0	0
0	225.54	0.36194	-7.3354	0.36194	-7.3354	0	1	75	3.1058	4.2473	-1	-5.8942	3.2474	0	-7.3438	3	-1	1	0	0	0	0
0	242.21	0.36194	-7.3354	0.36194	-7.3354	0	1	75	3.1058	4.2473	-1	-5.8942	3.2474	0	-7.3438	3	-1	1	0	0	0	0
0	258.78	0.36194	-7.3354	0.36194	-7.3354	0	1	75	3.1058	4.2473	-1	-5.8942	3.2474	0	-7.3438	3	-1	1	0	0	0	0
0	275.33	0.36194	-7.3354	0.36194	-7.3354	0	1	75	3.1058	4.2473	-1	-5.8942	3.2474	0	-7.3438	3	-1	1	0	0	0	0
0	291.88	0.36194	-7.3354	0.36194	-7.3354	0	1	75	3.1058	4.2473	-1	-5.8942	3.2474	0	-7.3438	3	-1	1	0	0	0	0
0	308.52	0.36194	-7.3354	0.36194	-7.3354	0	1	75	3.1058	4.2473	-1	-5.8942	3.2474	0	-7.3438	3	-1	1	0	0	0	0
0	325.09	0.36194	-7.3354	0.36194	-7.3354	0	1	75	3.1058	4.2473	-1	-5.8942	3.2474	0	-7.3438	3	-1	1	0	0	0	0
0	341.71	0.36194	-7.3354	0.36194	-7.3354	0	1	75	3.1058	4.2473	-1	-5.8942	3.2474	0	-7.3438	3	-1	1	0	0	0	0
0	358.27	0.36194	-7.3354	0.36194	-7.3354	0	1	75	3.1058	4.2473	-1	-5.8942	3.2474	0	-7.3438	3	-1	1	0	0	0	0
0	374.93	0.36194	-7.3354	0.36194	-7.3354	0	1	75	3.1058	4.2473	-1	-5.8942	3.2474	0	-7.3438	3	-1	1	0	0	0	0
0	391.47	0.36194	-7.3354	0.36194	-7.3354	0	1	75	3.1058	4.2473	-1	-5.8942	3.2474	0	-7.3438	3	-1	1	0	0	0	0
0	408.12	0.36194	-7.3354	0.36194	-7.3354	0	1	75	3.1058	4.2473	-1	-5.8942	3.2474	0	-7.3438	3	-1	1	0	0	0	0
0	424.65	0.36194	-7.3354	0.36194	-7.3354	0	1	75	3.1058	4.2473	-1	-5.8942	3.2474	0	-7.3438	3	-1	1	0	0	0	0
0	441.27	0.36194	-7.3354	0.36194	-7.3354	0	1	75	3.1058	4.2473	-1	-5.8942	3.2474	0	-7.3438	3	-1	1	0	0	0	0
0	457.87	0.36194	-7.3354	0.36194	-7.3354	0	1	75	3.1058	4.2473	-1	-5.8942	3.2474	0	-7.3438	3	-1	1	0	0	0	0
0	474.47	0.36194	-7.3354	0.36194	-7.3354	0	1	75	3.1058	4.2473	-1	-5.8942	3.2474	0	-7.3438	3	-1	1	0	0	0	0
0	491.01	0.36194	-7.3354	0.36194	-7.3354	0	1	75	3.1058	4.2473	-1	-5.8942	3.2474	0	-7.3438	3	-1	1	0	0	0	0
0	507.72	0.36194	-7.3354	0.36194	-7.3354	0	1	75	3.1058	4.2473	-1	-5.8942	3.2474	0	-7.3438	3	-1	1	0	0	0	0
0	524.3	0.36194	-7.3354	0.36194	-7.3354	0	1	75	3.1058	4.2473	-1	-5.8942	3.2474	0	-7.3438	3	-1	1	0	0	0	0
0	540.85	0.36194	-7.3354	0.36194	-7.3354	0	1	75	3.1058	4.2473	-1	-5.8942	3.2474	0	-7.3438	3	-1	1	0	0	0	0
0	557.4	0.36194	-7.3354	0.36194	-7.3354	0	1	75	3.1058	4.2473	-1	-5.8942	3.2474	0	-7.3438	3	-1	1	0	0	0	0
0	574.07	0.36194	-7.3354	0.36194	-7.3354	0	1	75	3.1058	4.2473	-1	-5.8942	3.2474	0	-7.3438	3	-1	1	0	0	0	0
0	590.7	0.36194	-7.3354	0.36194	-7.3354	0	1	75	3.1058	4.2473	-1	-5.8942	3.2474	0	-7.3438	3	-1	1	0	0	0	0
0	607.22	0.36194	-7.3354	0.36194	-7.3354	0	1	75	3.1058	4.2473	-1	-5.8942	3.2474	0	-7.3438	3	-1	1	0	0	0	0
0	623.87	0.36194	-7.3354	0.36194	-7.3354	0	1	75	3.1058	4.2473	-1	-5.8942	3.2474	0	-7.3438	3	-1	1	0	0	0	0
0	640.42	0.36194	-7.3354	0.36194	-7.3354	0	1	75	3.1058	4.2473	-1	-5.8942	3.2474	0	-7.3438	3	-1	1	0	0	0	0
0	657.01	0.36194	-7.3354	0.36194	-7.3354	0	1	75	3.1058	4.2473	-1	-5.8942	3.2474	0	-7.3438	3	-1	1	0	0	0	0
0	673.64	0.36194	-7.3354	0.36194	-7.3354	0	1	75	3.1058	4.2473	-1	-5.8942	3.2474	0	-7.3438	3	-1	1	0	0	0	0
0	690.21	0.36194	-7.3354	0.36194	-7.3354	0	1	75	3.1058	4.2473	-1	-5.8942	3.2474	0	-7.3438	3	-1	1	0	0	0	0
0	706.84	0.36194	-7.3354	0.36194	-7.3354	0	1	75	3.1058	4.2473	-1	-5.8942	3.2474	0	-7.3438	3	-1	1	0	0	0	0
0	723.43	0.36194	-7.3354	0.36194	-7.3354	0	1	75	3.1058	4.2473	-1	-5.8942	3.2474	0	-7.3438	3	-1	1	0	0	0	0
0	740.02	0.36194	-7.3354	0.36194	-7.3354	0	1	75	3.1058	4.2473	-1	-5.8942	3.2474	0	-7.3438	3	-1	1	0	0	0	0
0	756.57	0.36194	-7.3354	0.36194	-7.3354	0	1	75	3.1058	4.2473	-1	-5.8942	3.2474	0	-7.3438	3	-1	1	0	0	0	0
0	773.19	0.36194	-7.3354	0.36194	-7.3354	0	1	75	3.1058	4.2473	-1	-5.8942	3.2474	0	-7.3438	3	-1	1	0	0	0	0
0	789.71	0.36194	-7.3354	0.36194	-7.3354	0	1	75	3.1058	4.2473	-1	-5.8942	3.2474	0	-7.3438	3	-1	1	0	0	0	0
0	806.46	0.36194	-7.3354	0.36194	-7.3354	0	1	75	3.1058	4.2473	-1	-5.8942	3.2474	0	-7.3438	3	-1	1	0	0	0	0
0	822.93	0.36194	-7.3354	0.36194	-7.3354	0	1	75	3.1058	4.2473	-1	-5.8942	3.2474	0	-7.3438	3	-1	1	0	0	0	0
0	839.58	0.36194	-7.3354	0.36194	-7.3354	0	1	75	3.1058	4.2473	-1	-5.8942	3.2474	0	-7.3438	3	-1	1	0	0	0	0
0	856.17	0.36194	-7.3354	0.36194	-7.3354	0	1	75	3.1058	4.2473	-1	-5.8942	3.2474	0	-7.3438	3	-1	1	0	0	0	0
0	872.87	0.36194	-7.3354	0.36194	-7.3354	0	1	75	3.1058	4.2473	-1	-5.8942	3.2474	0	-7.3438	3	-1	1	0	0	0	0
0	889.46	0.36194	-7.3354	0.36194	-7.3354	0	1	75	3.1058	4.2473	-1	-5.8942	3.2474	0	-7.3438	3	-1	1	0	0	0	0
0	906.13	0.36194	-7.3354	0.36194	-7.3354	0	1	75	3.1058	4.2473	-1	-5.8942	3.2474	0	-7.3438	3	-1	1	0	0	0	0
0	922.72	0.36194	-7.3354	0.36194	-7.3354	0	1	75	3.1058	4.2473	-1	-5.8942	3.2474	0	-7.3438	3	-1	1	1	0	0	0
0	939.24	0.36194	-7.3354	0.36194	-7.3354	0	1	75	3.1058	4.2473	-1	-5.8942	3.2474	0	-7.3438	3	-1	1	1	0	0	0
0	955.83	0.36194	-7.3354	0.36194	-7.3354	0	1	75	3.1058	4.2473	-1	-5.8942	3.2474	0	-7.3438	3	-1	1	1	0	0	0
0	972.41	0.36194	-7.3354	0.36194	-7.3354	0	1	75	3.1058	4.2473	-1	-5.8942	3.2474	0	-7.3438	3	-1	1	1	0	0	0
0	989	0.36194	-7.3354	0.36194	-7.3354	0	1	75	3.1058	4.2473	-1	-5.8942	3.2474	0	-7.3438	3	-1	1	1	0	0	0
0	1005.6	0.36194	-7.3354	0.36194	-7.3354	0	1	75	3.1058	4.2473	-1	-5.8942	3.2474	0	-7.3438	3	-1	1	1	0	0	0
0	1022.3	0.36194	-7.3354	0.36194	-7.3354	0	1	75	3.1058	4.2473	-1	-5.8942	3.2474	0	-7.3438	3	-1	1	1	0	0	0
0	1038.9	0.36194	-7.3354	0.36194	-7.3354	0	1	75	3.1058	4.2473	-1	-5.8942	3.2474	0	-7.3438	3	-1	1	1	0	0	0
0	1055.4	0.36194	-7.3354	0.36194	-7.3354	0	1	75	3.1058	4.2473	-1	-5.8942	3.2474	0	-7.3438	3	-1	1	1	0	0	0
0	1072	0.36194	-7.3354	0.36194	-7.3354	0	1	75	3.1058	4.2473	-1	-5.8942	3.2474	0	-7.3438	3	-1	1	1	0	0	0
0	1088.6	0.36194	-7.3354	0.36194	-7.3354	0	1	75	3.1058	4.2473	-1	-5.8942	3.2474	0	-7.3438	3	-1	1	1	0	0	0
0	1105.2	0.36194	-7.3354	0.36194	-7.3354	0	1	75	3.1058	4.2473	-1	-5.8942	3.2474	0	-7.3438	3	-1	1	1	0	0	0
0	1121.8	0.36194	-7.3354	0.36194	-7.3354	0	1	75	3.1058	4.2473	-1	-5.8942	3.2474	0	-7.3438	3	-1	1	1	0	0	0
0	1138.5	0.36194	-7.3354	0.36194	-7.3354	0	1	75	3.1058	4.2473	-1	-5.8942	3.2474	0	-7.3438	3	-1	1	1	0	0	0
0	1154.9	0.36194	-7.3354	0.36194	-7.3354	0	1	75	3.1058	4.2473	-1	-5.8942	3.2474	0	-7.3438	3	-1	1	1	0	0	0
0	1171.6	0.36194	-7.3354	0.36194	-7.3354	0	1	75	3.1058	4.2473	-1	-5.8942	3.2474	0	-7.3438	3	-1	1	1	0	0	0
0	1188.1	0.36194	-7.3354	0.36194	-7.3354	0	1	75	3.1058	4.2473	-1	-5.8942	3.2474	0	-7.3438	3	-1	1	1	0	0	0
0	1204.7	0.36194	-7.3354	0.36194	-7.3354	0	1	75	3.1058	4.2473	-1	-5.8942	3.2474	0	-7.3438	3	-1	1	1	0	0	0
0	1221.3	0.36194	-7.3354	0.36194	-7.3354	0	1	75	3.1058	4.2473	-1	-5.8942	3.2474	0	-7.3438	3	-1	1	1	0	0	0
0	1238.1	0.38205	-7.3032	0.38205	-7.3032	0	1	75	3.1058	4.2473	-1	-5.8942	3.2474	0	-7.3438	3	-1	1	1	0	0	0
0	1254.6	0.44237	-7.1745	0.44237	-7.1745	0	1	75	3.1058	4.2473	-1	-5.8942	3.2474	0	-7.3438	3	-1	1	1	0	0	0
0	1271.1	0.48259	-7.078	0.48259	-7.078	0	1	75	3.1058	4.2473	-1	-5.8942	3.2474	0	-7.3438	3	-1	1	1	0	0	0
0	1287.7	0.60324	-6.7884	0.60324	-6.7884	0	1	75	3.1058	4.2473	-1	-5.8942	3.2474	0	-7.3438	3	-1	1	1	0	0	0
0	1304.3	0.66356	-6.6276	0.66356	-6.6276	0	1	75	3.1058	4.2473	-1	-5.8942	3.2474	0	-7.3438	3	-1	1	1	0	0	0
0	1320.9	0.80432	-6.2093	0.80432	-6.2093	0	1	75	3.1058	4.2473	-1	-5.8942	3.2474	0	-7.3438	3	-1	1	1	0	0	0
0	1337.5	0.94507	-5.7589	0.94507	-5.7589	0	1	75	3.1058	4.2473	-1	-5.8942	3.2474	0	-7.3438	3	-1	1	1	0	0	0
0	1354.2	1.126	-5.2441	1.126	-5.2441	0	1	75	3.1058	4.2473	-1	-5.8942	3.2474	0	-7.3438	3	-1	1	1	0	0	0
0	1370.8	1.2065	-4.9546	1.2065	-4.9546	0	2	75	3.1058	4.2473	-1	-5.8942	3.2474	0	-7.3438	3	-1	1	1	0	0	0
0	1387.4	1.4076	-4.3755	1.4076	-4.3755	0	2	75	3.1058	4.2473	-1	-5.8942	3.2474	0	-7.3438	3	-1	1	1	0	0	0
0	1403.9	1.5282	-4.0859	1.5282	-4.0859	0	2	75	3.1058	4.2473	-1	-5.8942	3.2474	0	-7.3438	3	-1	1	1	0	0	0
0	1420.5	1.7494	-3.4746	1.7494	-3.4746	0	2	75	3.1058	4.2473	-1	-5.8942	3.2474	0	-7.3438	3	-1	1	1	0	1	0
0	1437.1	1.9907	-2.8312	1.9907	-2.8312	0	2	75	3.1058	4.2473	-1	-5.8942	3.2474	0	-7.3438	3	-1	1	1	0	0	0
0	1453.7	2.0912	-2.5416	2.0912	-2.5416	0	2	75	3.1058	4.2473	-1	-5.8942	3.2474	0	-7.3438	3	-1	1	1	0	0	0
0	1470.3	2.3124	-1.9625	2.3124	-1.9625	0	2	75	3.1058	4.2473	-1	-5.8942	3.2474	0	-7.3438	3	-1	1	1	0	0	0
0	1486.9	2.5135	-1.4156	2.5135	-1.4156	0	2	75	3.1058	4.2473	-1	-5.8942	3.2474	0	-7.3438	3	-1	1	1	0	0	0
0	1503.5	2.614	-1.126	2.614	-1.126	0	2	75	3.1058	4.2473	-1	-5.8942	3.2474	0	-7.3438	3	-1	1	1	0	0	0
0	1520.1	2.795	-0.57911	2.795	-0.57911	0	2	75	3.1058	4.2473	-1	-5.8942	3.2474	0	-7.3438	3	-1	1	1	0	0	0
0	1536.7	2.8754	-0.32173	2.8754	-0.32173	0	2	75	3.1058	4.2473	-1	-5.8942	3.2474	0	-7.3438	3	-1	1	1	0	0	0
0	1553.3	3.0564	0.22521	3.0564	0.22521	0	2	75	3.1058	4.2473	-1	-5.8942	3.2474	0	-7.3438	3	-1	1	1	0	0	0
0	1569.9	3.2374	0.77214	3.2374	0.77214	0	2	75	3.1058	4.2473	-1	-5.8942	3.2474	0	-7.3438	3	-1	1	1	0	0	0
0	1586.5	3.3982	1.3191	3.3982	1.3191	0	2	75	3.1058	4.2473	-1	-5.8942	3.2474	0	-7.3438	3	-1	1	1	0	0	0
0	1603.1	3.4586	1.5765	3.4586	1.5765	0	2	75	3.1058	4.2473	-1	-5.8942	3.2474	0	-7.3438	3	-1	1	1	0	0	0
0	1619.7	3.5993	2.059	3.5993	2.059	0	2	75	3.1058	4.2473	-1	-5.8942	3.2474	0	-7.3438	3	-1	1	1	0	0	0
0	1636.3	3.6395	2.2843	3.6395	2.2843	0	2	75	3.1058	4.2473	-1	-5.8942	3.2474	0	-7.3438	3	-1	1	1	0	0	0
0	1652.9	3.7401	2.7025	3.7401	2.7025	0	2	75	3.1058	4.2473	-1	-5.8942	3.2474	0	-7.3438	3	-1	1	1	0	0	0
0	1669.4	3.8205	3.0242	3.8205	3.0242	0	2	75	3.1058	4.2473	-1	-5.8942	3.2474	0	-7.3438	3	-1	1	1	0	0	0
0	1686.1	3.8607	3.2816	3.8607	3.2816	0	2	75	3.1058	4.2473	-1	-5.8942	3.2474	0	-7.3438	3	-1	1	1	0	0	0
0	1702.8	3.8808	3.346	3.8808	3.346	0	2	75	3.1058	4.2473	-1	-5.8942	3.2474	0	-7.3438	3	-1	1	1	0	0	0
0	1719.3	3.9009	3.4746	3.9009	3.4746	0	2	75	3.1058	4.2473	-1	-5.8942	3.2474	0	-7.3438	3	-1	1	1	0	0	0
0	1735.8	3.9009	3.4746	3.9009	3.4746	0	2	75	3.1058	4.2473	-1	-5.8942	3.2474	0	-7.3438	3	-1	1	1	0	0	0
0	1752.4	3.9009	3.5068	3.9009	3.5068	0	2	75	3.1058	4.2473	-1	-5.8942	3.2474	0	-7.3438	3	-1	1	1	0	0	0
0	1769	3.9009	3.5068	3.9009	3.5068	0	2	75	3.1058	4.2473	-1	-5.8942	3.2474	0	-7.3438	3	-1	1	1	0	0	0
0	1785.6	3.9009	3.5068	3.9009	3.5068	0	2	75	3.1058	4.2473	-1	-5.8942	3.2474	0	-7.3438	3	-1	1	1	0	0	0
0	1802.2	3.9009	3.5068	3.9009	3.5068	0	2	75	3.1058	4.2473	-1	-5.8942	3.2474	0	-7.3438	3	-1	1	1	0	0	0
0	1818.8	3.9009	3.5068	3.9009	3.5068	0	3	75	3.1058	4.2473	-1	-5.8942	3.2474	0	-7.3438	3	-1	1	0	0	0	0
1	29.954	0.28151	-7.3675	0.28151	-7.3675	0	1	105	-3.1058	4.2473	-1	-12.106	3.2474	0	-7.3438	3	-1	1	0	0	0	0
1	46.574	0.28151	-7.4319	0.28151	-7.4319	0	1	105	-3.1058	4.2473	-1	-12.106	3.2474	0	-7.3438	3	-1	1	0	0	0	0
1	63.152	0.28151	-7.4319	0.28151	-7.4319	0	1	105	-3.1058	4.2473	-1	-12.106	3.2474	0	-7.3438	3	-1	1	0	0	0	0
1	79.72	0.28151	-7.4319	0.28151	-7.4319	0	1	105	-3.1058	4.2473	-1	-12.106	3.2474	0	-7.3438	3	-1	1	0	0	0	0
1	96.294	0.28151	-7.4319	0.28151	-7.4319	0	1	105	-3.1058	4.2473	-1	-12.106	3.2474	0	-7.3438	3	-1	1	0	0	0	0
1	112.92	0.28151	-7.4319	0.28151	-7.4319	0	1	105	-3.1058	4.2473	-1	-12.106	3.2474	0	-7.3438	3	-1	1	0	0	0	0
1	129.51	0.28151	-7.4319	0.28151	-7.4319	0	1	105	-3.1058	4.2473	-1	-12.106	3.2474	0	-7.3438	3	-1	1	0	0	0	0
1	146.09	0.28151	-7.4319	0.28151	-7.4319	0	1	105	-3.1058	4.2473	-1	-12.106	3.2474	0	-7.3438	3	-1	1	0	0	0	0
1	162.71	0.28151	-7.4319	0.28151	-7.4319	0	1	105	-3.1058	4.2473	-1	-12.106	3.2474	0	-7.3438	3	-1	1	0	0	0	0
1	179.3	0.28151	-7.4319	0.28151	-7.4319	0	1	105	-3.1058	4.2473	-1	-12.106	3.2474	0	-7.3438	3	-1	1	0	0	0	0
1	195.84	0.28151	-7.4319	0.28151	-7.4319	0	1	105	-3.1058	4.2473	-1	-12.106	3.2474	0	-7.3438	3	-1	1	0	0	0	0
1	212.43	0.28151	-7.4319	0.28151	-7.4319	0	1	105	-3.1058	4.2473	-1	-12.106	3.2474	0	-7.3438	3	-1	1	0	0	0	0
1	229.05	0.28151	-7.4319	0.28151	-7.4319	0	1	105	-3.1058	4.2473	-1	-12.106	3.2474	0	-7.3438	3	-1	1	0	0	0	0
1	245.66	0.28151	-7.4319	0.28151	-7.4319	0	1	105	-3.1058	4.2473	-1	-12.106	3.2474	0	-7.3438	3	-1	1	0	0	0	0
1	262.34	0.28151	-7.4319	0.28151	-7.4319	0	1	105	-3.1058	4.2473	-1	-12.106	3.2474	0	-7.3438	3	-1	1	0	0	0	0
1	278.83	0.28151	-7.4319	0.28151	-7.4319	0	1	105	-3.1058	4.2473	-1	-12.106	3.2474	0	-7.3438	3	-1	1	0	0	0	0
1	295.44	0.28151	-7.4319	0.28151	-7.4319	0	1	105	-3.1058	4.2473	-1	-12.106	3.2474	0	-7.3438	3	-1	1	0	0	0	0
1	312.06	0.28151	-7.4319	0.28151	-7.4319	0	1	105	-3.1058	4.2473	-1	-12.106	3.2474	0	-7.3438	3	-1	1	0	0	0	0
1	328.65	0.28151	-7.4319	0.28151	-7.4319	0	1	105	-3.1058	4.2473	-1	-12.106	3.2474	0	-7.3438	3	-1	1	0	0	0	0
1	345.25	0.28151	-7.4319	0.28151	-7.4319	0	1	105	-3.1058	4.2473	-1	-12.106	3.2474	0	-7.3438	3	-1	1	0	0	0	0
1	361.87	0.28151	-7.4319	0.28151	-7.4319	0	1	105	-3.1058	4.2473	-1	-12.106	3.2474	0	-7.3438	3	-1	1	1	0	0	0
1	378.45	0.28151	-7.4319	0.28151	-7.4319	0	1	105	-3.1058	4.2473	-1	-12.106	3.2474	0	-7.3438	3	-1	1	1	0	0	0
1	395	0.28151	-7.4319	0.28151	-7.4319	0	1	105	-3.1058	4.2473	-1	-12.106	3.2474	0	-7.3438	3	-1	1	1	0	0	0
1	411.6	0.28151	-7.4319	0.28151	-7.4319	0	1	105	-3.1058	4.2473	-1	-12.106	3.2474	0	-7.3438	3	-1	1	1	0	0	0
1	428.16	0.28151	-7.4319	0.28151	-7.4319	0	1	105	-3.1058	4.2473	-1	-12.106	3.2474	0	-7.3438	3	-1	1	1	0	0	0
1	444.72	0.28151	-7.4319	0.28151	-7.4319	0	1	105	-3.1058	4.2473	-1	-12.106	3.2474	0	-7.3438	3	-1	1	1	0	0	0
1	461.38	0.2614	-7.3997	0.2614	-7.3997	0	1	105	-3.1058	4.2473	-1	-12.106	3.2474	0	-7.3438	3	-1	1	1	0	0	0
1	477.95	0.12065	-7.2067	0.12065	-7.2067	0	1	105	-3.1058	4.2473	-1	-12.106	3.2474	0	-7.3438	3	-1	1	1	0	0	0
1	494.52	0.020108	-7.0136	0.020108	-7.0136	0	1	105	-3.1058	4.2473	-1	-12.106	3.2474	0	-7.3438	3	-1	1	1	0	0	0
1	511.19	-0.24129	-6.5632	-0.24129	-6.5632	0	1	105	-3.1058	4.2473	-1	-12.106	3.2474	0	-7.3438	3	-1	1	1	0	0	0
1	527.7	-0.36194	-6.338	-0.36194	-6.338	0	1	105	-3.1058	4.2473	-1	-12.106	3.2474	0	-7.3438	3	-1	1	1	0	0	0
1	544.32	-0.62334	-5.8554	-0.62334	-5.8554	0	1	105	-3.1058	4.2473	-1	-12.106	3.2474	0	-7.3438	3	-1	1	1	0	0	0
1	560.95	-0.86464	-5.3407	-0.86464	-5.3407	0	1	105	-3.1058	4.2473	-1	-12.106	3.2474	0	-7.3438	3	-1	1	1	0	0	0
1	577.49	-1.126	-4.8581	-1.126	-4.8581	0	2	105	-3.1058	4.2473	-1	-12.106	3.2474	0	-7.3438	3	-1	1	1	0	0	0
1	594.16	-1.2467	-4.5685	-1.2467	-4.5685	0	2	105	-3.1058	4.2473	-1	-12.106	3.2474	0	-7.3438	3	-1	1	1	0	0	0
1	610.76	-1.5081	-4.0216	-1.5081	-4.0216	0	2	105	-3.1058	4.2473	-1	-12.106	3.2474	0	-7.3438	3	-1	1	1	0	0	0
1	627.33	-1.6287	-3.732	-1.6287	-3.732	0	2	105	-3.1058	4.2473	-1	-12.106	3.2474	0	-7.3438	3	-1	1	1	0	0	0
1	643.91	-1.8901	-3.1529	-1.8901	-3.1529	0	2	105	-3.1058	4.2473	-1	-12.106	3.2474	0	-7.3438	3	-1	1	1	0	1	0
1	660.47	-2.1314	-2.5738	-2.1314	-2.5738	0	2	105	-3.1058	4.2473	-1	-12.106	3.2474	0	-7.3438	3	-1	1	1	0	0	0
1	677.11	-2.3526	-2.0269	-2.3526	-2.0269	0	2	105	-3.1058	4.2473	-1	-12.106	3.2474	0	-7.3438	3	-1	1	1	0	0	0
1	693.7	-2.4733	-1.7373	-2.4733	-1.7373	0	2	105	-3.1058	4.2473	-1	-12.106	3.2474	0	-7.3438	3	-1	1	1	0	0	0
1	710.28	-2.7347	-1.2226	-2.7347	-1.2226	0	2	105	-3.1058	4.2473	-1	-12.106	3.2474	0	-7.3438	3	-1	1	1	0	0	0
1	726.87	-2.8553	-0.96518	-2.8553	-0.96518	0	2	105	-3.1058	4.2473	-1	-12.106	3.2474	0	-7.3438	3	-1	1	1	0	0	0
1	743.52	-3.1368	-0.41824	-3.1368	-0.41824	0	2	105	-3.1058	4.2473	-1	-12.106	3.2474	0	-7.3438	3	-1	1	1	0	0	0
1	760.09	-3.4384	0.064345	-3.4384	0.064345	0	2	105	-3.1058	4.2473	-1	-12.106	3.2474	0	-7.3438	3	-1	1	1	0	0	0
1	776.64	-3.5792	0.32173	-3.5792	0.32173	0	2	105	-3.1058	4.2473	-1	-12.106	3.2474	0	-7.3438	3	-1	1	1	0	0	0
1	793.07	-3.8607	0.77214	-3.8607	0.77214	0	2	105	-3.1058	4.2473	-1	-12.106	3.2474	0	-7.3438	3	-1	1	1	0	0	0
1	809.82	-4.1422	1.1582	-4.1422	1.1582	0	2	105	-3.1058	4.2473	-1	-12.106	3.2474	0	-7.3438	3	-1	1	1	0	0	0
1	826.47	-4.2629	1.3191	-4.2629	1.3191	0	2	105	-3.1058	4.2473	-1	-12.106	3.2474	0	-7.3438	3	-1	1	1	0	0	0
1	843.07	-4.4841	1.5765	-4.4841	1.5765	0	2	105	-3.1058	4.2473	-1	-12.106	3.2474	0	-7.3438	3	-1	1	1	0	0	0
1	859.62	-4.5645	1.673	-4.5645	1.673	0	2	105	-3.1058	4.2473	-1	-12.106	3.2474	0	-7.3438	3	-1	1	1	0	0	0
1	876.2	-4.6851	1.7695	-4.6851	1.7695	0	2	105	-3.1058	4.2473	-1	-12.106	3.2474	0	-7.3438	3	-1	1	1	0	0	0
1	892.82	-4.7656	1.8338	-4.7656	1.8338	0	2	105	-3.1058	4.2473	-1	-12.106	3.2474	0	-7.3438	3	-1	1	1	0	0	0
1	909.41	-4.7857	1.866	-4.7857	1.866	0	2	105	-3.1058	4.2473	-1	-12.106	3.2474	0	-7.3438	3	-1	1	1	0	0	0
1	926.02	-4.7857	1.866	-4.7857	1.866	0	2	105	-3.1058	4.2473	-1	-12.106	3.2474	0	-7.3438	3	-1	1	1	0	0	0
1	942.64	-4.7857	1.866	-4.7857	1.866	0	2	105	-3.1058	4.2473	-1	-12.106	3.2474	0	-7.3438	3	-1	1	0	0	0	0
1	959.25	-4.7857	1.866	-4.7857	1.866	0	2	105	-3.1058	4.2473	-1	-12.106	3.2474	0	-7.3438	3	-1	1	0	0	0	0
1	975.81	-4.7857	1.866	-4.7857	1.866	0	2	105	-3.1058	4.2473	-1	-12.106	3.2474	0	-7.3438	3	-1	1	0	0	0	0
1	992.35	-4.7857	1.866	-4.7857	1.866	0	3	105	-3.1058	4.2473	-1	-12.106	3.2474	0	-7.3438	3	-1	1	0	0	0	0
2	30.752	0.72388	-7.3354	0.72388	-7.3354	0	1	90	0	4.6562	-1	-9	3.6562	0	-7.3438	3	-1	1	0	0	0	0
2	47.303	0.72388	-7.3354	0.72388	-7.3354	0	1	90	0	4.6562	-1	-9	3.6562	0	-7.3438	3	-1	1	0	0	0	0
2	63.889	0.72388	-7.3354	0.72388	-7.3354	0	1	90	0	4.6562	-1	-9	3.6562	0	-7.3438	3	-1	1	0	0	0	0
2	80.514	0.72388	-7.3354	0.72388	-7.3354	0	1	90	0	4.6562	-1	-9	3.6562	0	-7.3438	3	-1	1	0	0	0	0
2	97.111	0.72388	-7.3354	0.72388	-7.3354	0	1	90	0	4.6562	-1	-9	3.6562	0	-7.3438	3	-1	1	0	0	0	0
2	113.7	0.72388	-7.3354	0.72388	-7.3354	0	1	90	0	4.6562	-1	-9	3.6562	0	-7.3438	3	-1	1	0	0	0	0
2	130.28	0.72388	-7.3354	0.72388	-7.3354	0	1	90	0	4.6562	-1	-9	3.6562	0	-7.3438	3	-1	1	0	0	0	0
2	146.9	0.72388	-7.3354	0.72388	-7.3354	0	1	90	0	4.6562	-1	-9	3.6562	0	-7.3438	3	-1	1	0	0	0	0
2	163.48	0.72388	-7.3354	0.72388	-7.3354	0	1	90	0	4.6562	-1	-9	3.6562	0	-7.3438	3	-1	1	0	0	0	0
2	180.02	0.72388	-7.3354	0.72388	-7.3354	0	1	90	0	4.6562	-1	-9	3.6562	0	-7.3438	3	-1	1	0	0	0	0
2	196.64	0.72388	-7.3354	0.72388	-7.3354	0	1	90	0	4.6562	-1	-9	3.6562	0	-7.3438	3	-1	1	0	0	0	0
2	213.23	0.72388	-7.3354	0.72388	-7.3354	0	1	90	0	4.6562	-1	-9	3.6562	0	-7.3438	3	-1	1	0	0	0	0
2	229.89	0.72388	-7.3354	0.72388	-7.3354	0	1	90	0	4.6562	-1	-9	3.6562	0	-7.3438	3	-1	1	0	0	0	0
2	246.46	0.72388	-7.3354	0.72388	-7.3354	0	1	90	0	4.6562	-1	-9	3.6562	0	-7.3438	3	-1	1	0	0	0	0
2	263.07	0.72388	-7.3354	0.72388	-7.3354	0	1	90	0	4.6562	-1	-9	3.6562	0	-7.3438	3	-1	1	0	0	0	0
2	279.64	0.72388	-7.3354	0.72388	-7.3354	0	1	90	0	4.6562	-1	-9	3.6562	0	-7.3438	3	-1	1	0	0	0	0
2	296.23	0.72388	-7.3354	0.72388	-7.3354	0	1	90	0	4.6562	-1	-9	3.6562	0	-7.3438	3	-1	1	0	0	0	0
2	312.78	0.72388	-7.3354	0.72388	-7.3354	0	1	90	0	4.6562	-1	-9	3.6562	0	-7.3438	3	-1	1	0	0	0	0
2	329.47	0.72388	-7.3354	0.72388	-7.3354	0	1	90	0	4.6562	-1	-9	3.6562	0	-7.3438	3	-1	1	0	0	0	0
2	346.04	0.72388	-7.3354	0.72388	-7.3354	0	1	90	0	4.6562	-1	-9	3.6562	0	-7.3438	3	-1	1	0	0	0	0
2	362.64	0.72388	-7.3354	0.72388	-7.3354	0	1	90	0	4.6562	-1	-9	3.6562	0	-7.3438	3	-1	1	1	0	0	0
2	379.23	0.72388	-7.3354	0.72388	-7.3354	0	1	90	0	4.6562	-1	-9	3.6562	0	-7.3438	3	-1	1	1	0	0	0
2	395.77	0.72388	-7.3354	0.72388	-7.3354	0	1	90	0	4.6562	-1	-9	3.6562	0	-7.3438	3	-1	1	1	0	0	0
2	412.39	0.72388	-7.3354	0.72388	-7.3354	0	1	90	0	4.6562	-1	-9	3.6562	0	-7.3438	3	-1	1	1	0	0	0
2	428.98	0.72388	-7.3354	0.72388	-7.3354	0	1	90	0	4.6562	-1	-9	3.6562	0	-7.3438	3	-1	1	1	0	0	0
2	445.57	0.72388	-7.3354	0.72388	-7.3354	0	1	90	0	4.6562	-1	-9	3.6562	0	-7.3438	3	-1	1	1	0	0	0
2	462.17	0.72388	-7.3354	0.72388	-7.3354	0	1	90	0	4.6562	-1	-9	3.6562	0	-7.3438	3	-1	1	1	0	0	0
2	478.79	0.72388	-7.3354	0.72388	-7.3354	0	1	90	0	4.6562	-1	-9	3.6562	0	-7.3438	3	-1	1	1	0	0	0
2	495.38	0.72388	-7.3354	0.72388	-7.3354	0	1	90	0	4.6562	-1	-9	3.6562	0	-7.3438	3	-1	1	1	0	0	0
2	511.91	0.72388	-7.3032	0.72388	-7.3032	0	1	90	0	4.6562	-1	-9	3.6562	0	-7.3438	3	-1	1	1	0	0	0
2	528.51	0.70378	-7.271	0.70378	-7.271	0	1	90	0	4.6562	-1	-9	3.6562	0	-7.3438	3	-1	1	1	0	0	0
2	545.14	0.66356	-7.078	0.66356	-7.078	0	1	90	0	4.6562	-1	-9	3.6562	0	-7.3438	3	-1	1	1	0	0	0
2	561.75	0.62334	-6.9171	0.62334	-6.9171	0	1	90	0	4.6562	-1	-9	3.6562	0	-7.3438	3	-1	1	1	0	0	0
2	578.36	0.5027	-6.4667	0.5027	-6.4667	0	1	90	0	4.6562	-1	-9	3.6562	0	-7.3438	3	-1	1	1	0	0	0
2	594.92	0.44237	-6.2093	0.44237	-6.2093	0	1	90	0	4.6562	-1	-9	3.6562	0	-7.3438	3	-1	1	1	0	0	0
2	611.53	0.30162	-5.6302	0.30162	-5.6302	0	1	90	0	4.6562	-1	-9	3.6562	0	-7.3438	3	-1	1	1	0	0	0
2	628.09	0.14076	-4.9546	0.14076	-4.9546	0	1	90	0	4.6562	-1	-9	3.6562	0	-7.3438	3	-1	1	1	0	0	0
2	644.71	-0.040216	-4.1824	-0.040216	-4.1824	0	2	90	0	4.6562	-1	-9	3.6562	0	-7.3438	3	-1	1	1	0	0	0
2	661.32	-0.12065	-3.7964	-0.12065	-3.7964	0	2	90	0	4.6562	-1	-9	3.6562	0	-7.3438	3	-1	1	1	0	0	0
2	677.9	-0.28151	-3.0242	-0.28151	-3.0242	0	2	90	0	4.6562	-1	-9	3.6562	0	-7.3438	3	-1	1	1	0	0	0
2	694.52	-0.36194	-2.6703	-0.36194	-2.6703	0	2	90	0	4.6562	-1	-9	3.6562	0	-7.3438	3	-1	1	1	0	1	0
2	711.11	-0.5027	-1.9947	-0.5027	-1.9947	0	2	90	0	4.6562	-1	-9	3.6562	0	-7.3438	3	-1	1	1	0	0	0
2	727.69	-0.66356	-1.3191	-0.66356	-1.3191	0	2	90	0	4.6562	-1	-9	3.6562	0	-7.3438	3	-1	1	1	0	0	0
2	744.46	-0.80432	-0.64345	-0.80432	-0.64345	0	2	90	0	4.6562	-1	-9	3.6562	0	-7.3438	3	-1	1	1	0	0	0
2	760.85	-0.88475	-0.28955	-0.88475	-0.28955	0	2	90	0	4.6562	-1	-9	3.6562	0	-7.3438	3	-1	1	1	0	0	0
2	777.49	-1.0054	0.45042	-1.0054	0.45042	0	2	90	0	4.6562	-1	-9	3.6562	0	-7.3438	3	-1	1	1	0	0	0
2	794.09	-1.0657	0.77214	-1.0657	0.77214	0	2	90	0	4.6562	-1	-9	3.6562	0	-7.3438	3	-1	1	1	0	0	0
2	810.67	-1.1864	1.3834	-1.1864	1.3834	0	2	90	0	4.6562	-1	-9	3.6562	0	-7.3438	3	-1	1	1	0	0	0
2	827.25	-1.2869	1.8982	-1.2869	1.8982	0	2	90	0	4.6562	-1	-9	3.6562	0	-7.3438	3	-1	1	1	0	0	0
2	843.8	-1.3874	2.3164	-1.3874	2.3164	0	2	90	0	4.6562	-1	-9	3.6562	0	-7.3438	3	-1	1	1	0	0	0
2	860.51	-1.4076	2.4773	-1.4076	2.4773	0	2	90	0	4.6562	-1	-9	3.6562	0	-7.3438	3	-1	1	1	0	0	0
2	877.05	-1.4679	2.7025	-1.4679	2.7025	0	2	90	0	4.6562	-1	-9	3.6562	0	-7.3438	3	-1	1	1	0	0	0
2	893.65	-1.488	2.799	-1.488	2.799	0	2	90	0	4.6562	-1	-9	3.6562	0	-7.3438	3	-1	1	1	0	0	0
2	910.24	-1.5081	2.8955	-1.5081	2.8955	0	2	90	0	4.6562	-1	-9	3.6562	0	-7.3438	3	-1	1	1	0	0	0
2	926.82	-1.5081	2.9277	-1.5081	2.9277	0	2	90	0	4.6562	-1	-9	3.6562	0	-7.3438	3	-1	1	1	0	0	0
2	943.4	-1.5081	2.9277	-1.5081	2.9277	0	2	90	0	4.6562	-1	-9	3.6562	0	-7.3438	3	-1	1	1	0	0	0
2	960	-1.5081	2.9277	-1.5081	2.9277	0	2	90	0	4.6562	-1	-9	3.6562	0	-7.3438	3	-1	1	1	0	0	0
2	976.63	-1.5081	2.9277	-1.5081	2.9277	0	2	90	0	4.6562	-1	-9	3.6562	0	-7.3438	3	-1	1	1	0	0	0
2	993.17	-1.5081	2.9277	-1.5081	2.9277	0	2	90	0	4.6562	-1	-9	3.6562	0	-7.3438	3	-1	1	1	0	0	0
2	1009.8	-1.5081	2.9277	-1.5081	2.9277	0	2	90	0	4.6562	-1	-9	3.6562	0	-7.3438	3	-1	1	1	0	0	0
2	1026.4	-1.5081	2.9277	-1.5081	2.9277	0	3	90	0	4.6562	-1	-9	3.6562	0	-7.3438	3	-1	1	0	0	0	0
3	31.027	0.14076	-7.4962	0.14076	-7.4962	0	1	90	0	4.6562	-1	-9	3.6562	0	-7.3438	3	-1	1	0	0	0	0
3	47.61	0.14076	-7.5284	0.14076	-7.5284	0	1	90	0	4.6562	-1	-9	3.6562	0	-7.3438	3	-1	1	0	0	0	0
3	64.079	0.14076	-7.5284	0.14076	-7.5284	0	1	90	0	4.6562	-1	-9	3.6562	0	-7.3438	3	-1	1	0	0	0	0
3	80.761	0.14076	-7.5284	0.14076	-7.5284	0	1	90	0	4.6562	-1	-9	3.6562	0	-7.3438	3	-1	1	0	0	0	0
3	97.367	0.14076	-7.5284	0.14076	-7.5284	0	1	90	0	4.6562	-1	-9	3.6562	0	-7.3438	3	-1	1	0	0	0	0
3	114	0.14076	-7.5284	0.14076	-7.5284	0	1	90	0	4.6562	-1	-9	3.6562	0	-7.3438	3	-1	1	0	0	0	0
3	130.57	0.14076	-7.5284	0.14076	-7.5284	0	1	90	0	4.6562	-1	-9	3.6562	0	-7.3438	3	-1	1	0	0	0	0
3	147.15	0.14076	-7.5284	0.14076	-7.5284	0	1	90	0	4.6562	-1	-9	3.6562	0	-7.3438	3	-1	1	0	0	0	0
3	163.77	0.14076	-7.5284	0.14076	-7.5284	0	1	90	0	4.6562	-1	-9	3.6562	0	-7.3438	3	-1	1	0	0	0	0
3	180.33	0.14076	-7.5284	0.14076	-7.5284	0	1	90	0	4.6562	-1	-9	3.6562	0	-7.3438	3	-1	1	0	0	0	0
3	196.89	0.14076	-7.5284	0.14076	-7.5284	0	1	90	0	4.6562	-1	-9	3.6562	0	-7.3438	3	-1	1	0	0	0	0
3	213.5	0.14076	-7.5284	0.14076	-7.5284	0	1	90	0	4.6562	-1	-9	3.6562	0	-7.3438	3	-1	1	0	0	0	0
3	230.14	0.14076	-7.5284	0.14076	-7.5284	0	1	90	0	4.6562	-1	-9	3.6562	0	-7.3438	3	-1	1	0	0	0	0
3	246.74	0.14076	-7.5284	0.14076	-7.5284	0	1	90	0	4.6562	-1	-9	3.6562	0	-7.3438	3	-1	1	0	0	0	0
3	263.29	0.14076	-7.5284	0.14076	-7.5284	0	1	90	0	4.6562	-1	-9	3.6562	0	-7.3438	3	-1	1	0	0	0	0
3	279.89	0.14076	-7.5284	0.14076	-7.5284	0	1	90	0	4.6562	-1	-9	3.6562	0	-7.3438	3	-1	1	0	0	0	0
3	296.49	0.14076	-7.5284	0.14076	-7.5284	0	1	90	0	4.6562	-1	-9	3.6562	0	-7.3438	3	-1	1	0	0	0	0
3	313.09	0.14076	-7.5284	0.14076	-7.5284	0	1	90	0	4.6562	-1	-9	3.6562	0	-7.3438	3	-1	1	1	0	0	0
3	329.68	0.14076	-7.5284	0.14076	-7.5284	0	1	90	0	4.6562	-1	-9	3.6562	0	-7.3438	3	-1	1	1	0	0	0
3	346.28	0.14076	-7.5284	0.14076	-7.5284	0	1	90	0	4.6562	-1	-9	3.6562	0	-7.3438	3	-1	1	1	0	0	0
3	362.87	0.14076	-7.5284	0.14076	-7.5284	0	1	90	0	4.6562	-1	-9	3.6562	0	-7.3438	3	-1	1	1	0	0	0
3	379.47	0.14076	-7.5284	0.14076	-7.5284	0	1	90	0	4.6562	-1	-9	3.6562	0	-7.3438	3	-1	1	1	0	0	0
3	396.05	0.14076	-7.4962	0.14076	-7.4962	0	1	90	0	4.6562	-1	-9	3.6562	0	-7.3438	3	-1	1	1	0	0	0
3	412.63	0.14076	-7.3997	0.14076	-7.3997	0	1	90	0	4.6562	-1	-9	3.6562	0	-7.3438	3	-1	1	1	0	0	0
3	429.24	0.14076	-7.3032	0.14076	-7.3032	0	1	90	0	4.6562	-1	-9	3.6562	0	-7.3438	3	-1	1	1	0	0	0
3	445.87	0.10054	-6.9815	0.10054	-6.9815	0	1	90	0	4.6562	-1	-9	3.6562	0	-7.3438	3	-1	1	1	0	0	0
3	462.43	0.020108	-6.531	0.020108	-6.531	0	1	90	0	4.6562	-1	-9	3.6562	0	-7.3438	3	-1	1	1	0	0	0
3	479.04	-0.020108	-6.2415	-0.020108	-6.2415	0	1	90	0	4.6562	-1	-9	3.6562	0	-7.3438	3	-1	1	1	0	0	0
3	495.61	-0.080432	-5.6302	-0.080432	-5.6302	0	1	90	0	4.6562	-1	-9	3.6562	0	-7.3438	3	-1	1	1	0	0	0
3	512.21	-0.14076	-4.9546	-0.14076	-4.9546	0	1	90	0	4.6562	-1	-9	3.6562	0	-7.3438	3	-1	1	1	0	0	0
3	528.82	-0.16086	-4.5685	-0.16086	-4.5685	0	2	90	0	4.6562	-1	-9	3.6562	0	-7.3438	3	-1	1	1	0	0	0
3	545.39	-0.18097	-3.8285	-0.18097	-3.8285	0	2	90	0	4.6562	-1	-9	3.6562	0	-7.3438	3	-1	1	1	0	0	0
3	562.02	-0.18097	-2.9921	-0.18097	-2.9921	0	2	90	0	4.6562	-1	-9	3.6562	0	-7.3438	3	-1	1	1	0	0	0
3	578.6	-0.16086	-2.5738	-0.16086	-2.5738	0	2	90	0	4.6562	-1	-9	3.6562	0	-7.3438	3	-1	1	1	0	0	0
3	595.2	-0.16086	-1.7051	-0.16086	-1.7051	0	2	90	0	4.6562	-1	-9	3.6562	0	-7.3438	3	-1	1	1	0	1	0
3	611.78	-0.14076	-0.77214	-0.14076	-0.77214	0	2	90	0	4.6562	-1	-9	3.6562	0	-7.3438	3	-1	1	1	0	0	0
3	628.35	-0.16086	-0.32173	-0.16086	-0.32173	0	2	90	0	4.6562	-1	-9	3.6562	0	-7.3438	3	-1	1	1	0	0	0
3	645	-0.18097	0.54693	-0.18097	0.54693	0	2	90	0	4.6562	-1	-9	3.6562	0	-7.3438	3	-1	1	1	0	0	0
3	661.56	-0.22119	1.3513	-0.22119	1.3512	0	2	90	0	4.6562	-1	-9	3.6562	0	-7.3438	3	-1	1	1	0	0	0
3	678.19	-0.24129	1.7051	-0.24129	1.7051	0	2	90	0	4.6562	-1	-9	3.6562	0	-7.3438	3	-1	1	1	0	0	0
3	694.77	-0.2614	2.3486	-0.2614	2.3486	0	2	90	0	4.6562	-1	-9	3.6562	0	-7.3438	3	-1	1	1	0	0	0
3	711.35	-0.2614	2.606	-0.2614	2.606	0	2	90	0	4.6562	-1	-9	3.6562	0	-7.3438	3	-1	1	1	0	0	0
3	727.73	-0.2614	2.9921	-0.2614	2.9921	0	2	90	0	4.6562	-1	-9	3.6562	0	-7.3438	3	-1	1	1	0	0	0
3	744.54	-0.30162	3.2816	-0.30162	3.2816	0	2	90	0	4.6562	-1	-9	3.6562	0	-7.3438	3	-1	1	1	0	0	0
3	761.1	-0.32173	3.4103	-0.32173	3.4103	0	2	90	0	4.6562	-1	-9	3.6562	0	-7.3438	3	-1	1	1	0	0	0
3	777.76	-0.32173	3.4746	-0.32173	3.4746	0	2	90	0	4.6562	-1	-9	3.6562	0	-7.3438	3	-1	1	1	0	0	0
3	794.38	-0.34183	3.539	-0.34183	3.539	0	2	90	0	4.6562	-1	-9	3.6562	0	-7.3438	3	-1	1	1	0	0	0
3	810.9	-0.36194	3.539	-0.36194	3.539	0	2	90	0	4.6562	-1	-9	3.6562	0	-7.3438	3	-1	1	1	0	0	0
3	827.5	-0.36194	3.5712	-0.36194	3.5712	0	2	90	0	4.6562	-1	-9	3.6562	0	-7.3438	3	-1	1	0	0	0	0
3	844.1	-0.36194	3.5712	-0.36194	3.5712	0	2	90	0	4.6562	-1	-9	3.6562	0	-7.3438	3	-1	1	0	0	0	0
3	860.69	-0.36194	3.5712	-0.36194	3.5712	0	2	90	0	4.6562	-1	-9	3.6562	0	-7.3438	3	-1	1	0	0	0	0
3	877.23	-0.36194	3.5712	-0.36194	3.5712	0	2	90	0	4.6562	-1	-9	3.6562	0	-7.3438	3	-1	1	0	0	0	0
3	893.89	-0.36194	3.5712	-0.36194	3.5712	0	3	90	0	4.6562	-1	-9	3.6562	0	-7.3438	3	-1	1	0	0	0	0
4	30.831	0.5027	-7.3997	0.5027	-7.3997	0	1	75	3.1058	4.2473	-1	-5.8942	3.2474	0	-7.3438	3	-1	1	0	0	0	0
4	47.469	0.5027	-7.3997	0.5027	-7.3997	0	1	75	3.1058	4.2473	-1	-5.8942	3.2474	0	-7.3438	3	-1	1	0	0	0	0
4	64.075	0.5027	-7.3997	0.5027	-7.3997	0	1	75	3.1058	4.2473	-1	-5.8942	3.2474	0	-7.3438	3	-1	1	0	0	0	0
4	80.62	0.5027	-7.3997	0.5027	-7.3997	0	1	75	3.1058	4.2473	-1	-5.8942	3.2474	0	-7.3438	3	-1	1	0	0	0	0
4	97.197	0.5027	-7.3997	0.5027	-7.3997	0	1	75	3.1058	4.2473	-1	-5.8942	3.2474	0	-7.3438	3	-1	1	0	0	0	0
4	113.81	0.5027	-7.3997	0.5027	-7.3997	0	1	75	3.1058	4.2473	-1	-5.8942	3.2474	0	-7.3438	3	-1	1	0	0	0	0
4	130.38	0.5027	-7.3997	0.5027	-7.3997	0	1	75	3.1058	4.2473	-1	-5.8942	3.2474	0	-7.3438	3	-1	1	0	0	0	0
4	146.97	0.5027	-7.3997	0.5027	-7.3997	0	1	75	3.1058	4.2473	-1	-5.8942	3.2474	0	-7.3438	3	-1	1	0	0	0	0
4	163.54	0.5027	-7.3997	0.5027	-7.3997	0	1	75	3.1058	4.2473	-1	-5.8942	3.2474	0	-7.3438	3	-1	1	0	0	0	0
4	180.3	0.5027	-7.3997	0.5027	-7.3997	0	1	75	3.1058	4.2473	-1	-5.8942	3.2474	0	-7.3438	3	-1	1	0	0	0	0
4	196.83	0.5027	-7.3997	0.5027	-7.3997	0	1	75	3.1058	4.2473	-1	-5.8942	3.2474	0	-7.3438	3	-1	1	0	0	0	0
4	213.39	0.5027	-7.3997	0.5027	-7.3997	0	1	75	3.1058	4.2473	-1	-5.8942	3.2474	0	-7.3438	3	-1	1	0	0	0	0
4	229.93	0.5027	-7.3997	0.5027	-7.3997	0	1	75	3.1058	4.2473	-1	-5.8942	3.2474	0	-7.3438	3	-1	1	0	0	0	0
4	246.59	0.5027	-7.3997	0.5027	-7.3997	0	1	75	3.1058	4.2473	-1	-5.8942	3.2474	0	-7.3438	3	-1	1	0	0	0	0
4	263.16	0.5027	-7.3997	0.5027	-7.3997	0	1	75	3.1058	4.2473	-1	-5.8942	3.2474	0	-7.3438	3	-1	1	0	0	0	0
4	279.77	0.5027	-7.3997	0.5027	-7.3997	0	1	75	3.1058	4.2473	-1	-5.8942	3.2474	0	-7.3438	3	-1	1	0	0	0	0
4	296.38	0.5027	-7.3997	0.5027	-7.3997	0	1	75	3.1058	4.2473	-1	-5.8942	3.2474	0	-7.3438	3	-1	1	0	0	0	0
4	312.97	0.5027	-7.3997	0.5027	-7.3997	0	1	75	3.1058	4.2473	-1	-5.8942	3.2474	0	-7.3438	3	-1	1	0	0	0	0
4	329.49	0.5027	-7.3997	0.5027	-7.3997	0	1	75	3.1058	4.2473	-1	-5.8942	3.2474	0	-7.3438	3	-1	1	0	0	0	0
4	346.14	0.5027	-7.3997	0.5027	-7.3997	0	1	75	3.1058	4.2473	-1	-5.8942	3.2474	0	-7.3438	3	-1	1	0	0	0	0
4	362.72	0.5027	-7.3997	0.5027	-7.3997	0	1	75	3.1058	4.2473	-1	-5.8942	3.2474	0	-7.3438	3	-1	1	0	0	0	0
4	379.29	0.5027	-7.3997	0.5027	-7.3997	0	1	75	3.1058	4.2473	-1	-5.8942	3.2474	0	-7.3438	3	-1	1	1	0	0	0
4	395.96	0.5027	-7.3997	0.5027	-7.3997	0	1	75	3.1058	4.2473	-1	-5.8942	3.2474	0	-7.3438	3	-1	1	1	0	0	0
4	412.51	0.5027	-7.3997	0.5027	-7.3997	0	1	75	3.1058	4.2473	-1	-5.8942	3.2474	0	-7.3438	3	-1	1	1	0	0	0
4	429.17	0.5027	-7.3997	0.5027	-7.3997	0	1	75	3.1058	4.2473	-1	-5.8942	3.2474	0	-7.3438	3	-1	1	1	0	0	0
4	445.67	0.5027	-7.3997	0.5027	-7.3997	0	1	75	3.1058	4.2473	-1	-5.8942	3.2474	0	-7.3438	3	-1	1	1	0	0	0
4	462.26	0.54291	-7.3354	0.54291	-7.3354	0	1	75	3.1058	4.2473	-1	-5.8942	3.2474	0	-7.3438	3	-1	1	1	0	0	0
4	478.86	0.56302	-7.271	0.56302	-7.271	0	1	75	3.1058	4.2473	-1	-5.8942	3.2474	0	-7.3438	3	-1	1	1	0	0	0
4	495.4	0.62334	-7.078	0.62334	-7.078	0	1	75	3.1058	4.2473	-1	-5.8942	3.2474	0	-7.3438	3	-1	1	1	0	0	0
4	512.08	0.72388	-6.7884	0.72388	-6.7884	0	1	75	3.1058	4.2473	-1	-5.8942	3.2474	0	-7.3438	3	-1	1	1	0	0	0
4	528.68	0.7641	-6.6276	0.7641	-6.6276	0	1	75	3.1058	4.2473	-1	-5.8942	3.2474	0	-7.3438	3	-1	1	1	0	0	0
4	545.26	0.88475	-6.2093	0.88475	-6.2093	0	1	75	3.1058	4.2473	-1	-5.8942	3.2474	0	-7.3438	3	-1	1	1	0	0	0
4	561.82	1.0255	-5.7267	1.0255	-5.7267	0	1	75	3.1058	4.2473	-1	-5.8942	3.2474	0	-7.3438	3	-1	1	1	0	0	0
4	578.47	1.1059	-5.4693	1.1059	-5.4693	0	1	75	3.1058	4.2473	-1	-5.8942	3.2474	0	-7.3438	3	-1	1	1	0	0	0
4	595.11	1.2668	-4.9224	1.2668	-4.9224	0	2	75	3.1058	4.2473	-1	-5.8942	3.2474	0	-7.3438	3	-1	1	1	0	0	0
4	611.64	1.4478	-4.3111	1.4478	-4.3111	0	2	75	3.1058	4.2473	-1	-5.8942	3.2474	0	-7.3438	3	-1	1	1	0	0	0
4	628.27	1.5483	-3.9894	1.5483	-3.9894	0	2	75	3.1058	4.2473	-1	-5.8942	3.2474	0	-7.3438	3	-1	1	1	0	0	0
4	644.79	1.7494	-3.2816	1.7494	-3.2816	0	2	75	3.1058	4.2473	-1	-5.8942	3.2474	0	-7.3438	3	-1	1	1	0	0	0
4	661.51	1.9706	-2.5738	1.9706	-2.5738	0	2	75	3.1058	4.2473	-1	-5.8942	3.2474	0	-7.3438	3	-1	1	1	0	1	0
4	677.99	2.0711	-2.2199	2.0711	-2.2199	0	2	75	3.1058	4.2473	-1	-5.8942	3.2474	0	-7.3438	3	-1	1	1	0	0	0
4	694.65	2.3325	-1.5121	2.3325	-1.5121	0	2	75	3.1058	4.2473	-1	-5.8942	3.2474	0	-7.3438	3	-1	1	1	0	0	0
4	711.19	2.5738	-0.83649	2.5738	-0.83649	0	2	75	3.1058	4.2473	-1	-5.8942	3.2474	0	-7.3438	3	-1	1	1	0	0	0
4	727.74	2.6945	-0.51476	2.6945	-0.51476	0	2	75	3.1058	4.2473	-1	-5.8942	3.2474	0	-7.3438	3	-1	1	1	0	0	0
4	744.39	2.9156	0.064345	2.9156	0.064345	0	2	75	3.1058	4.2473	-1	-5.8942	3.2474	0	-7.3438	3	-1	1	1	0	0	0
4	761.02	3.0363	0.3539	3.0363	0.3539	0	2	75	3.1058	4.2473	-1	-5.8942	3.2474	0	-7.3438	3	-1	1	1	0	0	0
4	777.51	3.2374	0.86866	3.2374	0.86866	0	2	75	3.1058	4.2473	-1	-5.8942	3.2474	0	-7.3438	3	-1	1	1	0	0	0
4	794.2	3.3982	1.3191	3.3982	1.3191	0	2	75	3.1058	4.2473	-1	-5.8942	3.2474	0	-7.3438	3	-1	1	1	0	0	0
4	810.78	3.5189	1.6408	3.5189	1.6408	0	2	75	3.1058	4.2473	-1	-5.8942	3.2474	0	-7.3438	3	-1	1	1	0	0	0
4	827.39	3.5591	1.8017	3.5591	1.8017	0	2	75	3.1058	4.2473	-1	-5.8942	3.2474	0	-7.3438	3	-1	1	1	0	0	0
4	843.98	3.6194	1.9947	3.6194	1.9947	0	2	75	3.1058	4.2473	-1	-5.8942	3.2474	0	-7.3438	3	-1	1	1	0	0	0
4	860.57	3.6596	2.0912	3.6596	2.0912	0	2	75	3.1058	4.2473	-1	-5.8942	3.2474	0	-7.3438	3	-1	1	1	0	0	0
4	877.14	3.6797	2.1877	3.6797	2.1877	0	2	75	3.1058	4.2473	-1	-5.8942	3.2474	0	-7.3438	3	-1	1	1	0	0	0
4	893.67	3.6999	2.2521	3.6999	2.2521	0	2	75	3.1058	4.2473	-1	-5.8942	3.2474	0	-7.3438	3	-1	1	1	0	0	0
4	910.28	3.6999	2.2521	3.6999	2.2521	0	2	75	3.1058	4.2473	-1	-5.8942	3.2474	0	-7.3438	3	-1	1	1	0	0	0
4	926.92	3.6999	2.2521	3.6999	2.2521	0	2	75	3.1058	4.2473	-1	-5.8942	3.2474	0	-7.3438	3	-1	1	1	0	0	0
4	943.53	3.6999	2.2521	3.6999	2.2521	0	2	75	3.1058	4.2473	-1	-5.8942	3.2474	0	-7.3438	3	-1	1	1	0	0	0
4	960.16	3.6999	2.2521	3.6999	2.2521	0	2	75	3.1058	4.2473	-1	-5.8942	3.2474	0	-7.3438	3	-1	1	0	0	0	0
4	976.71	3.6999	2.2521	3.6999	2.2521	0	2	75	3.1058	4.2473	-1	-5.8942	3.2474	0	-7.3438	3	-1	1	0	0	0	0
4	993.28	3.6999	2.2521	3.6999	2.2521	0	3	75	3.1058	4.2473	-1	-5.8942	3.2474	0	-7.3438	3	-1	1	0	0	0	0
5	30.933	0.32173	-7.464	0.32173	-7.464	0	1	105	-3.1058	4.2473	-1	-12.106	3.2474	0	-7.3438	3	-1	1	0	0	0	0
5	47.457	0.30162	-7.4962	0.30162	-7.4962	0	1	105	-3.1058	4.2473	-1	-12.106	3.2474	0	-7.3438	3	-1	1	0	0	0	0
5	64.057	0.30162	-7.4962	0.30162	-7.4962	0	1	105	-3.1058	4.2473	-1	-12.106	3.2474	0	-7.3438	3	-1	1	0	0	0	0
5	80.681	0.30162	-7.4962	0.30162	-7.4962	0	1	105	-3.1058	4.2473	-1	-12.106	3.2474	0	-7.3438	3	-1	1	0	0	0	0
5	97.285	0.30162	-7.4962	0.30162	-7.4962	0	1	105	-3.1058	4.2473	-1	-12.106	3.2474	0	-7.3438	3	-1	1	0	0	0	0
5	113.87	0.30162	-7.4962	0.30162	-7.4962	0	1	105	-3.1058	4.2473	-1	-12.106	3.2474	0	-7.3438	3	-1	1	0	0	0	0
5	130.4	0.30162	-7.4962	0.30162	-7.4962	0	1	105	-3.1058	4.2473	-1	-12.106	3.2474	0	-7.3438	3	-1	1	0	0	0	0
5	147.09	0.30162	-7.464	0.30162	-7.464	0	1	105	-3.1058	4.2473	-1	-12.106	3.2474	0	-7.3438	3	-1	1	0	0	0	0
5	163.76	0.30162	-7.464	0.30162	-7.464	0	1	105	-3.1058	4.2473	-1	-12.106	3.2474	0	-7.3438	3	-1	1	0	0	0	0
5	180.23	0.30162	-7.464	0.30162	-7.464	0	1	105	-3.1058	4.2473	-1	-12.106	3.2474	0	-7.3438	3	-1	1	0	0	0	0
5	196.84	0.30162	-7.464	0.30162	-7.464	0	1	105	-3.1058	4.2473	-1	-12.106	3.2474	0	-7.3438	3	-1	1	0	0	0	0
5	213.38	0.30162	-7.464	0.30162	-7.464	0	1	105	-3.1058	4.2473	-1	-12.106	3.2474	0	-7.3438	3	-1	1	0	0	0	0
5	230.01	0.30162	-7.464	0.30162	-7.464	0	1	105	-3.1058	4.2473	-1	-12.106	3.2474	0	-7.3438	3	-1	1	0	0	0	0
5	246.6	0.30162	-7.464	0.30162	-7.464	0	1	105	-3.1058	4.2473	-1	-12.106	3.2474	0	-7.3438	3	-1	1	0	0	0	0
5	263.21	0.30162	-7.464	0.30162	-7.464	0	1	105	-3.1058	4.2473	-1	-12.106	3.2474	0	-7.3438	3	-1	1	0	0	0	0
5	279.78	0.30162	-7.464	0.30162	-7.464	0	1	105	-3.1058	4.2473	-1	-12.106	3.2474	0	-7.3438	3	-1	1	0	0	0	0
5	296.35	0.30162	-7.464	0.30162	-7.464	0	1	105	-3.1058	4.2473	-1	-12.106	3.2474	0	-7.3438	3	-1	1	0	0	0	0
5	313	0.30162	-7.464	0.30162	-7.464	0	1	105	-3.1058	4.2473	-1	-12.106	3.2474	0	-7.3438	3	-1	1	0	0	0	0
5	329.67	0.30162	-7.464	0.30162	-7.464	0	1	105	-3.1058	4.2473	-1	-12.106	3.2474	0	-7.3438	3	-1	1	0	0	0	0
5	346.14	0.30162	-7.464	0.30162	-7.464	0	1	105	-3.1058	4.2473	-1	-12.106	3.2474	0	-7.3438	3	-1	1	0	0	0	0
5	362.78	0.30162	-7.464	0.30162	-7.464	0	1	105	-3.1058	4.2473	-1	-12.106	3.2474	0	-7.3438	3	-1	1	0	0	0	0
5	379.37	0.30162	-7.464	0.30162	-7.464	0	1	105	-3.1058	4.2473	-1	-12.106	3.2474	0	-7.3438	3	-1	1	0	0	0	0
5	395.96	0.30162	-7.464	0.30162	-7.464	0	1	105	-3.1058	4.2473	-1	-12.106	3.2474	0	-7.3438	3	-1	1	0	0	0	0
5	412.57	0.30162	-7.464	0.30162	-7.464	0	1	105	-3.1058	4.2473	-1	-12.106	3.2474	0	-7.3438	3	-1	1	0	0	0	0
5	429.15	0.30162	-7.464	0.30162	-7.464	0	1	105	-3.1058	4.2473	-1	-12.106	3.2474	0	-7.3438	3	-1	1	0	0	0	0
5	445.75	0.30162	-7.464	0.30162	-7.464	0	1	105	-3.1058	4.2473	-1	-12.106	3.2474	0	-7.3438	3	-1	1	0	0	0	0
5	462.32	0.30162	-7.464	0.30162	-7.464	0	1	105	-3.1058	4.2473	-1	-12.106	3.2474	0	-7.3438	3	-1	1	0	0	0	0
5	478.9	0.30162	-7.464	0.30162	-7.464	0	1	105	-3.1058	4.2473	-1	-12.106	3.2474	0	-7.3438	3	-1	1	1	0	0	0
5	495.5	0.2614	-7.4319	0.2614	-7.4319	0	1	105	-3.1058	4.2473	-1	-12.106	3.2474	0	-7.3438	3	-1	1	1	0	0	0
5	512.04	0.12065	-7.1745	0.12065	-7.1745	0	1	105	-3.1058	4.2473	-1	-12.106	3.2474	0	-7.3438	3	-1	1	1	0	0	0
5	528.72	-0.16086	-6.6919	-0.16086	-6.6919	0	1	105	-3.1058	4.2473	-1	-12.106	3.2474	0	-7.3438	3	-1	1	1	0	0	0
5	545.11	-0.32173	-6.3702	-0.32173	-6.3702	0	1	105	-3.1058	4.2473	-1	-12.106	3.2474	0	-7.3438	3	-1	1	1	0	0	0
5	561.9	-0.66356	-5.6302	-0.66356	-5.6302	0	1	105	-3.1058	4.2473	-1	-12.106	3.2474	0	-7.3438	3	-1	1	1	0	0	0
5	578.48	-0.98529	-4.9224	-0.98529	-4.9224	0	1	105	-3.1058	4.2473	-1	-12.106	3.2474	0	-7.3438	3	-1	1	1	0	0	0
5	595.06	-1.1461	-4.5685	-1.1461	-4.5685	0	2	105	-3.1058	4.2473	-1	-12.106	3.2474	0	-7.3438	3	-1	1	1	0	1	0
5	611.7	-1.4478	-3.9251	-1.4478	-3.9251	0	2	105	-3.1058	4.2473	-1	-12.106	3.2474	0	-7.3438	3	-1	1	1	0	0	0
5	628.28	-1.7293	-3.3138	-1.7293	-3.3138	0	2	105	-3.1058	4.2473	-1	-12.106	3.2474	0	-7.3438	3	-1	1	1	0	0	0
5	644.93	-1.87	-3.0242	-1.87	-3.0242	0	2	105	-3.1058	4.2473	-1	-12.106	3.2474	0	-7.3438	3	-1	1	1	0	0	0
5	661.53	-2.0912	-2.5095	-2.0912	-2.5095	0	2	105	-3.1058	4.2473	-1	-12.106	3.2474	0	-7.3438	3	-1	1	1	0	0	0
5	678.02	-2.2722	-2.059	-2.2722	-2.059	0	2	105	-3.1058	4.2473	-1	-12.106	3.2474	0	-7.3438	3	-1	1	1	0	0	0
5	694.61	-2.3526	-1.8338	-2.3526	-1.8338	0	2	105	-3.1058	4.2473	-1	-12.106	3.2474	0	-7.3438	3	-1	1	1	0	0	0
5	711.23	-2.5336	-1.4478	-2.5336	-1.4478	0	2	105	-3.1058	4.2473	-1	-12.106	3.2474	0	-7.3438	3	-1	1	1	0	0	0
5	727.79	-2.7146	-1.0295	-2.7146	-1.0295	0	2	105	-3.1058	4.2473	-1	-12.106	3.2474	0	-7.3438	3	-1	1	1	0	0	0
5	744.4	-2.8151	-0.83649	-2.8151	-0.83649	0	2	105	-3.1058	4.2473	-1	-12.106	3.2474	0	-7.3438	3	-1	1	1	0	0	0
5	760.99	-2.9961	-0.3539	-2.9961	-0.3539	0	2	105	-3.1058	4.2473	-1	-12.106	3.2474	0	-7.3438	3	-1	1	1	0	0	0
5	777.6	-3.0765	-0.12869	-3.0765	-0.12869	0	2	105	-3.1058	4.2473	-1	-12.106	3.2474	0	-7.3438	3	-1	1	1	0	0	0
5	794.11	-3.2575	0.32173	-3.2575	0.32173	0	2	105	-3.1058	4.2473	-1	-12.106	3.2474	0	-7.3438	3	-1	1	1	0	0	0
5	810.77	-3.4586	0.77214	-3.4586	0.77214	0	2	105	-3.1058	4.2473	-1	-12.106	3.2474	0	-7.3438	3	-1	1	1	0	0	0
5	827.36	-3.6194	1.1582	-3.6194	1.1582	0	2	105	-3.1058	4.2473	-1	-12.106	3.2474	0	-7.3438	3	-1	1	1	0	0	0
5	844	-3.6999	1.3513	-3.6999	1.3512	0	2	105	-3.1058	4.2473	-1	-12.106	3.2474	0	-7.3438	3	-1	1	1	0	0	0
5	860.61	-3.8406	1.6086	-3.8406	1.6086	0	2	105	-3.1058	4.2473	-1	-12.106	3.2474	0	-7.3438	3	-1	1	1	0	0	0
5	877.19	-3.9009	1.7051	-3.9009	1.7051	0	2	105	-3.1058	4.2473	-1	-12.106	3.2474	0	-7.3438	3	-1	1	1	0	0	0
5	893.77	-3.9814	1.8338	-3.9814	1.8338	0	2	105	-3.1058	4.2473	-1	-12.106	3.2474	0	-7.3438	3	-1	1	1	0	0	0
5	910.34	-4.0417	1.8982	-4.0417	1.8982	0	2	105	-3.1058	4.2473	-1	-12.106	3.2474	0	-7.3438	3	-1	1	0	0	0	0
5	926.93	-4.0819	1.9625	-4.0819	1.9625	0	2	105	-3.1058	4.2473	-1	-12.106	3.2474	0	-7.3438	3	-1	1	0	0	0	0
5	943.53	-4.102	1.9625	-4.102	1.9625	0	2	105	-3.1058	4.2473	-1	-12.106	3.2474	0	-7.3438	3	-1	1	0	0	0	0
5	960.18	-4.102	1.9625	-4.102	1.9625	0	2	105	-3.1058	4.2473	-1	-12.106	3.2474	0	-7.3438	3	-1	1	0	0	0	0
5	976.76	-4.102	1.9625	-4.102	1.9625	0	2	105	-3.1058	4.2473	-1	-12.106	3.2474	0	-7.3438	3	-1	1	0	0	0	0
5	993.36	-4.102	1.9625	-4.102	1.9625	0	2	105	-3.1058	4.2473	-1	-12.106	3.2474	0	-7.3438	3	-1	1	0	0	0	0
5	1009.9	-4.102	1.9625	-4.102	1.9625	0	3	105	-3.1058	4.2473	-1	-12.106	3.2474	0	-7.3438	3	-1	1	0	0	0	0
6	30.611	0.68367	-7.3997	0.68367	-7.3997	0	1	75	3.1058	4.2473	-1	-5.8942	3.2474	0	-7.3438	3	-1	1	0	0	0	0
6	47.209	0.68367	-7.3997	0.68367	-7.3997	0	1	75	3.1058	4.2473	-1	-5.8942	3.2474	0	-7.3438	3	-1	1	0	0	0	0
6	63.842	0.68367	-7.3997	0.68367	-7.3997	0	1	75	3.1058	4.2473	-1	-5.8942	3.2474	0	-7.3438	3	-1	1	0	0	0	0
6	80.36	0.68367	-7.3675	0.68367	-7.3675	0	1	75	3.1058	4.2473	-1	-5.8942	3.2474	0	-7.3438	3	-1	1	0	0	0	0
6	96.958	0.68367	-7.3675	0.68367	-7.3675	0	1	75	3.1058	4.2473	-1	-5.8942	3.2474	0	-7.3438	3	-1	1	0	0	0	0
6	113.6	0.66356	-7.3675	0.66356	-7.3675	0	1	75	3.1058	4.2473	-1	-5.8942	3.2474	0	-7.3438	3	-1	1	0	0	0	0
6	130.19	0.66356	-7.3675	0.66356	-7.3675	0	1	75	3.1058	4.2473	-1	-5.8942	3.2474	0	-7.3438	3	-1	1	0	0	0	0
6	146.78	0.66356	-7.3675	0.66356	-7.3675	0	1	75	3.1058	4.2473	-1	-5.8942	3.2474	0	-7.3438	3	-1	1	0	0	0	0
6	163.38	0.66356	-7.3675	0.66356	-7.3675	0	1	75	3.1058	4.2473	-1	-5.8942	3.2474	0	-7.3438	3	-1	1	0	0	0	0
6	179.94	0.66356	-7.3675	0.66356	-7.3675	0	1	75	3.1058	4.2473	-1	-5.8942	3.2474	0	-7.3438	3	-1	1	0	0	0	0
6	196.54	0.66356	-7.3675	0.66356	-7.3675	0	1	75	3.1058	4.2473	-1	-5.8942	3.2474	0	-7.3438	3	-1	1	0	0	0	0
6	213.13	0.66356	-7.3675	0.66356	-7.3675	0	1	75	3.1058	4.2473	-1	-5.8942	3.2474	0	-7.3438	3	-1	1	0	0	0	0
6	229.77	0.66356	-7.3675	0.66356	-7.3675	0	1	75	3.1058	4.2473	-1	-5.8942	3.2474	0	-7.3438	3	-1	1	0	0	0	0
6	246.37	0.66356	-7.3675	0.66356	-7.3675	0	1	75	3.1058	4.2473	-1	-5.8942	3.2474	0	-7.3438	3	-1	1	0	0	0	0
6	262.88	0.66356	-7.3675	0.66356	-7.3675	0	1	75	3.1058	4.2473	-1	-5.8942	3.2474	0	-7.3438	3	-1	1	0	0	0	0
6	279.52	0.66356	-7.3675	0.66356	-7.3675	0	1	75	3.1058	4.2473	-1	-5.8942	3.2474	0	-7.3438	3	-1	1	0	0	0	0
6	296.11	0.66356	-7.3675	0.66356	-7.3675	0	1	75	3.1058	4.2473	-1	-5.8942	3.2474	0	-7.3438	3	-1	1	0	0	0	0
6	312.71	0.66356	-7.3675	0.66356	-7.3675	0	1	75	3.1058	4.2473	-1	-5.8942	3.2474	0	-7.3438	3	-1	1	0	0	0	0
6	329.27	0.66356	-7.3675	0.66356	-7.3675	0	1	75	3.1058	4.2473	-1	-5.8942	3.2474	0	-7.3438	3	-1	1	0	0	0	0
6	345.88	0.66356	-7.3675	0.66356	-7.3675	0	1	75	3.1058	4.2473	-1	-5.8942	3.2474	0	-7.3438	3	-1	1	0	0	0	0
6	362.52	0.66356	-7.3675	0.66356	-7.3675	0	1	75	3.1058	4.2473	-1	-5.8942	3.2474	0	-7.3438	3	-1	1	0	0	0	0
6	379.27	0.66356	-7.3675	0.66356	-7.3675	0	1	75	3.1058	4.2473	-1	-5.8942	3.2474	0	-7.3438	3	-1	1	0	0	0	0
6	395.7	0.66356	-7.3675	0.66356	-7.3675	0	1	75	3.1058	4.2473	-1	-5.8942	3.2474	0	-7.3438	3	-1	1	0	0	0	0
6	412.24	0.66356	-7.3675	0.66356	-7.3675	0	1	75	3.1058	4.2473	-1	-5.8942	3.2474	0	-7.3438	3	-1	1	0	0	0	0
6	428.87	0.66356	-7.3675	0.66356	-7.3675	0	1	75	3.1058	4.2473	-1	-5.8942	3.2474	0	-7.3438	3	-1	1	0	0	0	0
6	445.48	0.66356	-7.3675	0.66356	-7.3675	0	1	75	3.1058	4.2473	-1	-5.8942	3.2474	0	-7.3438	3	-1	1	0	0	0	0
6	462.05	0.66356	-7.3675	0.66356	-7.3675	0	1	75	3.1058	4.2473	-1	-5.8942	3.2474	0	-7.3438	3	-1	1	0	0	0	0
6	478.66	0.66356	-7.3675	0.66356	-7.3675	0	1	75	3.1058	4.2473	-1	-5.8942	3.2474	0	-7.3438	3	-1	1	0	0	0	0
6	495.28	0.66356	-7.3675	0.66356	-7.3675	0	1	75	3.1058	4.2473	-1	-5.8942	3.2474	0	-7.3438	3	-1	1	1	0	0	0
6	511.85	0.66356	-7.3354	0.66356	-7.3354	0	1	75	3.1058	4.2473	-1	-5.8942	3.2474	0	-7.3438	3	-1	1	1	0	0	0
6	528.4	0.66356	-7.2388	0.66356	-7.2388	0	1	75	3.1058	4.2473	-1	-5.8942	3.2474	0	-7.3438	3	-1	1	1	0	0	0
6	545.07	0.66356	-7.1423	0.66356	-7.1423	0	1	75	3.1058	4.2473	-1	-5.8942	3.2474	0	-7.3438	3	-1	1	1	0	0	0
6	561.66	0.66356	-6.8849	0.66356	-6.8849	0	1	75	3.1058	4.2473	-1	-5.8942	3.2474	0	-7.3438	3	-1	1	1	0	0	0
6	578.23	0.66356	-6.5632	0.66356	-6.5632	0	1	75	3.1058	4.2473	-1	-5.8942	3.2474	0	-7.3438	3	-1	1	1	0	0	0
6	594.83	0.66356	-6.3702	0.66356	-6.3702	0	1	75	3.1058	4.2473	-1	-5.8942	3.2474	0	-7.3438	3	-1	1	1	0	0	0
6	611.42	0.68367	-5.9198	0.68367	-5.9198	0	1	75	3.1058	4.2473	-1	-5.8942	3.2474	0	-7.3438	3	-1	1	1	0	0	0
6	628	0.70378	-5.6624	0.70378	-5.6624	0	1	75	3.1058	4.2473	-1	-5.8942	3.2474	0	-7.3438	3	-1	1	1	0	0	0
6	644.59	0.74399	-5.1798	0.74399	-5.1798	0	1	75	3.1058	4.2473	-1	-5.8942	3.2474	0	-7.3438	3	-1	1	1	0	0	0
6	661.22	0.78421	-4.6007	0.78421	-4.6007	0	2	75	3.1058	4.2473	-1	-5.8942	3.2474	0	-7.3438	3	-1	1	1	0	0	0
6	677.79	0.86464	-4.0537	0.86464	-4.0537	0	2	75	3.1058	4.2473	-1	-5.8942	3.2474	0	-7.3438	3	-1	1	1	0	0	0
6	694.37	0.90485	-3.732	0.90485	-3.732	0	2	75	3.1058	4.2473	-1	-5.8942	3.2474	0	-7.3438	3	-1	1	1	0	0	0
6	711	1.0255	-3.1529	1.0255	-3.1529	0	2	75	3.1058	4.2473	-1	-5.8942	3.2474	0	-7.3438	3	-1	1	1	0	0	0
6	727.53	1.0858	-2.8312	1.0858	-2.8312	0	2	75	3.1058	4.2473	-1	-5.8942	3.2474	0	-7.3438	3	-1	1	1	0	0	0
6	744.13	1.2266	-2.2199	1.2266	-2.2199	0	2	75	3.1058	4.2473	-1	-5.8942	3.2474	0	-7.3438	3	-1	1	1	0	0	0
6	760.75	1.3874	-1.5765	1.3874	-1.5765	0	2	75	3.1058	4.2473	-1	-5.8942	3.2474	0	-7.3438	3	-1	1	1	0	1	0
6	777.37	1.5483	-0.96518	1.5483	-0.96518	0	2	75	3.1058	4.2473	-1	-5.8942	3.2474	0	-7.3438	3	-1	1	1	0	0	0
6	793.9	1.6488	-0.64345	1.6488	-0.64345	0	2	75	3.1058	4.2473	-1	-5.8942	3.2474	0	-7.3438	3	-1	1	1	0	0	0
6	810.55	1.8901	0.064345	1.8901	0.064345	0	2	75	3.1058	4.2473	-1	-5.8942	3.2474	0	-7.3438	3	-1	1	1	0	0	0
6	827.16	2.0108	0.41824	2.0108	0.41824	0	2	75	3.1058	4.2473	-1	-5.8942	3.2474	0	-7.3438	3	-1	1	1	0	0	0
6	843.68	2.2923	1.126	2.2923	1.126	0	2	75	3.1058	4.2473	-1	-5.8942	3.2474	0	-7.3438	3	-1	1	1	0	0	0
6	860.26	2.5537	1.7373	2.5537	1.7373	0	2	75	3.1058	4.2473	-1	-5.8942	3.2474	0	-7.3438	3	-1	1	1	0	0	0
6	876.89	2.7749	2.2199	2.7749	2.2199	0	2	75	3.1058	4.2473	-1	-5.8942	3.2474	0	-7.3438	3	-1	1	1	0	0	0
6	893.54	2.8553	2.4451	2.8553	2.4451	0	2	75	3.1058	4.2473	-1	-5.8942	3.2474	0	-7.3438	3	-1	1	1	0	0	0
6	910.13	3.0162	2.7668	3.0162	2.7668	0	2	75	3.1058	4.2473	-1	-5.8942	3.2474	0	-7.3438	3	-1	1	1	0	0	0
6	926.69	3.0765	2.8955	3.0765	2.8955	0	2	75	3.1058	4.2473	-1	-5.8942	3.2474	0	-7.3438	3	-1	1	1	0	0	0
6	943.29	3.177	3.0886	3.177	3.0886	0	2	75	3.1058	4.2473	-1	-5.8942	3.2474	0	-7.3438	3	-1	1	1	0	0	0
6	959.83	3.2374	3.2173	3.2374	3.2173	0	2	75	3.1058	4.2473	-1	-5.8942	3.2474	0	-7.3438	3	-1	1	0	0	0	0
6	976.43	3.2575	3.2494	3.2575	3.2494	0	2	75	3.1058	4.2473	-1	-5.8942	3.2474	0	-7.3438	3	-1	1	0	0	0	0
6	993.06	3.2575	3.2494	3.2575	3.2494	0	2	75	3.1058	4.2473	-1	-5.8942	3.2474	0	-7.3438	3	-1	1	0	0	0	0
6	1009.7	3.2575	3.2494	3.2575	3.2494	0	2	75	3.1058	4.2473	-1	-5.8942	3.2474	0	-7.3438	3	-1	1	0	0	0	0
6	1026.3	3.2575	3.2494	3.2575	3.2494	0	2	75	3.1058	4.2473	-1	-5.8942	3.2474	0	-7.3438	3	-1	1	0	0	0	0
6	1042.9	3.2575	3.2494	3.2575	3.2494	0	2	75	3.1058	4.2473	-1	-5.8942	3.2474	0	-7.3438	3	-1	1	0	0	0	0
6	1059.5	3.2575	3.2494	3.2575	3.2494	0	2	75	3.1058	4.2473	-1	-5.8942	3.2474	0	-7.3438	3	-1	1	0	0	0	0
6	1076	3.2575	3.2494	3.2575	3.2494	0	3	75	3.1058	4.2473	-1	-5.8942	3.2474	0	-7.3438	3	-1	1	0	0	0	0
7	30.597	0.44237	-7.3675	0.44237	-7.3675	0	1	105	-3.1058	4.2473	-1	-12.106	3.2474	0	-7.3438	3	-1	1	0	0	0	0
7	47.177	0.44237	-7.3997	0.44237	-7.3997	0	1	105	-3.1058	4.2473	-1	-12.106	3.2474	0	-7.3438	3	-1	1	0	0	0	0
7	63.737	0.44237	-7.3997	0.44237	-7.3997	0	1	105	-3.1058	4.2473	-1	-12.106	3.2474	0	-7.3438	3	-1	1	0	0	0	0
7	80.362	0.44237	-7.3997	0.44237	-7.3997	0	1	105	-3.1058	4.2473	-1	-12.106	3.2474	0	-7.3438	3	-1	1	0	0	0	0
7	96.876	0.44237	-7.3997	0.44237	-7.3997	0	1	105	-3.1058	4.2473	-1	-12.106	3.2474	0	-7.3438	3	-1	1	0	0	0	0
7	113.49	0.44237	-7.3997	0.44237	-7.3997	0	1	105	-3.1058	4.2473	-1	-12.106	3.2474	0	-7.3438	3	-1	1	0	0	0	0
7	130.13	0.44237	-7.3997	0.44237	-7.3997	0	1	105	-3.1058	4.2473	-1	-12.106	3.2474	0	-7.3438	3	-1	1	0	0	0	0
7	146.76	0.44237	-7.3997	0.44237	-7.3997	0	1	105	-3.1058	4.2473	-1	-12.106	3.2474	0	-7.3438	3	-1	1	0	0	0	0
7	163.32	0.44237	-7.3997	0.44237	-7.3997	0	1	105	-3.1058	4.2473	-1	-12.106	3.2474	0	-7.3438	3	-1	1	0	0	0	0
7	179.91	0.44237	-7.3997	0.44237	-7.3997	0	1	105	-3.1058	4.2473	-1	-12.106	3.2474	0	-7.3438	3	-1	1	0	0	0	0
7	196.53	0.44237	-7.3997	0.44237	-7.3997	0	1	105	-3.1058	4.2473	-1	-12.106	3.2474	0	-7.3438	3	-1	1	0	0	0	0
7	213.07	0.44237	-7.3997	0.44237	-7.3997	0	1	105	-3.1058	4.2473	-1	-12.106	3.2474	0	-7.3438	3	-1	1	0	0	0	0
7	229.7	0.44237	-7.3997	0.44237	-7.3997	0	1	105	-3.1058	4.2473	-1	-12.106	3.2474	0	-7.3438	3	-1	1	0	0	0	0
7	246.26	0.44237	-7.3997	0.44237	-7.3997	0	1	105	-3.1058	4.2473	-1	-12.106	3.2474	0	-7.3438	3	-1	1	0	0	0	0
7	262.87	0.44237	-7.3997	0.44237	-7.3997	0	1	105	-3.1058	4.2473	-1	-12.106	3.2474	0	-7.3438	3	-1	1	0	0	0	0
7	279.51	0.44237	-7.3997	0.44237	-7.3997	0	1	105	-3.1058	4.2473	-1	-12.106	3.2474	0	-7.3438	3	-1	1	0	0	0	0
7	296.06	0.44237	-7.3997	0.44237	-7.3997	0	1	105	-3.1058	4.2473	-1	-12.106	3.2474	0	-7.3438	3	-1	1	0	0	0	0
7	312.65	0.44237	-7.3997	0.44237	-7.3997	0	1	105	-3.1058	4.2473	-1	-12.106	3.2474	0	-7.3438	3	-1	1	0	0	0	0
7	329.25	0.44237	-7.3997	0.44237	-7.3997	0	1	105	-3.1058	4.2473	-1	-12.106	3.2474	0	-7.3438	3	-1	1	0	0	0	0
7	345.89	0.44237	-7.3997	0.44237	-7.3997	0	1	105	-3.1058	4.2473	-1	-12.106	3.2474	0	-7.3438	3	-1	1	0	0	0	0
7	362.45	0.44237	-7.3997	0.44237	-7.3997	0	1	105	-3.1058	4.2473	-1	-12.106	3.2474	0	-7.3438	3	-1	1	0	0	0	0
7	379.06	0.44237	-7.3997	0.44237	-7.3997	0	1	105	-3.1058	4.2473	-1	-12.106	3.2474	0	-7.3438	3	-1	1	0	0	0	0
7	395.65	0.44237	-7.3997	0.44237	-7.3997	0	1	105	-3.1058	4.2473	-1	-12.106	3.2474	0	-7.3438	3	-1	1	0	0	0	0
7	412.23	0.44237	-7.3997	0.44237	-7.3997	0	1	105	-3.1058	4.2473	-1	-12.106	3.2474	0	-7.3438	3	-1	1	0	0	0	0
7	428.79	0.44237	-7.3997	0.44237	-7.3997	0	1	105	-3.1058	4.2473	-1	-12.106	3.2474	0	-7.3438	3	-1	1	0	0	0	0
7	445.39	0.44237	-7.3997	0.44237	-7.3997	0	1	105	-3.1058	4.2473	-1	-12.106	3.2474	0	-7.3438	3	-1	1	0	0	0	0
7	461.95	0.44237	-7.3997	0.44237	-7.3997	0	1	105	-3.1058	4.2473	-1	-12.106	3.2474	0	-7.3438	3	-1	1	0	0	0	0
7	478.6	0.44237	-7.3997	0.44237	-7.3997	0	1	105	-3.1058	4.2473	-1	-12.106	3.2474	0	-7.3438	3	-1	1	0	0	0	0
7	495.19	0.44237	-7.3997	0.44237	-7.3997	0	1	105	-3.1058	4.2473	-1	-12.106	3.2474	0	-7.3438	3	-1	1	1	0	0	0
7	511.8	0.44237	-7.3675	0.44237	-7.3675	0	1	105	-3.1058	4.2473	-1	-12.106	3.2474	0	-7.3438	3	-1	1	1	0	0	0
7	528.4	0.40216	-7.3032	0.40216	-7.3032	0	1	105	-3.1058	4.2473	-1	-12.106	3.2474	0	-7.3438	3	-1	1	1	0	0	0
7	544.98	0.30162	-7.078	0.30162	-7.078	0	1	105	-3.1058	4.2473	-1	-12.106	3.2474	0	-7.3438	3	-1	1	1	0	0	0
7	561.58	0.12065	-6.7241	0.12065	-6.7241	0	1	105	-3.1058	4.2473	-1	-12.106	3.2474	0	-7.3438	3	-1	1	1	0	0	0
7	578.15	-0.10054	-6.3058	-0.10054	-6.3058	0	1	105	-3.1058	4.2473	-1	-12.106	3.2474	0	-7.3438	3	-1	1	1	0	0	0
7	594.66	-0.20108	-6.1128	-0.20108	-6.1128	0	1	105	-3.1058	4.2473	-1	-12.106	3.2474	0	-7.3438	3	-1	1	1	0	0	0
7	611.34	-0.44237	-5.6946	-0.44237	-5.6946	0	1	105	-3.1058	4.2473	-1	-12.106	3.2474	0	-7.3438	3	-1	1	1	0	0	0
7	627.98	-0.56302	-5.4693	-0.56302	-5.4693	0	1	105	-3.1058	4.2473	-1	-12.106	3.2474	0	-7.3438	3	-1	1	1	0	0	0
7	644.53	-0.78421	-5.0189	-0.78421	-5.0189	0	1	105	-3.1058	4.2473	-1	-12.106	3.2474	0	-7.3438	3	-1	1	1	0	0	0
7	661.12	-1.0054	-4.5685	-1.0054	-4.5685	0	2	105	-3.1058	4.2473	-1	-12.106	3.2474	0	-7.3438	3	-1	1	1	0	0	0
7	677.77	-1.2266	-4.0859	-1.2266	-4.0859	0	2	105	-3.1058	4.2473	-1	-12.106	3.2474	0	-7.3438	3	-1	1	1	0	0	0
7	694.37	-1.3271	-3.8285	-1.3271	-3.8285	0	2	105	-3.1058	4.2473	-1	-12.106	3.2474	0	-7.3438	3	-1	1	1	0	0	0
7	710.93	-1.5483	-3.3781	-1.5483	-3.3781	0	2	105	-3.1058	4.2473	-1	-12.106	3.2474	0	-7.3438	3	-1	1	1	0	0	0
7	727.53	-1.669	-3.1207	-1.669	-3.1207	0	2	105	-3.1058	4.2473	-1	-12.106	3.2474	0	-7.3438	3	-1	1	1	0	0	0
7	744.13	-1.9102	-2.7025	-1.9102	-2.7025	0	2	105	-3.1058	4.2473	-1	-12.106	3.2474	0	-7.3438	3	-1	1	1	0	1	0
7	760.66	-2.1314	-2.2843	-2.1314	-2.2843	0	2	105	-3.1058	4.2473	-1	-12.106	3.2474	0	-7.3438	3	-1	1	1	0	0	0
7	777.27	-2.3928	-1.8982	-2.3928	-1.8982	0	2	105	-3.1058	4.2473	-1	-12.106	3.2474	0	-7.3438	3	-1	1	1	0	0	0
7	793.9	-2.5336	-1.7051	-2.5336	-1.7051	0	2	105	-3.1058	4.2473	-1	-12.106	3.2474	0	-7.3438	3	-1	1	1	0	0	0
7	810.49	-2.795	-1.3191	-2.795	-1.3191	0	2	105	-3.1058	4.2473	-1	-12.106	3.2474	0	-7.3438	3	-1	1	1	0	0	0
7	827.13	-2.9156	-1.0939	-2.9156	-1.0939	0	2	105	-3.1058	4.2473	-1	-12.106	3.2474	0	-7.3438	3	-1	1	1	0	0	0
7	843.72	-3.177	-0.64345	-3.177	-0.64345	0	2	105	-3.1058	4.2473	-1	-12.106	3.2474	0	-7.3438	3	-1	1	1	0	0	0
7	860.29	-3.4586	-0.19304	-3.4586	-0.19304	0	2	105	-3.1058	4.2473	-1	-12.106	3.2474	0	-7.3438	3	-1	1	1	0	0	0
7	876.86	-3.7401	0.25738	-3.7401	0.25738	0	2	105	-3.1058	4.2473	-1	-12.106	3.2474	0	-7.3438	3	-1	1	1	0	0	0
7	893.45	-3.8607	0.48259	-3.8607	0.48259	0	2	105	-3.1058	4.2473	-1	-12.106	3.2474	0	-7.3438	3	-1	1	1	0	0	0
7	910.03	-4.1221	0.80432	-4.1221	0.80432	0	2	105	-3.1058	4.2473	-1	-12.106	3.2474	0	-7.3438	3	-1	1	1	0	0	0
7	926.61	-4.2428	0.96518	-4.2428	0.96518	0	2	105	-3.1058	4.2473	-1	-12.106	3.2474	0	-7.3438	3	-1	1	1	0	0	0
7	943.27	-4.4237	1.1904	-4.4237	1.1904	0	2	105	-3.1058	4.2473	-1	-12.106	3.2474	0	-7.3438	3	-1	1	1	0	0	0
7	959.86	-4.5645	1.3191	-4.5645	1.3191	0	2	105	-3.1058	4.2473	-1	-12.106	3.2474	0	-7.3438	3	-1	1	1	0	0	0
7	976.44	-4.6449	1.4156	-4.6449	1.4156	0	2	105	-3.1058	4.2473	-1	-12.106	3.2474	0	-7.3438	3	-1	1	0	0	0	0
7	992.99	-4.6851	1.4478	-4.6851	1.4478	0	2	105	-3.1058	4.2473	-1	-12.106	3.2474	0	-7.3438	3	-1	1	0	0	0	0
7	1009.6	-4.7052	1.4799	-4.7052	1.4799	0	2	105	-3.1058	4.2473	-1	-12.106	3.2474	0	-7.3438	3	-1	1	0	0	0	0
7	1026.2	-4.7254	1.4799	-4.7254	1.4799	0	2	105	-3.1058	4.2473	-1	-12.106	3.2474	0	-7.3438	3	-1	1	0	0	0	0
7	1042.8	-4.7254	1.4799	-4.7254	1.4799	0	2	105	-3.1058	4.2473	-1	-12.106	3.2474	0	-7.3438	3	-1	1	0	0	0	0
7	1059.4	-4.7254	1.4799	-4.7254	1.4799	0	2	105	-3.1058	4.2473	-1	-12.106	3.2474	0	-7.3438	3	-1	1	0	0	0	0
7	1076	-4.7254	1.4799	-4.7254	1.4799	0	2	105	-3.1058	4.2473	-1	-12.106	3.2474	0	-7.3438	3	-1	1	0	0	0	0
7	1092.6	-4.7254	1.4799	-4.7254	1.4799	0	3	105	-3.1058	4.2473	-1	-12.106	3.2474	0	-7.3438	3	-1	1	0	0	0	0
8	30.345	0.70378	-7.271	0.70378	-7.271	0	1	90	0	4.6562	-1	-9	3.6562	0	-7.3438	3	-1	1	0	0	0	0
8	47.033	0.72388	-7.3354	0.72388	-7.3354	0	1	90	0	4.6562	-1	-9	3.6562	0	-7.3438	3	-1	1	0	0	0	0
8	63.545	0.74399	-7.3675	0.74399	-7.3675	0	1	90	0	4.6562	-1	-9	3.6562	0	-7.3438	3	-1	1	0	0	0	0
8	80.138	0.74399	-7.3675	0.74399	-7.3675	0	1	90	0	4.6562	-1	-9	3.6562	0	-7.3438	3	-1	1	0	0	0	0
8	96.683	0.74399	-7.3675	0.74399	-7.3675	0	1	90	0	4.6562	-1	-9	3.6562	0	-7.3438	3	-1	1	0	0	0	0
8	113.24	0.74399	-7.3675	0.74399	-7.3675	0	1	90	0	4.6562	-1	-9	3.6562	0	-7.3438	3	-1	1	0	0	0	0
8	129.88	0.74399	-7.3675	0.74399	-7.3675	0	1	90	0	4.6562	-1	-9	3.6562	0	-7.3438	3	-1	1	0	0	0	0
8	146.46	0.74399	-7.3675	0.74399	-7.3675	0	1	90	0	4.6562	-1	-9	3.6562	0	-7.3438	3	-1	1	0	0	0	0
8	163.07	0.74399	-7.3675	0.74399	-7.3675	0	1	90	0	4.6562	-1	-9	3.6562	0	-7.3438	3	-1	1	0	0	0	0
8	179.7	0.74399	-7.3675	0.74399	-7.3675	0	1	90	0	4.6562	-1	-9	3.6562	0	-7.3438	3	-1	1	0	0	0	0
8	196.28	0.74399	-7.3675	0.74399	-7.3675	0	1	90	0	4.6562	-1	-9	3.6562	0	-7.3438	3	-1	1	0	0	0	0
8	212.88	0.74399	-7.3675	0.74399	-7.3675	0	1	90	0	4.6562	-1	-9	3.6562	0	-7.3438	3	-1	1	0	0	0	0
8	229.43	0.74399	-7.3675	0.74399	-7.3675	0	1	90	0	4.6562	-1	-9	3.6562	0	-7.3438	3	-1	1	0	0	0	0
8	246.03	0.74399	-7.3675	0.74399	-7.3675	0	1	90	0	4.6562	-1	-9	3.6562	0	-7.3438	3	-1	1	0	0	0	0
8	262.58	0.74399	-7.3675	0.74399	-7.3675	0	1	90	0	4.6562	-1	-9	3.6562	0	-7.3438	3	-1	1	0	0	0	0
8	279.24	0.74399	-7.3675	0.74399	-7.3675	0	1	90	0	4.6562	-1	-9	3.6562	0	-7.3438	3	-1	1	0	0	0	0
8	295.85	0.74399	-7.3675	0.74399	-7.3675	0	1	90	0	4.6562	-1	-9	3.6562	0	-7.3438	3	-1	1	0	0	0	0
8	312.41	0.74399	-7.3675	0.74399	-7.3675	0	1	90	0	4.6562	-1	-9	3.6562	0	-7.3438	3	-1	1	0	0	0	0
8	329.03	0.74399	-7.3675	0.74399	-7.3675	0	1	90	0	4.6562	-1	-9	3.6562	0	-7.3438	3	-1	1	0	0	0	0
8	345.58	0.74399	-7.3675	0.74399	-7.3675	0	1	90	0	4.6562	-1	-9	3.6562	0	-7.3438	3	-1	1	0	0	0	0
8	362.19	0.74399	-7.3675	0.74399	-7.3675	0	1	90	0	4.6562	-1	-9	3.6562	0	-7.3438	3	-1	1	0	0	0	0
8	378.83	0.74399	-7.3675	0.74399	-7.3675	0	1	90	0	4.6562	-1	-9	3.6562	0	-7.3438	3	-1	1	0	0	0	0
8	395.46	0.74399	-7.3675	0.74399	-7.3675	0	1	90	0	4.6562	-1	-9	3.6562	0	-7.3438	3	-1	1	0	0	0	0
8	412.03	0.74399	-7.3675	0.74399	-7.3675	0	1	90	0	4.6562	-1	-9	3.6562	0	-7.3438	3	-1	1	0	0	0	0
8	428.58	0.74399	-7.3675	0.74399	-7.3675	0	1	90	0	4.6562	-1	-9	3.6562	0	-7.3438	3	-1	1	0	0	0	0
8	445.16	0.74399	-7.3675	0.74399	-7.3675	0	1	90	0	4.6562	-1	-9	3.6562	0	-7.3438	3	-1	1	0	0	0	0
8	461.78	0.74399	-7.3675	0.74399	-7.3675	0	1	90	0	4.6562	-1	-9	3.6562	0	-7.3438	3	-1	1	0	0	0	0
8	478.35	0.74399	-7.3675	0.74399	-7.3675	0	1	90	0	4.6562	-1	-9	3.6562	0	-7.3438	3	-1	1	0	0	0	0
8	494.95	0.74399	-7.3675	0.74399	-7.3675	0	1	90	0	4.6562	-1	-9	3.6562	0	-7.3438	3	-1	1	1	0	0	0
8	511.6	0.74399	-7.3675	0.74399	-7.3675	0	1	90	0	4.6562	-1	-9	3.6562	0	-7.3438	3	-1	1	1	0	0	0
8	528.18	0.74399	-7.271	0.74399	-7.271	0	1	90	0	4.6562	-1	-9	3.6562	0	-7.3438	3	-1	1	1	0	0	0
8	544.75	0.72388	-7.1101	0.72388	-7.1101	0	1	90	0	4.6562	-1	-9	3.6562	0	-7.3438	3	-1	1	1	0	0	0
8	561.3	0.68367	-6.8528	0.68367	-6.8528	0	1	90	0	4.6562	-1	-9	3.6562	0	-7.3438	3	-1	1	1	0	0	0
8	577.91	0.66356	-6.6919	0.66356	-6.6919	0	1	90	0	4.6562	-1	-9	3.6562	0	-7.3438	3	-1	1	1	0	0	0
8	594.51	0.60324	-6.3058	0.60324	-6.3058	0	1	90	0	4.6562	-1	-9	3.6562	0	-7.3438	3	-1	1	1	0	0	0
8	611.09	0.56302	-6.0806	0.56302	-6.0806	0	1	90	0	4.6562	-1	-9	3.6562	0	-7.3438	3	-1	1	1	0	0	0
8	627.71	0.5027	-5.6302	0.5027	-5.6302	0	1	90	0	4.6562	-1	-9	3.6562	0	-7.3438	3	-1	1	1	0	0	0
8	644.33	0.44237	-5.1154	0.44237	-5.1154	0	1	90	0	4.6562	-1	-9	3.6562	0	-7.3438	3	-1	1	1	0	0	0
8	660.88	0.42227	-4.8902	0.42227	-4.8902	0	2	90	0	4.6562	-1	-9	3.6562	0	-7.3438	3	-1	1	1	0	0	0
8	677.49	0.36194	-4.3433	0.36194	-4.3433	0	2	90	0	4.6562	-1	-9	3.6562	0	-7.3438	3	-1	1	1	0	0	0
8	694.07	0.32173	-3.7964	0.32173	-3.7964	0	2	90	0	4.6562	-1	-9	3.6562	0	-7.3438	3	-1	1	1	0	0	0
8	710.66	0.28151	-3.539	0.28151	-3.539	0	2	90	0	4.6562	-1	-9	3.6562	0	-7.3438	3	-1	1	1	0	0	0
8	727.27	0.22119	-2.9599	0.22119	-2.9599	0	2	90	0	4.6562	-1	-9	3.6562	0	-7.3438	3	-1	1	1	0	1	0
8	743.91	0.16086	-2.4129	0.16086	-2.4129	0	2	90	0	4.6562	-1	-9	3.6562	0	-7.3438	3	-1	1	1	0	0	0
8	760.5	0.12065	-2.1234	0.12065	-2.1234	0	2	90	0	4.6562	-1	-9	3.6562	0	-7.3438	3	-1	1	1	0	0	0
8	777.06	0.060324	-1.5765	0.060324	-1.5765	0	2	90	0	4.6562	-1	-9	3.6562	0	-7.3438	3	-1	1	1	0	0	0
8	793.66	-0.020108	-1.0617	-0.020108	-1.0617	0	2	90	0	4.6562	-1	-9	3.6562	0	-7.3438	3	-1	1	1	0	0	0
8	810.26	-0.040216	-0.80432	-0.040216	-0.80432	0	2	90	0	4.6562	-1	-9	3.6562	0	-7.3438	3	-1	1	1	0	0	0
8	826.83	-0.12065	-0.25738	-0.12065	-0.25738	0	2	90	0	4.6562	-1	-9	3.6562	0	-7.3438	3	-1	1	1	0	0	0
8	843.47	-0.18097	0.28955	-0.18097	0.28955	0	2	90	0	4.6562	-1	-9	3.6562	0	-7.3438	3	-1	1	1	0	0	0
8	860.02	-0.22119	0.57911	-0.22119	0.57911	0	2	90	0	4.6562	-1	-9	3.6562	0	-7.3438	3	-1	1	1	0	0	0
8	876.61	-0.2614	1.0617	-0.2614	1.0617	0	2	90	0	4.6562	-1	-9	3.6562	0	-7.3438	3	-1	1	1	0	0	0
8	893.18	-0.32173	1.4799	-0.32173	1.4799	0	2	90	0	4.6562	-1	-9	3.6562	0	-7.3438	3	-1	1	1	0	0	0
8	909.76	-0.32173	1.6408	-0.32173	1.6408	0	2	90	0	4.6562	-1	-9	3.6562	0	-7.3438	3	-1	1	1	0	0	0
8	926.38	-0.36194	1.9947	-0.36194	1.9947	0	2	90	0	4.6562	-1	-9	3.6562	0	-7.3438	3	-1	1	1	0	0	0
8	942.99	-0.40216	2.2521	-0.40216	2.2521	0	2	90	0	4.6562	-1	-9	3.6562	0	-7.3438	3	-1	1	1	0	0	0
8	959.63	-0.42227	2.3486	-0.42227	2.3486	0	2	90	0	4.6562	-1	-9	3.6562	0	-7.3438	3	-1	1	1	0	0	0
8	976.23	-0.46248	2.5416	-0.46248	2.5416	0	2	90	0	4.6562	-1	-9	3.6562	0	-7.3438	3	-1	1	1	0	0	0
8	992.79	-0.46248	2.6382	-0.46248	2.6382	0	2	90	0	4.6562	-1	-9	3.6562	0	-7.3438	3	-1	1	1	0	0	0
8	1009.4	-0.5027	2.7668	-0.5027	2.7668	0	2	90	0	4.6562	-1	-9	3.6562	0	-7.3438	3	-1	1	1	0	0	0
8	1026	-0.54291	2.8634	-0.54291	2.8634	0	2	90	0	4.6562	-1	-9	3.6562	0	-7.3438	3	-1	1	0	0	0	0
8	1042.5	-0.56302	2.8955	-0.56302	2.8955	0	2	90	0	4.6562	-1	-9	3.6562	0	-7.3438	3	-1	1	0	0	0	0
8	1059.1	-0.56302	2.9277	-0.56302	2.9277	0	2	90	0	4.6562	-1	-9	3.6562	0	-7.3438	3	-1	1	0	0	0	0
8	1075.7	-0.56302	2.9277	-0.56302	2.9277	0	2	90	0	4.6562	-1	-9	3.6562	0	-7.3438	3	-1	1	0	0	0	0
8	1092.4	-0.56302	2.9277	-0.56302	2.9277	0	3	90	0	4.6562	-1	-9	3.6562	0	-7.3438	3	-1	1	0	0	0	0
9	29.817	0.62334	-7.3675	0.62334	-7.3675	0	1	90	0	4.6562	-1	-9	3.6562	0	-7.3438	3	-1	1	0	0	0	0
9	46.389	0.60324	-7.3997	0.60324	-7.3997	0	1	90	0	4.6562	-1	-9	3.6562	0	-7.3438	3	-1	1	0	0	0	0
9	62.998	0.58313	-7.3997	0.58313	-7.3997	0	1	90	0	4.6562	-1	-9	3.6562	0	-7.3438	3	-1	1	0	0	0	0
9	79.539	0.58313	-7.3997	0.58313	-7.3997	0	1	90	0	4.6562	-1	-9	3.6562	0	-7.3438	3	-1	1	0	0	0	0
9	96.132	0.58313	-7.3997	0.58313	-7.3997	0	1	90	0	4.6562	-1	-9	3.6562	0	-7.3438	3	-1	1	0	0	0	0
9	112.76	0.58313	-7.3997	0.58313	-7.3997	0	1	90	0	4.6562	-1	-9	3.6562	0	-7.3438	3	-1	1	0	0	0	0
9	129.33	0.58313	-7.3997	0.58313	-7.3997	0	1	90	0	4.6562	-1	-9	3.6562	0	-7.3438	3	-1	1	0	0	0	0
9	145.98	0.58313	-7.3997	0.58313	-7.3997	0	1	90	0	4.6562	-1	-9	3.6562	0	-7.3438	3	-1	1	0	0	0	0
9	162.57	0.58313	-7.3997	0.58313	-7.3997	0	1	90	0	4.6562	-1	-9	3.6562	0	-7.3438	3	-1	1	0	0	0	0
9	179.14	0.58313	-7.3997	0.58313	-7.3997	0	1	90	0	4.6562	-1	-9	3.6562	0	-7.3438	3	-1	1	0	0	0	0
9	195.67	0.58313	-7.3997	0.58313	-7.3997	0	1	90	0	4.6562	-1	-9	3.6562	0	-7.3438	3	-1	1	0	0	0	0
9	212.3	0.58313	-7.3997	0.58313	-7.3997	0	1	90	0	4.6562	-1	-9	3.6562	0	-7.3438	3	-1	1	0	0	0	0
9	228.91	0.58313	-7.3997	0.58313	-7.3997	0	1	90	0	4.6562	-1	-9	3.6562	0	-7.3438	3	-1	1	0	0	0	0
9	245.53	0.58313	-7.3997	0.58313	-7.3997	0	1	90	0	4.6562	-1	-9	3.6562	0	-7.3438	3	-1	1	0	0	0	0
9	262.14	0.58313	-7.3997	0.58313	-7.3997	0	1	90	0	4.6562	-1	-9	3.6562	0	-7.3438	3	-1	1	0	0	0	0
9	278.69	0.58313	-7.3997	0.58313	-7.3997	0	1	90	0	4.6562	-1	-9	3.6562	0	-7.3438	3	-1	1	0	0	0	0
9	295.27	0.58313	-7.3997	0.58313	-7.3997	0	1	90	0	4.6562	-1	-9	3.6562	0	-7.3438	3	-1	1	0	0	0	0
9	311.88	0.58313	-7.3997	0.58313	-7.3997	0	1	90	0	4.6562	-1	-9	3.6562	0	-7.3438	3	-1	1	0	0	0	0
9	328.45	0.58313	-7.3997	0.58313	-7.3997	0	1	90	0	4.6562	-1	-9	3.6562	0	-7.3438	3	-1	1	0	0	0	0
9	345.22	0.58313	-7.3997	0.58313	-7.3997	0	1	90	0	4.6562	-1	-9	3.6562	0	-7.3438	3	-1	1	0	0	0	0
9	361.67	0.58313	-7.3997	0.58313	-7.3997	0	1	90	0	4.6562	-1	-9	3.6562	0	-7.3438	3	-1	1	0	0	0	0
9	378.31	0.58313	-7.3997	0.58313	-7.3997	0	1	90	0	4.6562	-1	-9	3.6562	0	-7.3438	3	-1	1	0	0	0	0
9	394.86	0.58313	-7.3997	0.58313	-7.3997	0	1	90	0	4.6562	-1	-9	3.6562	0	-7.3438	3	-1	1	0	0	0	0
9	411.42	0.58313	-7.3997	0.58313	-7.3997	0	1	90	0	4.6562	-1	-9	3.6562	0	-7.3438	3	-1	1	0	0	0	0
9	427.98	0.58313	-7.3997	0.58313	-7.3997	0	1	90	0	4.6562	-1	-9	3.6562	0	-7.3438	3	-1	1	0	0	0	0
9	444.64	0.58313	-7.3997	0.58313	-7.3997	0	1	90	0	4.6562	-1	-9	3.6562	0	-7.3438	3	-1	1	0	0	0	0
9	461.21	0.58313	-7.3997	0.58313	-7.3997	0	1	90	0	4.6562	-1	-9	3.6562	0	-7.3438	3	-1	1	0	0	0	0
9	477.81	0.58313	-7.3997	0.58313	-7.3997	0	1	90	0	4.6562	-1	-9	3.6562	0	-7.3438	3	-1	1	1	0	0	0
9	494.45	0.58313	-7.3997	0.58313	-7.3997	0	1	90	0	4.6562	-1	-9	3.6562	0	-7.3438	3	-1	1	1	0	0	0
9	510.99	0.56302	-7.3032	0.56302	-7.3032	0	1	90	0	4.6562	-1	-9	3.6562	0	-7.3438	3	-1	1	1	0	0	0
9	527.55	0.54291	-7.2067	0.54291	-7.2067	0	1	90	0	4.6562	-1	-9	3.6562	0	-7.3438	3	-1	1	1	0	0	0
9	544.19	0.48259	-6.9171	0.48259	-6.9171	0	1	90	0	4.6562	-1	-9	3.6562	0	-7.3438	3	-1	1	1	0	0	0
9	560.78	0.42227	-6.531	0.42227	-6.531	0	1	90	0	4.6562	-1	-9	3.6562	0	-7.3438	3	-1	1	1	0	0	0
9	577.34	0.40216	-6.2737	0.40216	-6.2737	0	1	90	0	4.6562	-1	-9	3.6562	0	-7.3438	3	-1	1	1	0	0	0
9	593.98	0.32173	-5.7267	0.32173	-5.7267	0	1	90	0	4.6562	-1	-9	3.6562	0	-7.3438	3	-1	1	1	0	0	0
9	610.56	0.24129	-5.1476	0.24129	-5.1476	0	1	90	0	4.6562	-1	-9	3.6562	0	-7.3438	3	-1	1	1	0	0	0
9	627.19	0.18097	-4.8259	0.18097	-4.8259	0	2	90	0	4.6562	-1	-9	3.6562	0	-7.3438	3	-1	1	1	0	0	0
9	643.73	0.060324	-4.1824	0.060324	-4.1824	0	2	90	0	4.6562	-1	-9	3.6562	0	-7.3438	3	-1	1	1	0	0	0
9	660.37	-0.060324	-3.4746	-0.060324	-3.4746	0	2	90	0	4.6562	-1	-9	3.6562	0	-7.3438	3	-1	1	1	0	0	0
9	676.91	-0.10054	-3.1207	-0.10054	-3.1207	0	2	90	0	4.6562	-1	-9	3.6562	0	-7.3438	3	-1	1	1	0	0	0
9	693.44	-0.20108	-2.3486	-0.20108	-2.3486	0	2	90	0	4.6562	-1	-9	3.6562	0	-7.3438	3	-1	1	1	0	1	0
9	710.14	-0.28151	-1.5765	-0.28151	-1.5765	0	2	90	0	4.6562	-1	-9	3.6562	0	-7.3438	3	-1	1	1	0	0	0
9	726.77	-0.34183	-1.1904	-0.34183	-1.1904	0	2	90	0	4.6562	-1	-9	3.6562	0	-7.3438	3	-1	1	1	0	0	0
9	743.32	-0.40216	-0.38607	-0.40216	-0.38607	0	2	90	0	4.6562	-1	-9	3.6562	0	-7.3438	3	-1	1	1	0	0	0
9	759.91	-0.48259	0.38607	-0.48259	0.38607	0	2	90	0	4.6562	-1	-9	3.6562	0	-7.3438	3	-1	1	1	0	0	0
9	776.54	-0.52281	0.73997	-0.52281	0.73997	0	2	90	0	4.6562	-1	-9	3.6562	0	-7.3438	3	-1	1	1	0	0	0
9	793.11	-0.58313	1.4478	-0.58313	1.4478	0	2	90	0	4.6562	-1	-9	3.6562	0	-7.3438	3	-1	1	1	0	0	0
9	809.69	-0.62334	2.059	-0.62334	2.059	0	2	90	0	4.6562	-1	-9	3.6562	0	-7.3438	3	-1	1	1	0	0	0
9	826.32	-0.64345	2.3486	-0.64345	2.3486	0	2	90	0	4.6562	-1	-9	3.6562	0	-7.3438	3	-1	1	1	0	0	0
9	842.9	-0.66356	2.799	-0.66356	2.799	0	2	90	0	4.6562	-1	-9	3.6562	0	-7.3438	3	-1	1	1	0	0	0
9	859.39	-0.68367	3.1529	-0.68367	3.1529	0	2	90	0	4.6562	-1	-9	3.6562	0	-7.3438	3	-1	1	1	0	0	0
9	876.15	-0.68367	3.2494	-0.68367	3.2494	0	2	90	0	4.6562	-1	-9	3.6562	0	-7.3438	3	-1	1	1	0	0	0
9	892.68	-0.68367	3.4103	-0.68367	3.4103	0	2	90	0	4.6562	-1	-9	3.6562	0	-7.3438	3	-1	1	0	0	0	0
9	909.38	-0.70378	3.4425	-0.70378	3.4425	0	2	90	0	4.6562	-1	-9	3.6562	0	-7.3438	3	-1	1	0	0	0	0
9	925.92	-0.70378	3.4425	-0.70378	3.4425	0	2	90	0	4.6562	-1	-9	3.6562	0	-7.3438	3	-1	1	0	0	0	0
9	942.51	-0.70378	3.4425	-0.70378	3.4425	0	2	90	0	4.6562	-1	-9	3.6562	0	-7.3438	3	-1	1	0	0	0	0
9	959.05	-0.70378	3.4425	-0.70378	3.4425	0	2	90	0	4.6562	-1	-9	3.6562	0	-7.3438	3	-1	1	0	0	0	0
9	975.61	-0.70378	3.4425	-0.70378	3.4425	0	2	90	0	4.6562	-1	-9	3.6562	0	-7.3438	3	-1	1	0	0	0	0
9	992.2	-0.70378	3.4425	-0.70378	3.4425	0	2	90	0	4.6562	-1	-9	3.6562	0	-7.3438	3	-1	1	0	0	0	0
9	1008.8	-0.70378	3.4425	-0.70378	3.4425	0	3	90	0	4.6562	-1	-9	3.6562	0	-7.3438	3	-1	1	0	0	0	0
10	30.879	0.64345	-7.3997	0.64345	-7.3997	0	1	75	3.1058	4.2473	-1	-5.8942	3.2474	0	-7.3438	3	-1	1	0	0	0	0
10	47.419	0.64345	-7.3997	0.64345	-7.3997	0	1	75	3.1058	4.2473	-1	-5.8942	3.2474	0	-7.3438	3	-1	1	0	0	0	0
10	64.109	0.64345	-7.3997	0.64345	-7.3997	0	1	75	3.1058	4.2473	-1	-5.8942	3.2474	0	-7.3438	3	-1	1	0	0	0	0
10	80.714	0.64345	-7.3997	0.64345	-7.3997	0	1	75	3.1058	4.2473	-1	-5.8942	3.2474	0	-7.3438	3	-1	1	0	0	0	0
10	97.272	0.64345	-7.3997	0.64345	-7.3997	0	1	75	3.1058	4.2473	-1	-5.8942	3.2474	0	-7.3438	3	-1	1	0	0	0	0
10	113.84	0.64345	-7.3997	0.64345	-7.3997	0	1	75	3.1058	4.2473	-1	-5.8942	3.2474	0	-7.3438	3	-1	1	0	0	0	0
10	130.45	0.64345	-7.3997	0.64345	-7.3997	0	1	75	3.1058	4.2473	-1	-5.8942	3.2474	0	-7.3438	3	-1	1	0	0	0	0
10	146.98	0.64345	-7.3997	0.64345	-7.3997	0	1	75	3.1058	4.2473	-1	-5.8942	3.2474	0	-7.3438	3	-1	1	0	0	0	0
10	163.62	0.64345	-7.3997	0.64345	-7.3997	0	1	75	3.1058	4.2473	-1	-5.8942	3.2474	0	-7.3438	3	-1	1	0	0	0	0
10	180.34	0.64345	-7.3997	0.64345	-7.3997	0	1	75	3.1058	4.2473	-1	-5.8942	3.2474	0	-7.3438	3	-1	1	0	0	0	0
10	196.81	0.64345	-7.3997	0.64345	-7.3997	0	1	75	3.1058	4.2473	-1	-5.8942	3.2474	0	-7.3438	3	-1	1	0	0	0	0
10	213.46	0.64345	-7.3997	0.64345	-7.3997	0	1	75	3.1058	4.2473	-1	-5.8942	3.2474	0	-7.3438	3	-1	1	0	0	0	0
10	230.01	0.64345	-7.3997	0.64345	-7.3997	0	1	75	3.1058	4.2473	-1	-5.8942	3.2474	0	-7.3438	3	-1	1	0	0	0	0
10	246.62	0.64345	-7.3997	0.64345	-7.3997	0	1	75	3.1058	4.2473	-1	-5.8942	3.2474	0	-7.3438	3	-1	1	0	0	0	0
10	263.21	0.64345	-7.3997	0.64345	-7.3997	0	1	75	3.1058	4.2473	-1	-5.8942	3.2474	0	-7.3438	3	-1	1	0	0	0	0
10	279.8	0.64345	-7.3997	0.64345	-7.3997	0	1	75	3.1058	4.2473	-1	-5.8942	3.2474	0	-7.3438	3	-1	1	0	0	0	0
10	296.38	0.64345	-7.3997	0.64345	-7.3997	0	1	75	3.1058	4.2473	-1	-5.8942	3.2474	0	-7.3438	3	-1	1	0	0	0	0
10	313.08	0.64345	-7.3997	0.64345	-7.3997	0	1	75	3.1058	4.2473	-1	-5.8942	3.2474	0	-7.3438	3	-1	1	0	0	0	0
10	329.63	0.64345	-7.3997	0.64345	-7.3997	0	1	75	3.1058	4.2473	-1	-5.8942	3.2474	0	-7.3438	3	-1	1	0	0	0	0
10	346.2	0.64345	-7.3997	0.64345	-7.3997	0	1	75	3.1058	4.2473	-1	-5.8942	3.2474	0	-7.3438	3	-1	1	0	0	0	0
10	362.76	0.64345	-7.3997	0.64345	-7.3997	0	1	75	3.1058	4.2473	-1	-5.8942	3.2474	0	-7.3438	3	-1	1	0	0	0	0
10	379.37	0.64345	-7.3997	0.64345	-7.3997	0	1	75	3.1058	4.2473	-1	-5.8942	3.2474	0	-7.3438	3	-1	1	0	0	0	0
10	395.88	0.64345	-7.3997	0.64345	-7.3997	0	1	75	3.1058	4.2473	-1	-5.8942	3.2474	0	-7.3438	3	-1	1	0	0	0	0
10	412.34	0.64345	-7.3997	0.64345	-7.3997	0	1	75	3.1058	4.2473	-1	-5.8942	3.2474	0	-7.3438	3	-1	1	0	0	0	0
10	428.93	0.64345	-7.3997	0.64345	-7.3997	0	1	75	3.1058	4.2473	-1	-5.8942	3.2474	0	-7.3438	3	-1	1	0	0	0	0
10	445.49	0.64345	-7.3997	0.64345	-7.3997	0	1	75	3.1058	4.2473	-1	-5.8942	3.2474	0	-7.3438	3	-1	1	0	0	0	0
10	462.17	0.64345	-7.3997	0.64345	-7.3997	0	1	75	3.1058	4.2473	-1	-5.8942	3.2474	0	-7.3438	3	-1	1	0	0	0	0
10	478.73	0.64345	-7.3997	0.64345	-7.3997	0	1	75	3.1058	4.2473	-1	-5.8942	3.2474	0	-7.3438	3	-1	1	0	0	0	0
10	495.32	0.64345	-7.3997	0.64345	-7.3997	0	1	75	3.1058	4.2473	-1	-5.8942	3.2474	0	-7.3438	3	-1	1	0	0	0	0
10	511.85	0.64345	-7.3997	0.64345	-7.3997	0	1	75	3.1058	4.2473	-1	-5.8942	3.2474	0	-7.3438	3	-1	1	0	0	0	0
10	528.52	0.64345	-7.3675	0.64345	-7.3675	0	1	75	3.1058	4.2473	-1	-5.8942	3.2474	0	-7.3438	3	-1	1	0	0	0	0
10	545.08	0.64345	-7.3032	0.64345	-7.3032	0	1	75	3.1058	4.2473	-1	-5.8942	3.2474	0	-7.3438	3	-1	1	1	0	0	0
10	561.71	0.66356	-7.2388	0.66356	-7.2388	0	1	75	3.1058	4.2473	-1	-5.8942	3.2474	0	-7.3438	3	-1	1	1	0	0	0
10	578.27	0.68367	-7.0136	0.68367	-7.0136	0	1	75	3.1058	4.2473	-1	-5.8942	3.2474	0	-7.3438	3	-1	1	1	0	0	0
10	594.88	0.70378	-6.8528	0.70378	-6.8528	0	1	75	3.1058	4.2473	-1	-5.8942	3.2474	0	-7.3438	3	-1	1	1	0	0	0
10	611.49	0.7641	-6.4667	0.7641	-6.4667	0	1	75	3.1058	4.2473	-1	-5.8942	3.2474	0	-7.3438	3	-1	1	1	0	0	0
10	628.11	0.82442	-5.9519	0.82442	-5.9519	0	1	75	3.1058	4.2473	-1	-5.8942	3.2474	0	-7.3438	3	-1	1	1	0	0	0
10	644.66	0.88475	-5.6946	0.88475	-5.6946	0	1	75	3.1058	4.2473	-1	-5.8942	3.2474	0	-7.3438	3	-1	1	1	0	0	0
10	661.3	0.98529	-5.0833	0.98529	-5.0833	0	1	75	3.1058	4.2473	-1	-5.8942	3.2474	0	-7.3438	3	-1	1	1	0	0	0
10	677.88	1.1059	-4.4398	1.1059	-4.4398	0	2	75	3.1058	4.2473	-1	-5.8942	3.2474	0	-7.3438	3	-1	1	1	0	0	0
10	694.57	1.1663	-4.0859	1.1663	-4.0859	0	2	75	3.1058	4.2473	-1	-5.8942	3.2474	0	-7.3438	3	-1	1	1	0	0	0
10	711.22	1.307	-3.3781	1.307	-3.3781	0	2	75	3.1058	4.2473	-1	-5.8942	3.2474	0	-7.3438	3	-1	1	1	0	1	0
10	727.74	1.4478	-2.6703	1.4478	-2.6703	0	2	75	3.1058	4.2473	-1	-5.8942	3.2474	0	-7.3438	3	-1	1	1	0	0	0
10	744.37	1.5282	-2.3164	1.5282	-2.3164	0	2	75	3.1058	4.2473	-1	-5.8942	3.2474	0	-7.3438	3	-1	1	1	0	0	0
10	760.96	1.669	-1.6408	1.669	-1.6408	0	2	75	3.1058	4.2473	-1	-5.8942	3.2474	0	-7.3438	3	-1	1	1	0	0	0
10	777.56	1.8298	-0.99735	1.8298	-0.99735	0	2	75	3.1058	4.2473	-1	-5.8942	3.2474	0	-7.3438	3	-1	1	1	0	0	0
10	794.14	1.8901	-0.67563	1.8901	-0.67562	0	2	75	3.1058	4.2473	-1	-5.8942	3.2474	0	-7.3438	3	-1	1	1	0	0	0
10	810.72	2.0309	-0.064345	2.0309	-0.064345	0	2	75	3.1058	4.2473	-1	-5.8942	3.2474	0	-7.3438	3	-1	1	1	0	0	0
10	827.32	2.1918	0.54693	2.1918	0.54693	0	2	75	3.1058	4.2473	-1	-5.8942	3.2474	0	-7.3438	3	-1	1	1	0	0	0
10	843.92	2.2722	0.83649	2.2722	0.83649	0	2	75	3.1058	4.2473	-1	-5.8942	3.2474	0	-7.3438	3	-1	1	1	0	0	0
10	860.62	2.4331	1.4478	2.4331	1.4478	0	2	75	3.1058	4.2473	-1	-5.8942	3.2474	0	-7.3438	3	-1	1	1	0	0	0
10	877.23	2.5939	1.9625	2.5939	1.9625	0	2	75	3.1058	4.2473	-1	-5.8942	3.2474	0	-7.3438	3	-1	1	1	0	0	0
10	893.74	2.6542	2.1877	2.6542	2.1877	0	2	75	3.1058	4.2473	-1	-5.8942	3.2474	0	-7.3438	3	-1	1	1	0	0	0
10	910.3	2.7749	2.5738	2.7749	2.5738	0	2	75	3.1058	4.2473	-1	-5.8942	3.2474	0	-7.3438	3	-1	1	1	0	0	0
10	926.86	2.8754	2.8955	2.8754	2.8955	0	2	75	3.1058	4.2473	-1	-5.8942	3.2474	0	-7.3438	3	-1	1	1	0	0	0
10	943.46	2.9156	3.0242	2.9156	3.0242	0	2	75	3.1058	4.2473	-1	-5.8942	3.2474	0	-7.3438	3	-1	1	1	0	0	0
10	960.04	2.9559	3.1851	2.9559	3.1851	0	2	75	3.1058	4.2473	-1	-5.8942	3.2474	0	-7.3438	3	-1	1	0	0	0	0
10	976.64	2.976	3.2494	2.976	3.2494	0	2	75	3.1058	4.2473	-1	-5.8942	3.2474	0	-7.3438	3	-1	1	0	0	0	0
10	993.3	2.9961	3.2816	2.9961	3.2816	0	2	75	3.1058	4.2473	-1	-5.8942	3.2474	0	-7.3438	3	-1	1	0	0	0	0
10	1009.9	2.9961	3.2816	2.9961	3.2816	0	2	75	3.1058	4.2473	-1	-5.8942	3.2474	0	-7.3438	3	-1	1	0	0	0	0
10	1026.4	2.9961	3.2816	2.9961	3.2816	0	2	75	3.1058	4.2473	-1	-5.8942	3.2474	0	-7.3438	3	-1	1	0	0	0	0
10	1043	2.9961	3.2816	2.9961	3.2816	0	2	75	3.1058	4.2473	-1	-5.8942	3.2474	0	-7.3438	3	-1	1	0	0	0	0
10	1059.6	2.9961	3.2816	2.9961	3.2816	0	2	75	3.1058	4.2473	-1	-5.8942	3.2474	0	-7.3438	3	-1	1	0	0	0	0
10	1076.2	2.9961	3.2816	2.9961	3.2816	0	3	75	3.1058	4.2473	-1	-5.8942	3.2474	0	-7.3438	3	-1	1	0	0	0	0
11	29.139	0.20108	-7.3032	0.20108	-7.3032	0	1	105	-3.1058	4.2473	-1	-12.106	3.2474	0	-7.3438	3	-1	1	1	0	0	0
11	45.736	0.20108	-7.3997	0.20108	-7.3997	0	1	105	-3.1058	4.2473	-1	-12.106	3.2474	0	-7.3438	3	-1	1	1	0	0	0
11	62.3	0.18097	-7.4962	0.18097	-7.4962	0	1	105	-3.1058	4.2473	-1	-12.106	3.2474	0	-7.3438	3	-1	1	1	0	0	0
11	78.967	0.18097	-7.4962	0.18097	-7.4962	0	1	105	-3.1058	4.2473	-1	-12.106	3.2474	0	-7.3438	3	-1	1	1	0	0	0
11	95.506	0.18097	-7.4962	0.18097	-7.4962	0	1	105	-3.1058	4.2473	-1	-12.106	3.2474	0	-7.3438	3	-1	1	1	0	0	0
11	112.07	0.18097	-7.4962	0.18097	-7.4962	0	1	105	-3.1058	4.2473	-1	-12.106	3.2474	0	-7.3438	3	-1	1	1	0	0	0
11	128.72	0.18097	-7.4962	0.18097	-7.4962	0	1	105	-3.1058	4.2473	-1	-12.106	3.2474	0	-7.3438	3	-1	1	1	0	0	0
11	145.23	0.18097	-7.4962	0.18097	-7.4962	0	1	105	-3.1058	4.2473	-1	-12.106	3.2474	0	-7.3438	3	-1	1	1	0	0	0
11	161.84	0.18097	-7.4962	0.18097	-7.4962	0	1	105	-3.1058	4.2473	-1	-12.106	3.2474	0	-7.3438	3	-1	1	1	0	0	0
11	178.51	0.18097	-7.4962	0.18097	-7.4962	0	1	105	-3.1058	4.2473	-1	-12.106	3.2474	0	-7.3438	3	-1	1	1	0	0	0
11	195.09	0.18097	-7.4962	0.18097	-7.4962	0	1	105	-3.1058	4.2473	-1	-12.106	3.2474	0	-7.3438	3	-1	1	1	0	0	0
11	211.64	0.18097	-7.4962	0.18097	-7.4962	0	1	105	-3.1058	4.2473	-1	-12.106	3.2474	0	-7.3438	3	-1	1	1	0	0	0
11	228.26	0.18097	-7.4962	0.18097	-7.4962	0	1	105	-3.1058	4.2473	-1	-12.106	3.2474	0	-7.3438	3	-1	1	1	0	0	0
11	244.82	0.18097	-7.4962	0.18097	-7.4962	0	1	105	-3.1058	4.2473	-1	-12.106	3.2474	0	-7.3438	3	-1	1	1	0	0	0
11	261.44	0.18097	-7.4962	0.18097	-7.4962	0	1	105	-3.1058	4.2473	-1	-12.106	3.2474	0	-7.3438	3	-1	1	1	0	0	0
11	278.04	0.18097	-7.4962	0.18097	-7.4962	0	1	105	-3.1058	4.2473	-1	-12.106	3.2474	0	-7.3438	3	-1	1	1	0	0	0
11	294.64	0.18097	-7.4962	0.18097	-7.4962	0	1	105	-3.1058	4.2473	-1	-12.106	3.2474	0	-7.3438	3	-1	1	1	0	0	0
11	311.31	0.18097	-7.4962	0.18097	-7.4962	0	1	105	-3.1058	4.2473	-1	-12.106	3.2474	0	-7.3438	3	-1	1	1	0	0	0
11	327.78	0.18097	-7.4962	0.18097	-7.4962	0	1	105	-3.1058	4.2473	-1	-12.106	3.2474	0	-7.3438	3	-1	1	1	0	0	0
11	344.5	0.18097	-7.4962	0.18097	-7.4962	0	1	105	-3.1058	4.2473	-1	-12.106	3.2474	0	-7.3438	3	-1	1	1	0	0	0
11	361.04	0.18097	-7.4962	0.18097	-7.4962	0	1	105	-3.1058	4.2473	-1	-12.106	3.2474	0	-7.3438	3	-1	1	1	0	0	0
11	377.56	0.18097	-7.4962	0.18097	-7.4962	0	1	105	-3.1058	4.2473	-1	-12.106	3.2474	0	-7.3438	3	-1	1	1	0	0	0
11	394.26	0.18097	-7.4962	0.18097	-7.4962	0	1	105	-3.1058	4.2473	-1	-12.106	3.2474	0	-7.3438	3	-1	1	1	0	0	0
11	410.81	0.18097	-7.4962	0.18097	-7.4962	0	1	105	-3.1058	4.2473	-1	-12.106	3.2474	0	-7.3438	3	-1	1	1	0	0	0
11	427.34	0.18097	-7.4962	0.18097	-7.4962	0	1	105	-3.1058	4.2473	-1	-12.106	3.2474	0	-7.3438	3	-1	1	1	0	0	0
11	443.99	0.18097	-7.4962	0.18097	-7.4962	0	1	105	-3.1058	4.2473	-1	-12.106	3.2474	0	-7.3438	3	-1	1	1	0	0	0
11	460.55	0.18097	-7.4962	0.18097	-7.4962	0	1	105	-3.1058	4.2473	-1	-12.106	3.2474	0	-7.3438	3	-1	1	1	0	0	0
11	477.14	0.18097	-7.4962	0.18097	-7.4962	0	1	105	-3.1058	4.2473	-1	-12.106	3.2474	0	-7.3438	3	-1	1	1	0	0	0
11	493.7	0.18097	-7.4962	0.18097	-7.4962	0	1	105	-3.1058	4.2473	-1	-12.106	3.2474	0	-7.3438	3	-1	1	1	0	0	0
11	510.36	0.18097	-7.4962	0.18097	-7.4962	0	1	105	-3.1058	4.2473	-1	-12.106	3.2474	0	-7.3438	3	-1	1	1	0	0	0
11	526.93	0.18097	-7.464	0.18097	-7.464	0	1	105	-3.1058	4.2473	-1	-12.106	3.2474	0	-7.3438	3	-1	1	1	0	0	0
11	543.5	0.18097	-7.4319	0.18097	-7.4319	0	1	105	-3.1058	4.2473	-1	-12.106	3.2474	0	-7.3438	3	-1	1	1	0	0	0
11	560.09	0.14076	-7.3354	0.14076	-7.3354	0	1	105	-3.1058	4.2473	-1	-12.106	3.2474	0	-7.3438	3	-1	1	1	0	0	0
11	576.7	0.10054	-7.2067	0.10054	-7.2067	0	1	105	-3.1058	4.2473	-1	-12.106	3.2474	0	-7.3438	3	-1	1	1	0	0	0
11	593.39	0	-6.9171	0	-6.9171	0	1	105	-3.1058	4.2473	-1	-12.106	3.2474	0	-7.3438	3	-1	1	1	0	0	0
11	609.93	-0.14076	-6.531	-0.14076	-6.531	0	1	105	-3.1058	4.2473	-1	-12.106	3.2474	0	-7.3438	3	-1	1	1	0	0	0
11	626.48	-0.22119	-6.338	-0.22119	-6.338	0	1	105	-3.1058	4.2473	-1	-12.106	3.2474	0	-7.3438	3	-1	1	1	0	0	0
11	643.12	-0.40216	-5.9198	-0.40216	-5.9198	0	1	105	-3.1058	4.2473	-1	-12.106	3.2474	0	-7.3438	3	-1	1	1	0	0	0
11	659.69	-0.58313	-5.5337	-0.58313	-5.5337	0	1	105	-3.1058	4.2473	-1	-12.106	3.2474	0	-7.3438	3	-1	1	1	0	0	0
11	676.33	-0.70378	-5.3085	-0.70378	-5.3085	0	1	105	-3.1058	4.2473	-1	-12.106	3.2474	0	-7.3438	3	-1	1	1	0	0	0
11	692.84	-0.92496	-4.8581	-0.92496	-4.8581	0	2	105	-3.1058	4.2473	-1	-12.106	3.2474	0	-7.3438	3	-1	1	1	0	0	0
11	709.44	-1.1663	-4.3755	-1.1663	-4.3755	0	2	105	-3.1058	4.2473	-1	-12.106	3.2474	0	-7.3438	3	-1	1	1	0	0	0
11	726.09	-1.2869	-4.1503	-1.2869	-4.1503	0	2	105	-3.1058	4.2473	-1	-12.106	3.2474	0	-7.3438	3	-1	1	1	0	0	0
11	742.64	-1.5282	-3.6677	-1.5282	-3.6677	0	2	105	-3.1058	4.2473	-1	-12.106	3.2474	0	-7.3438	3	-1	1	1	0	0	0
11	759.21	-1.6488	-3.4103	-1.6488	-3.4103	0	2	105	-3.1058	4.2473	-1	-12.106	3.2474	0	-7.3438	3	-1	1	1	0	0	0
11	775.82	-1.9102	-2.9599	-1.9102	-2.9599	0	2	105	-3.1058	4.2473	-1	-12.106	3.2474	0	-7.3438	3	-1	1	1	0	1	0
11	792.41	-2.1717	-2.5095	-2.1717	-2.5095	0	2	105	-3.1058	4.2473	-1	-12.106	3.2474	0	-7.3438	3	-1	1	1	0	0	0
11	808.99	-2.4532	-2.059	-2.4532	-2.059	0	2	105	-3.1058	4.2473	-1	-12.106	3.2474	0	-7.3438	3	-1	1	1	0	0	0
11	825.53	-2.5738	-1.8338	-2.5738	-1.8338	0	2	105	-3.1058	4.2473	-1	-12.106	3.2474	0	-7.3438	3	-1	1	1	0	0	0
11	842.19	-2.8553	-1.3834	-2.8553	-1.3834	0	2	105	-3.1058	4.2473	-1	-12.106	3.2474	0	-7.3438	3	-1	1	1	0	0	0
11	858.87	-2.976	-1.1904	-2.976	-1.1904	0	2	105	-3.1058	4.2473	-1	-12.106	3.2474	0	-7.3438	3	-1	1	1	0	0	0
11	875.41	-3.2374	-0.77214	-3.2374	-0.77214	0	2	105	-3.1058	4.2473	-1	-12.106	3.2474	0	-7.3438	3	-1	1	1	0	0	0
11	892.01	-3.4787	-0.38607	-3.4787	-0.38607	0	2	105	-3.1058	4.2473	-1	-12.106	3.2474	0	-7.3438	3	-1	1	1	0	0	0
11	908.6	-3.72	0	-3.72	0	0	2	105	-3.1058	4.2473	-1	-12.106	3.2474	0	-7.3438	3	-1	1	1	0	0	0
11	925.3	-3.8406	0.19304	-3.8406	0.19304	0	2	105	-3.1058	4.2473	-1	-12.106	3.2474	0	-7.3438	3	-1	1	1	0	0	0
11	941.88	-4.0618	0.57911	-4.0618	0.57911	0	2	105	-3.1058	4.2473	-1	-12.106	3.2474	0	-7.3438	3	-1	1	1	0	0	0
11	958.36	-4.1623	0.77214	-4.1623	0.77214	0	2	105	-3.1058	4.2473	-1	-12.106	3.2474	0	-7.3438	3	-1	1	1	0	0	0
11	974.97	-4.3433	1.0939	-4.3433	1.0939	0	2	105	-3.1058	4.2473	-1	-12.106	3.2474	0	-7.3438	3	-1	1	1	0	0	0
11	991.55	-4.4841	1.3191	-4.4841	1.3191	0	2	105	-3.1058	4.2473	-1	-12.106	3.2474	0	-7.3438	3	-1	1	1	0	0	0
11	1008.1	-4.6047	1.5121	-4.6047	1.5121	0	2	105	-3.1058	4.2473	-1	-12.106	3.2474	0	-7.3438	3	-1	1	1	0	0	0
11	1024.8	-4.6449	1.5765	-4.6449	1.5765	0	2	105	-3.1058	4.2473	-1	-12.106	3.2474	0	-7.3438	3	-1	1	1	0	0	0
11	1041.3	-4.7455	1.673	-4.7455	1.673	0	2	105	-3.1058	4.2473	-1	-12.106	3.2474	0	-7.3438	3	-1	1	1	0	0	0
11	1058	-4.7857	1.7373	-4.7857	1.7373	0	2	105	-3.1058	4.2473	-1	-12.106	3.2474	0	-7.3438	3	-1	1	1	0	0	0
11	1074.5	-4.8259	1.8017	-4.8259	1.8017	0	2	105	-3.1058	4.2473	-1	-12.106	3.2474	0	-7.3438	3	-1	1	0	0	0	0
11	1091.1	-4.846	1.8017	-4.846	1.8017	0	2	105	-3.1058	4.2473	-1	-12.106	3.2474	0	-7.3438	3	-1	1	0	0	0	0
11	1107.7	-4.8661	1.8338	-4.8661	1.8338	0	2	105	-3.1058	4.2473	-1	-12.106	3.2474	0	-7.3438	3	-1	1	0	0	0	0
11	1124.4	-4.8661	1.8338	-4.8661	1.8338	0	2	105	-3.1058	4.2473	-1	-12.106	3.2474	0	-7.3438	3	-1	1	0	0	0	0
11	1140.9	-4.8661	1.8338	-4.8661	1.8338	0	3	105	-3.1058	4.2473	-1	-12.106	3.2474	0	-7.3438	3	-1	1	0	0	0	0
