0	19.886	-1.7896	-3.6999	-1.7896	-3.6999	0	1	105	-3.1058	4.2473	1	5.8942	3.2474	0	-7.3438	3	-1	1	0	0	0	0
0	36.407	-1.7695	-3.6355	-1.7695	-3.6355	0	1	105	-3.1058	4.2473	1	5.8942	3.2474	0	-7.3438	3	-1	1	0	0	0	0
0	52.983	-1.7494	-3.6355	-1.7494	-3.6355	0	1	105	-3.1058	4.2473	1	5.8942	3.2474	0	-7.3438	3	-1	1	0	0	0	0
0	69.581	-1.7293	-3.6355	-1.7293	-3.6355	0	1	105	-3.1058	4.2473	1	5.8942	3.2474	0	-7.3438	3	-1	1	0	0	0	0
0	86.194	-1.7293	-3.6355	-1.7293	-3.6355	0	1	105	-3.1058	4.2473	1	5.8942	3.2474	0	-7.3438	3	-1	1	0	0	0	0
0	102.74	-1.7293	-3.6355	-1.7293	-3.6355	0	1	105	-3.1058	4.2473	1	5.8942	3.2474	0	-7.3438	3	-1	1	0	0	0	0
0	119.38	-1.7293	-3.6355	-1.7293	-3.6355	0	1	105	-3.1058	4.2473	1	5.8942	3.2474	0	-7.3438	3	-1	1	0	0	0	0
0	135.96	-1.7293	-3.6355	-1.7293	-3.6355	0	1	105	-3.1058	4.2473	1	5.8942	3.2474	0	-7.3438	3	-1	1	0	0	0	0
0	152.54	-1.7293	-3.6355	-1.7293	-3.6355	0	1	105	-3.1058	4.2473	1	5.8942	3.2474	0	-7.3438	3	-1	1	0	0	0	0
0	169.18	-1.7293	-3.6033	-1.7293	-3.6033	0	1	105	-3.1058	4.2473	1	5.8942	3.2474	0	-7.3438	3	-1	1	0	0	0	0
0	185.71	-1.7494	-3.5712	-1.7494	-3.5712	0	1	105	-3.1058	4.2473	1	5.8942	3.2474	0	-7.3438	3	-1	1	0	0	0	0
0	202.28	-1.7896	-3.539	-1.7896	-3.539	0	1	105	-3.1058	4.2473	1	5.8942	3.2474	0	-7.3438	3	-1	1	0	0	0	0
0	218.94	-1.8298	-3.539	-1.8298	-3.539	0	1	105	-3.1058	4.2473	1	5.8942	3.2474	0	-7.3438	3	-1	1	0	0	0	0
0	235.27	-1.8901	-3.4425	-1.8901	-3.4425	0	1	105	-3.1058	4.2473	1	5.8942	3.2474	0	-7.3438	3	-1	1	0	0	0	0
0	251.85	-1.9505	-3.3781	-1.9505	-3.3781	0	1	105	-3.1058	4.2473	1	5.8942	3.2474	0	-7.3438	3	-1	1	0	0	0	0
0	268.47	-2.0309	-3.2173	-2.0309	-3.2173	0	1	105	-3.1058	4.2473	1	5.8942	3.2474	0	-7.3438	3	-1	1	0	0	0	0
0	285.02	-2.1515	-3.0242	-2.1515	-3.0242	0	1	105	-3.1058	4.2473	1	5.8942	3.2474	0	-7.3438	3	-1	1	0	0	0	0
0	301.56	-2.2923	-2.7668	-2.2923	-2.7668	0	1	105	-3.1058	4.2473	1	5.8942	3.2474	0	-7.3438	3	-1	1	0	0	0	0
0	318.18	-2.4129	-2.6382	-2.4129	-2.6382	0	1	105	-3.1058	4.2473	1	5.8942	3.2474	0	-7.3438	3	-1	1	0	0	0	0
0	334.82	-2.6542	-2.2521	-2.6542	-2.2521	0	1	105	-3.1058	4.2473	1	5.8942	3.2474	0	-7.3438	3	-1	1	0	0	0	0
0	351.4	-2.795	-2.059	-2.795	-2.059	0	1	105	-3.1058	4.2473	1	5.8942	3.2474	0	-7.3438	3	-1	1	0	0	0	0
0	367.97	-3.0564	-1.6408	-3.0564	-1.6408	0	1	105	-3.1058	4.2473	1	5.8942	3.2474	0	-7.3438	3	-1	1	0	0	0	0
0	384.58	-3.2575	-1.2226	-3.2575	-1.2226	0	1	105	-3.1058	4.2473	1	5.8942	3.2474	0	-7.3438	3	-1	1	0	0	0	0
0	401.15	-3.3379	-1.0617	-3.3379	-1.0617	0	1	105	-3.1058	4.2473	1	5.8942	3.2474	0	-7.3438	3	-1	1	0	0	0	0
0	417.77	-3.4384	-0.86866	-3.4384	-0.86866	0	1	105	-3.1058	4.2473	1	5.8942	3.2474	0	-7.3438	3	-1	1	0	0	0	0
0	434.37	-3.4988	-0.83649	-3.4988	-0.83649	0	1	105	-3.1058	4.2473	1	5.8942	3.2474	0	-7.3438	3	-1	1	0	0	0	0
0	450.96	-3.539	-0.86866	-3.539	-0.86866	0	1	105	-3.1058	4.2473	1	5.8942	3.2474	0	-7.3438	3	-1	1	0	0	0	0
0	467.63	-3.6596	-1.0939	-3.6596	-1.0939	0	1	105	-3.1058	4.2473	1	5.8942	3.2474	0	-7.3438	3	-1	1	0	0	0	0
0	484.24	-3.8406	-1.4478	-3.8406	-1.4478	0	1	105	-3.1058	4.2473	1	5.8942	3.2474	0	-7.3438	3	-1	1	0	0	0	0
0	500.72	-3.9411	-1.673	-3.9411	-1.673	0	1	105	-3.1058	4.2473	1	5.8942	3.2474	0	-7.3438	3	-1	1	0	0	0	0
0	517.36	-4.0819	-2.1556	-4.0819	-2.1556	0	1	105	-3.1058	4.2473	1	5.8942	3.2474	0	-7.3438	3	-1	1	0	0	0	0
0	533.95	-4.0819	-2.4773	-4.0819	-2.4773	0	1	105	-3.1058	4.2473	1	5.8942	3.2474	0	-7.3438	3	-1	1	0	0	0	0
0	550.5	-4.0417	-2.5416	-4.0417	-2.5416	0	1	105	-3.1058	4.2473	1	5.8942	3.2474	0	-7.3438	3	-1	1	0	0	0	0
0	567.13	-3.8205	-2.5095	-3.8205	-2.5095	0	1	105	-3.1058	4.2473	1	5.8942	3.2474	0	-7.3438	3	-1	1	0	0	0	0
0	583.69	-3.4988	-2.3808	-3.4988	-2.3808	0	1	105	-3.1058	4.2473	1	5.8942	3.2474	0	-7.3438	3	-1	1	0	0	0	0
0	600.31	-3.3379	-2.3164	-3.3379	-2.3164	0	1	105	-3.1058	4.2473	1	5.8942	3.2474	0	-7.3438	3	-1	1	0	0	0	0
0	616.87	-3.0564	-2.2199	-3.0564	-2.2199	0	1	105	-3.1058	4.2473	1	5.8942	3.2474	0	-7.3438	3	-1	1	0	0	0	0
0	633.48	-2.8955	-2.2521	-2.8955	-2.2521	0	1	105	-3.1058	4.2473	1	5.8942	3.2474	0	-7.3438	3	-1	1	0	0	0	0
0	650.17	-2.8754	-2.2843	-2.8754	-2.2843	0	1	105	-3.1058	4.2473	1	5.8942	3.2474	0	-7.3438	3	-1	1	0	0	0	0
0	666.72	-2.8754	-2.4129	-2.8754	-2.4129	0	1	105	-3.1058	4.2473	1	5.8942	3.2474	0	-7.3438	3	-1	1	0	0	0	0
0	683.26	-2.8352	-2.5416	-2.8352	-2.5416	0	1	105	-3.1058	4.2473	1	5.8942	3.2474	0	-7.3438	3	-1	1	0	0	0	0
0	699.91	-2.8151	-2.606	-2.8151	-2.606	0	1	105	-3.1058	4.2473	1	5.8942	3.2474	0	-7.3438	3	-1	1	0	0	0	0
0	716.48	-2.7347	-2.7347	-2.7347	-2.7347	0	1	105	-3.1058	4.2473	1	5.8942	3.2474	0	-7.3438	3	-1	1	0	0	0	0
0	733.06	-2.6945	-2.799	-2.6945	-2.799	0	1	105	-3.1058	4.2473	1	5.8942	3.2474	0	-7.3438	3	-1	1	0	0	0	0
0	749.71	-2.5738	-2.8955	-2.5738	-2.8955	0	1	105	-3.1058	4.2473	1	5.8942	3.2474	0	-7.3438	3	-1	1	0	0	0	0
0	766.25	-2.3727	-2.9277	-2.3727	-2.9277	0	1	105	-3.1058	4.2473	1	5.8942	3.2474	0	-7.3438	3	-1	1	0	0	0	0
0	782.82	-2.1113	-2.9277	-2.1113	-2.9277	0	1	105	-3.1058	4.2473	1	5.8942	3.2474	0	-7.3438	3	-1	1	0	0	0	0
0	799.52	-1.9706	-2.8955	-1.9706	-2.8955	0	1	105	-3.1058	4.2473	1	5.8942	3.2474	0	-7.3438	3	-1	1	0	0	0	0
0	816.07	-1.7092	-2.8312	-1.7092	-2.8312	0	1	105	-3.1058	4.2473	1	5.8942	3.2474	0	-7.3438	3	-1	1	0	0	0	0
0	832.65	-1.6287	-2.8312	-1.6287	-2.8312	0	1	105	-3.1058	4.2473	1	5.8942	3.2474	0	-7.3438	3	-1	1	0	0	0	0
0	849.23	-1.5684	-2.799	-1.5684	-2.799	0	1	105	-3.1058	4.2473	1	5.8942	3.2474	0	-7.3438	3	-1	1	0	0	0	0
0	865.81	-1.5483	-2.8312	-1.5483	-2.8312	0	1	105	-3.1058	4.2473	1	5.8942	3.2474	0	-7.3438	3	-1	1	0	0	0	0
0	882.41	-1.5282	-2.8634	-1.5282	-2.8634	0	1	105	-3.1058	4.2473	1	5.8942	3.2474	0	-7.3438	3	-1	1	0	0	0	0
0	898.96	-1.5081	-2.8955	-1.5081	-2.8955	0	1	105	-3.1058	4.2473	1	5.8942	3.2474	0	-7.3438	3	-1	1	0	0	0	0
0	915.58	-1.4478	-2.9599	-1.4478	-2.9599	0	1	105	-3.1058	4.2473	1	5.8942	3.2474	0	-7.3438	3	-1	1	0	0	0	0
0	932.2	-1.4277	-3.0242	-1.4277	-3.0242	0	1	105	-3.1058	4.2473	1	5.8942	3.2474	0	-7.3438	3	-1	1	0	0	0	0
0	948.8	-1.3673	-3.1529	-1.3673	-3.1529	0	1	105	-3.1058	4.2473	1	5.8942	3.2474	0	-7.3438	3	-1	1	0	0	0	0
0	965.37	-1.307	-3.346	-1.307	-3.346	0	1	105	-3.1058	4.2473	1	5.8942	3.2474	0	-7.3438	3	-1	1	0	0	0	0
0	981.96	-1.2467	-3.5068	-1.2467	-3.5068	0	1	105	-3.1058	4.2473	1	5.8942	3.2474	0	-7.3438	3	-1	1	0	0	0	0
0	998.51	-1.1864	-3.6033	-1.1864	-3.6033	0	1	105	-3.1058	4.2473	1	5.8942	3.2474	0	-7.3438	3	-1	1	0	0	0	0
0	1015.1	-1.0657	-3.732	-1.0657	-3.732	0	1	105	-3.1058	4.2473	1	5.8942	3.2474	0	-7.3438	3	-1	1	0	0	0	0
0	1031.7	-1.0054	-3.7964	-1.0054	-3.7964	0	1	105	-3.1058	4.2473	1	5.8942	3.2474	0	-7.3438	3	-1	1	0	0	0	0
0	1048.4	-0.88475	-3.8929	-0.88475	-3.8929	0	1	105	-3.1058	4.2473	1	5.8942	3.2474	0	-7.3438	3	-1	1	0	0	0	0
0	1064.9	-0.78421	-3.9894	-0.78421	-3.9894	0	1	105	-3.1058	4.2473	1	5.8942	3.2474	0	-7.3438	3	-1	1	0	0	0	0
0	1081.5	-0.70378	-4.0859	-0.70378	-4.0859	0	1	105	-3.1058	4.2473	1	5.8942	3.2474	0	-7.3438	3	-1	1	0	0	0	0
0	1098.1	-0.68367	-4.1503	-0.68367	-4.1503	0	1	105	-3.1058	4.2473	1	5.8942	3.2474	0	-7.3438	3	-1	1	0	0	0	0
0	1114.8	-0.62334	-4.279	-0.62334	-4.279	0	1	105	-3.1058	4.2473	1	5.8942	3.2474	0	-7.3438	3	-1	1	0	0	0	0
0	1131.3	-0.58313	-4.3755	-0.58313	-4.3755	0	1	105	-3.1058	4.2473	1	5.8942	3.2474	0	-7.3438	3	-1	1	0	0	0	0
0	1147.9	-0.52281	-4.5685	-0.52281	-4.5685	0	1	105	-3.1058	4.2473	1	5.8942	3.2474	0	-7.3438	3	-1	1	0	0	0	0
0	1164.5	-0.46248	-4.7937	-0.46248	-4.7937	0	1	105	-3.1058	4.2473	1	5.8942	3.2474	0	-7.3438	3	-1	1	0	0	0	0
0	1181.1	-0.40216	-4.9224	-0.40216	-4.9224	0	1	105	-3.1058	4.2473	1	5.8942	3.2474	0	-7.3438	3	-1	1	0	0	0	0
0	1197.7	-0.30162	-5.1476	-0.30162	-5.1476	0	1	105	-3.1058	4.2473	1	5.8942	3.2474	0	-7.3438	3	-1	1	0	0	0	0
0	1214.3	-0.20108	-5.405	-0.20108	-5.405	0	1	105	-3.1058	4.2473	1	5.8942	3.2474	0	-7.3438	3	-1	1	0	0	0	0
0	1230.8	-0.14076	-5.5015	-0.14076	-5.5015	0	1	105	-3.1058	4.2473	1	5.8942	3.2474	0	-7.3438	3	-1	1	0	0	0	0
0	1247.5	-0.040216	-5.6946	-0.040216	-5.6946	0	1	105	-3.1058	4.2473	1	5.8942	3.2474	0	-7.3438	3	-1	1	0	0	0	0
0	1264	0.020108	-5.7911	0.020108	-5.7911	0	1	105	-3.1058	4.2473	1	5.8942	3.2474	0	-7.3438	3	-1	1	0	0	0	0
0	1280.6	0.12065	-5.9519	0.12065	-5.9519	0	1	105	-3.1058	4.2473	1	5.8942	3.2474	0	-7.3438	3	-1	1	0	0	0	0
0	1297.2	0.24129	-6.145	0.24129	-6.145	0	1	105	-3.1058	4.2473	1	5.8942	3.2474	0	-7.3438	3	-1	1	0	0	0	0
0	1313.8	0.30162	-6.338	0.30162	-6.338	0	1	105	-3.1058	4.2473	1	5.8942	3.2474	0	-7.3438	3	-1	1	0	0	0	0
0	1330.5	0.32173	-6.4345	0.32173	-6.4345	0	1	105	-3.1058	4.2473	1	5.8942	3.2474	0	-7.3438	3	-1	1	0	0	0	0
0	1347	0.34183	-6.5632	0.34183	-6.5632	0	1	105	-3.1058	4.2473	1	5.8942	3.2474	0	-7.3438	3	-1	1	0	0	0	0
0	1363.6	0.32173	-6.5954	0.32173	-6.5954	0	1	105	-3.1058	4.2473	1	5.8942	3.2474	0	-7.3438	3	-1	1	0	0	0	0
0	1380.3	0.32173	-6.6276	0.32173	-6.6276	0	1	105	-3.1058	4.2473	1	5.8942	3.2474	0	-7.3438	3	-1	1	0	0	0	0
0	1396.8	0.32173	-6.6276	0.32173	-6.6276	0	1	105	-3.1058	4.2473	1	5.8942	3.2474	0	-7.3438	3	-1	1	0	0	0	0
0	1413.4	0.32173	-6.6597	0.32173	-6.6597	0	1	105	-3.1058	4.2473	1	5.8942	3.2474	0	-7.3438	3	-1	1	0	0	0	0
0	1430	0.32173	-6.6597	0.32173	-6.6597	0	1	105	-3.1058	4.2473	1	5.8942	3.2474	0	-7.3438	3	-1	1	0	0	0	0
0	1446.6	0.30162	-6.6919	0.30162	-6.6919	0	1	105	-3.1058	4.2473	1	5.8942	3.2474	0	-7.3438	3	-1	1	0	0	0	0
0	1463.2	0.30162	-6.6919	0.30162	-6.6919	0	1	105	-3.1058	4.2473	1	5.8942	3.2474	0	-7.3438	3	-1	1	0	0	0	0
0	1479.8	0.28151	-6.6919	0.28151	-6.6919	0	1	105	-3.1058	4.2473	1	5.8942	3.2474	0	-7.3438	3	-1	1	0	0	0	0
0	1496.4	0.28151	-6.6919	0.28151	-6.6919	0	1	105	-3.1058	4.2473	1	5.8942	3.2474	0	-7.3438	3	-1	1	0	0	0	0
0	1512.9	0.28151	-6.6919	0.28151	-6.6919	0	1	105	-3.1058	4.2473	1	5.8942	3.2474	0	-7.3438	3	-1	1	0	0	0	0
0	1529.6	0.2614	-6.7241	0.2614	-6.7241	0	1	105	-3.1058	4.2473	1	5.8942	3.2474	0	-7.3438	3	-1	1	0	0	0	0
0	1546.1	0.22119	-6.7241	0.22119	-6.7241	0	1	105	-3.1058	4.2473	1	5.8942	3.2474	0	-7.3438	3	-1	1	0	0	0	0
0	1562.7	0.20108	-6.7241	0.20108	-6.7241	0	1	105	-3.1058	4.2473	1	5.8942	3.2474	0	-7.3438	3	-1	1	0	0	0	0
0	1579.3	0.16086	-6.7562	0.16086	-6.7562	0	1	105	-3.1058	4.2473	1	5.8942	3.2474	0	-7.3438	3	-1	1	0	0	0	0
0	1595.9	0.12065	-6.7562	0.12065	-6.7562	0	1	105	-3.1058	4.2473	1	5.8942	3.2474	0	-7.3438	3	-1	1	0	0	0	0
0	1612.5	0.12065	-6.7562	0.12065	-6.7562	0	1	105	-3.1058	4.2473	1	5.8942	3.2474	0	-7.3438	3	-1	1	0	0	0	0
0	1629.1	0.080432	-6.7562	0.080432	-6.7562	0	1	105	-3.1058	4.2473	1	5.8942	3.2474	0	-7.3438	3	-1	1	0	0	0	0
0	1645.7	0.040216	-6.7884	0.040216	-6.7884	0	1	105	-3.1058	4.2473	1	5.8942	3.2474	0	-7.3438	3	-1	1	0	0	0	0
0	1662.4	0.020108	-6.7884	0.020108	-6.7884	0	1	105	-3.1058	4.2473	1	5.8942	3.2474	0	-7.3438	3	-1	1	0	0	0	0
0	1678.9	-0.020108	-6.8206	-0.020108	-6.8206	0	1	105	-3.1058	4.2473	1	5.8942	3.2474	0	-7.3438	3	-1	1	1	0	0	0
0	1695.5	-0.040216	-6.8206	-0.040216	-6.8206	0	1	105	-3.1058	4.2473	1	5.8942	3.2474	0	-7.3438	3	-1	1	1	0	0	0
0	1712.1	-0.060324	-6.8206	-0.060324	-6.8206	0	1	105	-3.1058	4.2473	1	5.8942	3.2474	0	-7.3438	3	-1	1	1	0	0	0
0	1728.7	-0.060324	-6.8206	-0.060324	-6.8206	0	1	105	-3.1058	4.2473	1	5.8942	3.2474	0	-7.3438	3	-1	1	1	0	0	0
0	1745.3	-0.080432	-6.7884	-0.080432	-6.7884	0	1	105	-3.1058	4.2473	1	5.8942	3.2474	0	-7.3438	3	-1	1	1	0	0	0
0	1761.9	-0.10054	-6.7562	-0.10054	-6.7562	0	1	105	-3.1058	4.2473	1	5.8942	3.2474	0	-7.3438	3	-1	1	1	0	0	0
0	1778.5	-0.14076	-6.6276	-0.14076	-6.6276	0	1	105	-3.1058	4.2473	1	5.8942	3.2474	0	-7.3438	3	-1	1	1	0	0	0
0	1795.1	-0.20108	-6.4024	-0.20108	-6.4024	0	1	105	-3.1058	4.2473	1	5.8942	3.2474	0	-7.3438	3	-1	1	1	0	0	0
0	1811.7	-0.24129	-6.2737	-0.24129	-6.2737	0	1	105	-3.1058	4.2473	1	5.8942	3.2474	0	-7.3438	3	-1	1	1	0	0	0
0	1828.2	-0.30162	-5.9841	-0.30162	-5.9841	0	1	105	-3.1058	4.2473	1	5.8942	3.2474	0	-7.3438	3	-1	1	1	0	0	0
0	1844.9	-0.34183	-5.8232	-0.34183	-5.8232	0	1	105	-3.1058	4.2473	1	5.8942	3.2474	0	-7.3438	3	-1	1	1	0	0	0
0	1861.4	-0.44237	-5.5337	-0.44237	-5.5337	0	1	105	-3.1058	4.2473	1	5.8942	3.2474	0	-7.3438	3	-1	1	1	0	0	0
0	1878.1	-0.54291	-5.1798	-0.54291	-5.1798	0	1	105	-3.1058	4.2473	1	5.8942	3.2474	0	-7.3438	3	-1	1	1	0	0	0
0	1894.6	-0.68367	-4.8259	-0.68367	-4.8259	0	2	105	-3.1058	4.2473	1	5.8942	3.2474	0	-7.3438	3	-1	1	1	0	0	0
0	1911.2	-0.7641	-4.6007	-0.7641	-4.6007	0	2	105	-3.1058	4.2473	1	5.8942	3.2474	0	-7.3438	3	-1	1	1	0	0	0
0	1927.8	-0.94507	-4.1824	-0.94507	-4.1824	0	2	105	-3.1058	4.2473	1	5.8942	3.2474	0	-7.3438	3	-1	1	1	0	0	0
0	1944.5	-1.0456	-3.9894	-1.0456	-3.9894	0	2	105	-3.1058	4.2473	1	5.8942	3.2474	0	-7.3438	3	-1	1	1	0	0	0
0	1961	-1.2467	-3.5712	-1.2467	-3.5712	0	2	105	-3.1058	4.2473	1	5.8942	3.2474	0	-7.3438	3	-1	1	1	0	1	0
0	1977.7	-1.4679	-3.1529	-1.4679	-3.1529	0	2	105	-3.1058	4.2473	1	5.8942	3.2474	0	-7.3438	3	-1	1	1	0	0	0
0	1994.2	-1.669	-2.7668	-1.669	-2.7668	0	2	105	-3.1058	4.2473	1	5.8942	3.2474	0	-7.3438	3	-1	1	1	0	0	0
0	2010.8	-1.7494	-2.5738	-1.7494	-2.5738	0	2	105	-3.1058	4.2473	1	5.8942	3.2474	0	-7.3438	3	-1	1	1	0	0	0
0	2027.4	-1.9304	-2.1877	-1.9304	-2.1877	0	2	105	-3.1058	4.2473	1	5.8942	3.2474	0	-7.3438	3	-1	1	1	0	0	0
0	2044	-2.0309	-2.0269	-2.0309	-2.0269	0	2	105	-3.1058	4.2473	1	5.8942	3.2474	0	-7.3438	3	-1	1	1	0	0	0
0	2060.6	-2.1918	-1.673	-2.1918	-1.673	0	2	105	-3.1058	4.2473	1	5.8942	3.2474	0	-7.3438	3	-1	1	1	0	0	0
0	2077.1	-2.3526	-1.3191	-2.3526	-1.3191	0	2	105	-3.1058	4.2473	1	5.8942	3.2474	0	-7.3438	3	-1	1	1	0	0	0
0	2093.8	-2.5336	-0.93301	-2.5336	-0.93301	0	2	105	-3.1058	4.2473	1	5.8942	3.2474	0	-7.3438	3	-1	1	1	0	0	0
0	2110.3	-2.6341	-0.73997	-2.6341	-0.73997	0	2	105	-3.1058	4.2473	1	5.8942	3.2474	0	-7.3438	3	-1	1	1	0	0	0
0	2127	-2.795	-0.38607	-2.795	-0.38607	0	2	105	-3.1058	4.2473	1	5.8942	3.2474	0	-7.3438	3	-1	1	1	0	0	0
0	2143.6	-2.8754	-0.22521	-2.8754	-0.22521	0	2	105	-3.1058	4.2473	1	5.8942	3.2474	0	-7.3438	3	-1	1	1	0	0	0
0	2160.2	-3.0363	0.12869	-3.0363	0.12869	0	2	105	-3.1058	4.2473	1	5.8942	3.2474	0	-7.3438	3	-1	1	1	0	0	0
0	2176.7	-3.2173	0.48259	-3.2173	0.48259	0	2	105	-3.1058	4.2473	1	5.8942	3.2474	0	-7.3438	3	-1	1	1	0	0	0
0	2193.3	-3.3781	0.83649	-3.3781	0.83649	0	2	105	-3.1058	4.2473	1	5.8942	3.2474	0	-7.3438	3	-1	1	1	0	0	0
0	2209.9	-3.4586	1.0295	-3.4586	1.0295	0	2	105	-3.1058	4.2473	1	5.8942	3.2474	0	-7.3438	3	-1	1	1	0	0	0
0	2226.5	-3.5993	1.3513	-3.5993	1.3512	0	2	105	-3.1058	4.2473	1	5.8942	3.2474	0	-7.3438	3	-1	1	1	0	0	0
0	2243.1	-3.6596	1.4799	-3.6596	1.4799	0	2	105	-3.1058	4.2473	1	5.8942	3.2474	0	-7.3438	3	-1	1	1	0	0	0
0	2259.8	-3.7803	1.7695	-3.7803	1.7695	0	2	105	-3.1058	4.2473	1	5.8942	3.2474	0	-7.3438	3	-1	1	1	0	0	0
0	2276.3	-3.8808	2.059	-3.8808	2.059	0	2	105	-3.1058	4.2473	1	5.8942	3.2474	0	-7.3438	3	-1	1	1	0	0	0
0	2292.9	-3.9613	2.2843	-3.9613	2.2843	0	2	105	-3.1058	4.2473	1	5.8942	3.2474	0	-7.3438	3	-1	1	1	0	0	0
0	2309.5	-4.0015	2.3808	-4.0015	2.3808	0	2	105	-3.1058	4.2473	1	5.8942	3.2474	0	-7.3438	3	-1	1	1	0	0	0
0	2326.1	-4.0819	2.5738	-4.0819	2.5738	0	2	105	-3.1058	4.2473	1	5.8942	3.2474	0	-7.3438	3	-1	1	1	0	0	0
0	2342.7	-4.1221	2.6382	-4.1221	2.6382	0	2	105	-3.1058	4.2473	1	5.8942	3.2474	0	-7.3438	3	-1	1	1	0	0	0
0	2359.3	-4.1824	2.799	-4.1824	2.799	0	2	105	-3.1058	4.2473	1	5.8942	3.2474	0	-7.3438	3	-1	1	0	0	0	0
0	2375.9	-4.2428	2.9277	-4.2428	2.9277	0	2	105	-3.1058	4.2473	1	5.8942	3.2474	0	-7.3438	3	-1	1	0	0	0	0
0	2392.5	-4.283	3.0242	-4.283	3.0242	0	2	105	-3.1058	4.2473	1	5.8942	3.2474	0	-7.3438	3	-1	1	0	0	0	0
0	2409.1	-4.3433	3.1851	-4.3433	3.1851	0	2	105	-3.1058	4.2473	1	5.8942	3.2474	0	-7.3438	3	-1	1	0	0	0	0
0	2425.7	-4.4237	3.3781	-4.4237	3.3781	0	2	105	-3.1058	4.2473	1	5.8942	3.2474	0	-7.3438	3	-1	1	0	0	0	0
0	2442.3	-4.464	3.4746	-4.464	3.4746	0	2	105	-3.1058	4.2473	1	5.8942	3.2474	0	-7.3438	3	-1	1	0	0	0	0
0	2458.9	-4.5243	3.6355	-4.5243	3.6355	0	2	105	-3.1058	4.2473	1	5.8942	3.2474	0	-7.3438	3	-1	1	0	0	0	0
0	2475.4	-4.5444	3.6999	-4.5444	3.6999	0	2	105	-3.1058	4.2473	1	5.8942	3.2474	0	-7.3438	3	-1	1	0	0	0	0
0	2492	-4.6047	3.8285	-4.6047	3.8285	0	3	105	-3.1058	4.2473	1	5.8942	3.2474	0	-7.3438	3	-1	1	0	0	0	0
0	2691.2	-5.6302	4.8902	-5.6302	4.8902	0	2	105	-3.1058	4.2473	1	5.8942	3.2474	0	-7.3438	3	-1	1	0	0	0	0
0	2707.7	-5.7509	4.9224	-5.7509	4.9224	0	3	105	-3.1058	4.2473	1	5.8942	3.2474	0	-7.3438	3	-1	1	0	0	0	0
1	25.891	0.020108	-7.6571	0.020108	-7.6571	0	1	90	0	4.6562	1	9	3.6562	0	-7.3438	3	-1	1	0	0	0	0
1	42.509	0.020108	-7.6571	0.020108	-7.6571	0	1	90	0	4.6562	1	9	3.6562	0	-7.3438	3	-1	1	0	0	0	0
1	59.083	0.020108	-7.6571	0.020108	-7.6571	0	1	90	0	4.6562	1	9	3.6562	0	-7.3438	3	-1	1	0	0	0	0
1	75.704	0.020108	-7.6571	0.020108	-7.6571	0	1	90	0	4.6562	1	9	3.6562	0	-7.3438	3	-1	1	0	0	0	0
1	92.237	0.020108	-7.6571	0.020108	-7.6571	0	1	90	0	4.6562	1	9	3.6562	0	-7.3438	3	-1	1	0	0	0	0
1	108.91	0.020108	-7.6249	0.020108	-7.6249	0	1	90	0	4.6562	1	9	3.6562	0	-7.3438	3	-1	1	0	0	0	0
1	125.5	0.020108	-7.6249	0.020108	-7.6249	0	1	90	0	4.6562	1	9	3.6562	0	-7.3438	3	-1	1	0	0	0	0
1	142.09	0.020108	-7.6249	0.020108	-7.6249	0	1	90	0	4.6562	1	9	3.6562	0	-7.3438	3	-1	1	0	0	0	0
1	158.67	0.020108	-7.6249	0.020108	-7.6249	0	1	90	0	4.6562	1	9	3.6562	0	-7.3438	3	-1	1	0	0	0	0
1	175.23	0.020108	-7.6249	0.020108	-7.6249	0	1	90	0	4.6562	1	9	3.6562	0	-7.3438	3	-1	1	0	0	0	0
1	191.92	0.020108	-7.6249	0.020108	-7.6249	0	1	90	0	4.6562	1	9	3.6562	0	-7.3438	3	-1	1	0	0	0	0
1	208.45	0.020108	-7.6249	0.020108	-7.6249	0	1	90	0	4.6562	1	9	3.6562	0	-7.3438	3	-1	1	0	0	0	0
1	225.06	0.020108	-7.6249	0.020108	-7.6249	0	1	90	0	4.6562	1	9	3.6562	0	-7.3438	3	-1	1	0	0	0	0
1	241.65	0.020108	-7.6249	0.020108	-7.6249	0	1	90	0	4.6562	1	9	3.6562	0	-7.3438	3	-1	1	0	0	0	0
1	258.23	0.020108	-7.6249	0.020108	-7.6249	0	1	90	0	4.6562	1	9	3.6562	0	-7.3438	3	-1	1	0	0	0	0
1	274.8	0.020108	-7.6249	0.020108	-7.6249	0	1	90	0	4.6562	1	9	3.6562	0	-7.3438	3	-1	1	0	0	0	0
1	291.43	0	-7.5927	0	-7.5927	0	1	90	0	4.6562	1	9	3.6562	0	-7.3438	3	-1	1	0	0	0	0
1	308.06	0	-7.5927	0	-7.5927	0	1	90	0	4.6562	1	9	3.6562	0	-7.3438	3	-1	1	1	0	0	0
1	324.6	0	-7.5606	0	-7.5606	0	1	90	0	4.6562	1	9	3.6562	0	-7.3438	3	-1	1	1	0	0	0
1	341.22	-0.080432	-7.4319	-0.080432	-7.4319	0	1	90	0	4.6562	1	9	3.6562	0	-7.3438	3	-1	1	1	0	0	0
1	357.77	-0.22119	-7.1423	-0.22119	-7.1423	0	1	90	0	4.6562	1	9	3.6562	0	-7.3438	3	-1	1	1	0	0	0
1	374.36	-0.30162	-6.9493	-0.30162	-6.9493	0	1	90	0	4.6562	1	9	3.6562	0	-7.3438	3	-1	1	1	0	0	0
1	390.97	-0.48259	-6.4024	-0.48259	-6.4024	0	1	90	0	4.6562	1	9	3.6562	0	-7.3438	3	-1	1	1	0	0	0
1	407.59	-0.64345	-5.6946	-0.64345	-5.6946	0	1	90	0	4.6562	1	9	3.6562	0	-7.3438	3	-1	1	1	0	0	0
1	424.22	-0.68367	-5.2763	-0.68367	-5.2763	0	1	90	0	4.6562	1	9	3.6562	0	-7.3438	3	-1	1	1	0	0	0
1	440.78	-0.70378	-4.472	-0.70378	-4.472	0	2	90	0	4.6562	1	9	3.6562	0	-7.3438	3	-1	1	1	0	0	0
1	457.34	-0.66356	-3.6677	-0.66356	-3.6677	0	2	90	0	4.6562	1	9	3.6562	0	-7.3438	3	-1	1	1	0	0	0
1	473.94	-0.64345	-3.2494	-0.64345	-3.2494	0	2	90	0	4.6562	1	9	3.6562	0	-7.3438	3	-1	1	1	0	0	0
1	490.59	-0.62334	-2.4129	-0.62334	-2.4129	0	2	90	0	4.6562	1	9	3.6562	0	-7.3438	3	-1	1	1	0	1	0
1	507.15	-0.60324	-1.5443	-0.60324	-1.5443	0	2	90	0	4.6562	1	9	3.6562	0	-7.3438	3	-1	1	1	0	0	0
1	523.78	-0.62334	-1.0939	-0.62334	-1.0939	0	2	90	0	4.6562	1	9	3.6562	0	-7.3438	3	-1	1	1	0	0	0
1	540.37	-0.68367	-0.22521	-0.68367	-0.22521	0	2	90	0	4.6562	1	9	3.6562	0	-7.3438	3	-1	1	1	0	0	0
1	556.93	-0.78421	0.57911	-0.78421	0.57911	0	2	90	0	4.6562	1	9	3.6562	0	-7.3438	3	-1	1	1	0	0	0
1	573.56	-0.82442	0.96518	-0.82442	0.96518	0	2	90	0	4.6562	1	9	3.6562	0	-7.3438	3	-1	1	1	0	0	0
1	590.16	-0.90485	1.6086	-0.90485	1.6086	0	2	90	0	4.6562	1	9	3.6562	0	-7.3438	3	-1	1	1	0	0	0
1	606.69	-0.88475	2.1556	-0.88475	2.1556	0	2	90	0	4.6562	1	9	3.6562	0	-7.3438	3	-1	1	1	0	0	0
1	623.28	-0.84453	2.3808	-0.84453	2.3808	0	2	90	0	4.6562	1	9	3.6562	0	-7.3438	3	-1	1	1	0	0	0
1	639.96	-0.66356	2.799	-0.66356	2.799	0	2	90	0	4.6562	1	9	3.6562	0	-7.3438	3	-1	1	1	0	0	0
1	656.6	-0.52281	2.9921	-0.52281	2.9921	0	2	90	0	4.6562	1	9	3.6562	0	-7.3438	3	-1	1	1	0	0	0
1	673.08	-0.20108	3.4103	-0.20108	3.4103	0	2	90	0	4.6562	1	9	3.6562	0	-7.3438	3	-1	1	1	0	0	0
1	689.65	0.14076	3.7642	0.14076	3.7642	0	2	90	0	4.6562	1	9	3.6562	0	-7.3438	3	-1	1	1	0	0	0
1	706.25	0.48259	4.0538	0.48259	4.0537	0	2	90	0	4.6562	1	9	3.6562	0	-7.3438	3	-1	1	1	0	0	0
1	722.94	0.64345	4.1503	0.64345	4.1503	0	2	90	0	4.6562	1	9	3.6562	0	-7.3438	3	-1	1	1	0	0	0
1	739.53	0.94507	4.3111	0.94507	4.3111	0	2	90	0	4.6562	1	9	3.6562	0	-7.3438	3	-1	1	1	0	0	0
1	756.1	1.0858	4.3433	1.0858	4.3433	0	2	90	0	4.6562	1	9	3.6562	0	-7.3438	3	-1	1	1	0	0	0
1	772.64	1.3874	4.4076	1.3874	4.4076	0	2	90	0	4.6562	1	9	3.6562	0	-7.3438	3	-1	1	1	0	0	0
1	789.24	1.6287	4.3755	1.6287	4.3755	0	2	90	0	4.6562	1	9	3.6562	0	-7.3438	3	-1	1	1	0	0	0
1	805.8	1.7293	4.3755	1.7293	4.3755	0	2	90	0	4.6562	1	9	3.6562	0	-7.3438	3	-1	1	1	0	0	0
1	822.43	1.87	4.3433	1.87	4.3433	0	2	90	0	4.6562	1	9	3.6562	0	-7.3438	3	-1	1	0	0	0	0
1	839.06	1.9304	4.3111	1.9304	4.3111	0	2	90	0	4.6562	1	9	3.6562	0	-7.3438	3	-1	1	0	0	0	0
1	855.66	1.9505	4.3111	1.9505	4.3111	0	2	90	0	4.6562	1	9	3.6562	0	-7.3438	3	-1	1	0	0	0	0
1	872.23	1.9505	4.3111	1.9505	4.3111	0	2	90	0	4.6562	1	9	3.6562	0	-7.3438	3	-1	1	0	0	0	0
1	888.84	1.9505	4.3111	1.9505	4.3111	0	2	90	0	4.6562	1	9	3.6562	0	-7.3438	3	-1	1	0	0	0	0
1	905.42	1.9505	4.3111	1.9505	4.3111	0	3	90	0	4.6562	1	9	3.6562	0	-7.3438	3	-1	1	0	0	0	0
2	30.234	-0.20108	-7.3032	-0.20108	-7.3032	0	1	75	3.1058	4.2473	1	12.106	3.2474	0	-7.3438	3	-1	1	0	0	0	0
2	46.768	-0.020108	-7.3032	-0.020108	-7.3032	0	1	75	3.1058	4.2473	1	12.106	3.2474	0	-7.3438	3	-1	1	0	0	0	0
2	63.385	0.080432	-7.3354	0.080432	-7.3354	0	1	75	3.1058	4.2473	1	12.106	3.2474	0	-7.3438	3	-1	1	0	0	0	0
2	80.048	0.10054	-7.3354	0.10054	-7.3354	0	1	75	3.1058	4.2473	1	12.106	3.2474	0	-7.3438	3	-1	1	0	0	0	0
2	96.592	0.10054	-7.3354	0.10054	-7.3354	0	1	75	3.1058	4.2473	1	12.106	3.2474	0	-7.3438	3	-1	1	0	0	0	0
2	113.18	0.10054	-7.3354	0.10054	-7.3354	0	1	75	3.1058	4.2473	1	12.106	3.2474	0	-7.3438	3	-1	1	0	0	0	0
2	129.74	0.10054	-7.3354	0.10054	-7.3354	0	1	75	3.1058	4.2473	1	12.106	3.2474	0	-7.3438	3	-1	1	0	0	0	0
2	146.34	0.10054	-7.3354	0.10054	-7.3354	0	1	75	3.1058	4.2473	1	12.106	3.2474	0	-7.3438	3	-1	1	0	0	0	0
2	162.96	0.10054	-7.3354	0.10054	-7.3354	0	1	75	3.1058	4.2473	1	12.106	3.2474	0	-7.3438	3	-1	1	1	0	0	0
2	179.54	0.10054	-7.3354	0.10054	-7.3354	0	1	75	3.1058	4.2473	1	12.106	3.2474	0	-7.3438	3	-1	1	1	0	0	0
2	196.1	0.10054	-7.3675	0.10054	-7.3675	0	1	75	3.1058	4.2473	1	12.106	3.2474	0	-7.3438	3	-1	1	1	0	0	0
2	212.81	0.10054	-7.3675	0.10054	-7.3675	0	1	75	3.1058	4.2473	1	12.106	3.2474	0	-7.3438	3	-1	1	1	0	0	0
2	229.35	0.10054	-7.3675	0.10054	-7.3675	0	1	75	3.1058	4.2473	1	12.106	3.2474	0	-7.3438	3	-1	1	1	0	0	0
2	245.95	0.10054	-7.3675	0.10054	-7.3675	0	1	75	3.1058	4.2473	1	12.106	3.2474	0	-7.3438	3	-1	1	1	0	0	0
2	262.52	0.10054	-7.3675	0.10054	-7.3675	0	1	75	3.1058	4.2473	1	12.106	3.2474	0	-7.3438	3	-1	1	1	0	0	0
2	279.12	0.10054	-7.3354	0.10054	-7.3354	0	1	75	3.1058	4.2473	1	12.106	3.2474	0	-7.3438	3	-1	1	1	0	0	0
2	295.69	0.12065	-7.3032	0.12065	-7.3032	0	1	75	3.1058	4.2473	1	12.106	3.2474	0	-7.3438	3	-1	1	1	0	0	0
2	312.27	0.10054	-7.1423	0.10054	-7.1423	0	1	75	3.1058	4.2473	1	12.106	3.2474	0	-7.3438	3	-1	1	1	0	0	0
2	328.92	0.10054	-7.0458	0.10054	-7.0458	0	1	75	3.1058	4.2473	1	12.106	3.2474	0	-7.3438	3	-1	1	1	0	0	0
2	345.49	0.060324	-6.6919	0.060324	-6.6919	0	1	75	3.1058	4.2473	1	12.106	3.2474	0	-7.3438	3	-1	1	1	0	0	0
2	362.1	0.040216	-6.4989	0.040216	-6.4989	0	1	75	3.1058	4.2473	1	12.106	3.2474	0	-7.3438	3	-1	1	1	0	0	0
2	378.61	0	-5.9841	0	-5.9841	0	1	75	3.1058	4.2473	1	12.106	3.2474	0	-7.3438	3	-1	1	1	0	0	0
2	395.26	0	-5.3728	0	-5.3728	0	1	75	3.1058	4.2473	1	12.106	3.2474	0	-7.3438	3	-1	1	1	0	0	0
2	411.82	0.020108	-5.0833	0.020108	-5.0833	0	1	75	3.1058	4.2473	1	12.106	3.2474	0	-7.3438	3	-1	1	1	0	0	0
2	428.48	0.14076	-4.5042	0.14076	-4.5042	0	2	75	3.1058	4.2473	1	12.106	3.2474	0	-7.3438	3	-1	1	1	0	0	0
2	445.04	0.34183	-3.9572	0.34183	-3.9572	0	2	75	3.1058	4.2473	1	12.106	3.2474	0	-7.3438	3	-1	1	1	0	0	0
2	461.73	0.44237	-3.6677	0.44237	-3.6677	0	2	75	3.1058	4.2473	1	12.106	3.2474	0	-7.3438	3	-1	1	1	0	0	0
2	478.21	0.66356	-3.1529	0.66356	-3.1529	0	2	75	3.1058	4.2473	1	12.106	3.2474	0	-7.3438	3	-1	1	1	0	0	0
2	494.82	0.7641	-2.8634	0.7641	-2.8634	0	2	75	3.1058	4.2473	1	12.106	3.2474	0	-7.3438	3	-1	1	1	0	0	0
2	511.42	0.96518	-2.3486	0.96518	-2.3486	0	2	75	3.1058	4.2473	1	12.106	3.2474	0	-7.3438	3	-1	1	1	0	0	0
2	528.02	1.2065	-1.866	1.2065	-1.866	0	2	75	3.1058	4.2473	1	12.106	3.2474	0	-7.3438	3	-1	1	1	0	0	0
2	544.58	1.4679	-1.4156	1.4679	-1.4156	0	2	75	3.1058	4.2473	1	12.106	3.2474	0	-7.3438	3	-1	1	1	0	0	0
2	561.19	1.5885	-1.1904	1.5885	-1.1904	0	2	75	3.1058	4.2473	1	12.106	3.2474	0	-7.3438	3	-1	1	1	0	0	0
2	577.87	1.8298	-0.7078	1.8298	-0.7078	0	2	75	3.1058	4.2473	1	12.106	3.2474	0	-7.3438	3	-1	1	1	0	0	0
2	594.41	1.9505	-0.41824	1.9505	-0.41824	0	2	75	3.1058	4.2473	1	12.106	3.2474	0	-7.3438	3	-1	1	1	0	0	0
2	611.06	2.2119	0.12869	2.2119	0.12869	0	2	75	3.1058	4.2473	1	12.106	3.2474	0	-7.3438	3	-1	1	1	0	1	0
2	627.57	2.4733	0.64345	2.4733	0.64345	0	2	75	3.1058	4.2473	1	12.106	3.2474	0	-7.3438	3	-1	1	1	0	0	0
2	644.23	2.7749	1.1582	2.7749	1.1582	0	2	75	3.1058	4.2473	1	12.106	3.2474	0	-7.3438	3	-1	1	1	0	0	0
2	660.82	2.9156	1.4156	2.9156	1.4156	0	2	75	3.1058	4.2473	1	12.106	3.2474	0	-7.3438	3	-1	1	1	0	0	0
2	677.39	3.2173	1.8982	3.2173	1.8982	0	2	75	3.1058	4.2473	1	12.106	3.2474	0	-7.3438	3	-1	1	1	0	0	0
2	693.91	3.358	2.1234	3.358	2.1234	0	2	75	3.1058	4.2473	1	12.106	3.2474	0	-7.3438	3	-1	1	1	0	0	0
2	710.56	3.6596	2.5738	3.6596	2.5738	0	2	75	3.1058	4.2473	1	12.106	3.2474	0	-7.3438	3	-1	1	1	0	0	0
2	727.14	3.9814	2.9277	3.9814	2.9277	0	2	75	3.1058	4.2473	1	12.106	3.2474	0	-7.3438	3	-1	1	1	0	0	0
2	743.73	4.2629	3.2173	4.2629	3.2173	0	2	75	3.1058	4.2473	1	12.106	3.2474	0	-7.3438	3	-1	1	1	0	0	0
2	760.37	4.4036	3.346	4.4036	3.346	0	2	75	3.1058	4.2473	1	12.106	3.2474	0	-7.3438	3	-1	1	1	0	0	0
2	776.89	4.6449	3.5068	4.6449	3.5068	0	2	75	3.1058	4.2473	1	12.106	3.2474	0	-7.3438	3	-1	1	1	0	0	0
2	793.52	4.7656	3.6033	4.7656	3.6033	0	2	75	3.1058	4.2473	1	12.106	3.2474	0	-7.3438	3	-1	1	1	0	0	0
2	810.09	4.9666	3.732	4.9666	3.732	0	2	75	3.1058	4.2473	1	12.106	3.2474	0	-7.3438	3	-1	1	1	0	0	0
2	826.69	5.1275	3.8285	5.1275	3.8285	0	2	75	3.1058	4.2473	1	12.106	3.2474	0	-7.3438	3	-1	1	1	0	0	0
2	843.32	5.2482	3.8929	5.2482	3.8929	0	2	75	3.1058	4.2473	1	12.106	3.2474	0	-7.3438	3	-1	1	1	0	0	0
2	859.98	5.2884	3.8929	5.2884	3.8929	0	2	75	3.1058	4.2473	1	12.106	3.2474	0	-7.3438	3	-1	1	1	0	0	0
2	876.52	5.3286	3.9251	5.3286	3.9251	0	2	75	3.1058	4.2473	1	12.106	3.2474	0	-7.3438	3	-1	1	0	0	0	0
2	893.07	5.3487	3.9251	5.3487	3.9251	0	2	75	3.1058	4.2473	1	12.106	3.2474	0	-7.3438	3	-1	1	0	0	0	0
2	909.65	5.3487	3.9251	5.3487	3.9251	0	2	75	3.1058	4.2473	1	12.106	3.2474	0	-7.3438	3	-1	1	0	0	0	0
2	926.28	5.3487	3.9251	5.3487	3.9251	0	2	75	3.1058	4.2473	1	12.106	3.2474	0	-7.3438	3	-1	1	0	0	0	0
2	942.88	5.3487	3.9251	5.3487	3.9251	0	3	75	3.1058	4.2473	1	12.106	3.2474	0	-7.3438	3	-1	1	0	0	0	0
3	29.691	-0.16086	-7.3354	-0.16086	-7.3354	0	1	105	-3.1058	4.2473	1	5.8942	3.2474	0	-7.3438	3	-1	1	0	0	0	0
3	46.319	-0.12065	-7.3675	-0.12065	-7.3675	0	1	105	-3.1058	4.2473	1	5.8942	3.2474	0	-7.3438	3	-1	1	0	0	0	0
3	62.87	-0.060324	-7.3997	-0.060324	-7.3997	0	1	105	-3.1058	4.2473	1	5.8942	3.2474	0	-7.3438	3	-1	1	0	0	0	0
3	79.473	-0.040216	-7.4319	-0.040216	-7.4319	0	1	105	-3.1058	4.2473	1	5.8942	3.2474	0	-7.3438	3	-1	1	0	0	0	0
3	96.125	-0.040216	-7.4319	-0.040216	-7.4319	0	1	105	-3.1058	4.2473	1	5.8942	3.2474	0	-7.3438	3	-1	1	0	0	0	0
3	112.67	-0.020108	-7.464	-0.020108	-7.464	0	1	105	-3.1058	4.2473	1	5.8942	3.2474	0	-7.3438	3	-1	1	0	0	0	0
3	129.26	-0.020108	-7.464	-0.020108	-7.464	0	1	105	-3.1058	4.2473	1	5.8942	3.2474	0	-7.3438	3	-1	1	0	0	0	0
3	145.81	-0.020108	-7.464	-0.020108	-7.464	0	1	105	-3.1058	4.2473	1	5.8942	3.2474	0	-7.3438	3	-1	1	0	0	0	0
3	162.49	0	-7.4962	0	-7.4962	0	1	105	-3.1058	4.2473	1	5.8942	3.2474	0	-7.3438	3	-1	1	0	0	0	0
3	179.02	0.020108	-7.5284	0.020108	-7.5284	0	1	105	-3.1058	4.2473	1	5.8942	3.2474	0	-7.3438	3	-1	1	0	0	0	0
3	195.69	0.020108	-7.5284	0.020108	-7.5284	0	1	105	-3.1058	4.2473	1	5.8942	3.2474	0	-7.3438	3	-1	1	0	0	0	0
3	212.29	0.020108	-7.5284	0.020108	-7.5284	0	1	105	-3.1058	4.2473	1	5.8942	3.2474	0	-7.3438	3	-1	1	0	0	0	0
3	228.8	0.020108	-7.5284	0.020108	-7.5284	0	1	105	-3.1058	4.2473	1	5.8942	3.2474	0	-7.3438	3	-1	1	0	0	0	0
3	245.4	0.020108	-7.5284	0.020108	-7.5284	0	1	105	-3.1058	4.2473	1	5.8942	3.2474	0	-7.3438	3	-1	1	0	0	0	0
3	261.98	0.020108	-7.4962	0.020108	-7.4962	0	1	105	-3.1058	4.2473	1	5.8942	3.2474	0	-7.3438	3	-1	1	1	0	0	0
3	278.56	0.020108	-7.464	0.020108	-7.464	0	1	105	-3.1058	4.2473	1	5.8942	3.2474	0	-7.3438	3	-1	1	1	0	0	0
3	295.22	-0.020108	-7.3354	-0.020108	-7.3354	0	1	105	-3.1058	4.2473	1	5.8942	3.2474	0	-7.3438	3	-1	1	1	0	0	0
3	311.82	-0.080432	-7.1423	-0.080432	-7.1423	0	1	105	-3.1058	4.2473	1	5.8942	3.2474	0	-7.3438	3	-1	1	1	0	0	0
3	328.37	-0.12065	-6.9815	-0.12065	-6.9815	0	1	105	-3.1058	4.2473	1	5.8942	3.2474	0	-7.3438	3	-1	1	1	0	0	0
3	344.97	-0.22119	-6.5954	-0.22119	-6.5954	0	1	105	-3.1058	4.2473	1	5.8942	3.2474	0	-7.3438	3	-1	1	1	0	0	0
3	361.6	-0.40216	-6.0806	-0.40216	-6.0806	0	1	105	-3.1058	4.2473	1	5.8942	3.2474	0	-7.3438	3	-1	1	1	0	0	0
3	378.17	-0.5027	-5.7911	-0.5027	-5.7911	0	1	105	-3.1058	4.2473	1	5.8942	3.2474	0	-7.3438	3	-1	1	1	0	0	0
3	394.79	-0.72388	-5.1154	-0.72388	-5.1154	0	1	105	-3.1058	4.2473	1	5.8942	3.2474	0	-7.3438	3	-1	1	1	0	0	0
3	411.4	-0.96518	-4.4076	-0.96518	-4.4076	0	2	105	-3.1058	4.2473	1	5.8942	3.2474	0	-7.3438	3	-1	1	1	0	0	0
3	428	-1.1059	-4.0859	-1.1059	-4.0859	0	2	105	-3.1058	4.2473	1	5.8942	3.2474	0	-7.3438	3	-1	1	1	0	0	0
3	444.52	-1.4076	-3.4746	-1.4076	-3.4746	0	2	105	-3.1058	4.2473	1	5.8942	3.2474	0	-7.3438	3	-1	1	1	0	1	0
3	461.12	-1.8097	-2.9277	-1.8097	-2.9277	0	2	105	-3.1058	4.2473	1	5.8942	3.2474	0	-7.3438	3	-1	1	1	0	0	0
3	477.68	-2.0309	-2.6382	-2.0309	-2.6382	0	2	105	-3.1058	4.2473	1	5.8942	3.2474	0	-7.3438	3	-1	1	1	0	0	0
3	494.3	-2.4934	-2.1556	-2.4934	-2.1556	0	2	105	-3.1058	4.2473	1	5.8942	3.2474	0	-7.3438	3	-1	1	1	0	0	0
3	510.95	-2.9559	-1.6086	-2.9559	-1.6086	0	2	105	-3.1058	4.2473	1	5.8942	3.2474	0	-7.3438	3	-1	1	1	0	0	0
3	527.57	-3.177	-1.3513	-3.177	-1.3512	0	2	105	-3.1058	4.2473	1	5.8942	3.2474	0	-7.3438	3	-1	1	1	0	0	0
3	544.11	-3.5792	-0.86866	-3.5792	-0.86866	0	2	105	-3.1058	4.2473	1	5.8942	3.2474	0	-7.3438	3	-1	1	1	0	0	0
3	560.66	-3.7401	-0.64345	-3.7401	-0.64345	0	2	105	-3.1058	4.2473	1	5.8942	3.2474	0	-7.3438	3	-1	1	1	0	0	0
3	577.32	-4.0618	-0.22521	-4.0618	-0.22521	0	2	105	-3.1058	4.2473	1	5.8942	3.2474	0	-7.3438	3	-1	1	1	0	0	0
3	593.91	-4.3232	0.16086	-4.3232	0.16086	0	2	105	-3.1058	4.2473	1	5.8942	3.2474	0	-7.3438	3	-1	1	1	0	0	0
3	610.55	-4.4841	0.57911	-4.4841	0.57911	0	2	105	-3.1058	4.2473	1	5.8942	3.2474	0	-7.3438	3	-1	1	1	0	0	0
3	627.12	-4.5444	0.80432	-4.5444	0.80432	0	2	105	-3.1058	4.2473	1	5.8942	3.2474	0	-7.3438	3	-1	1	1	0	0	0
3	643.67	-4.6248	1.1582	-4.6248	1.1582	0	2	105	-3.1058	4.2473	1	5.8942	3.2474	0	-7.3438	3	-1	1	1	0	0	0
3	660.25	-4.6449	1.3513	-4.6449	1.3512	0	2	105	-3.1058	4.2473	1	5.8942	3.2474	0	-7.3438	3	-1	1	1	0	0	0
3	676.85	-4.6449	1.6408	-4.6449	1.6408	0	2	105	-3.1058	4.2473	1	5.8942	3.2474	0	-7.3438	3	-1	1	1	0	0	0
3	693.41	-4.6047	1.9304	-4.6047	1.9304	0	2	105	-3.1058	4.2473	1	5.8942	3.2474	0	-7.3438	3	-1	1	1	0	0	0
3	710.03	-4.5243	2.2199	-4.5243	2.2199	0	2	105	-3.1058	4.2473	1	5.8942	3.2474	0	-7.3438	3	-1	1	1	0	0	0
3	726.71	-4.4841	2.3808	-4.4841	2.3808	0	2	105	-3.1058	4.2473	1	5.8942	3.2474	0	-7.3438	3	-1	1	1	0	0	0
3	743.26	-4.3634	2.6703	-4.3634	2.6703	0	2	105	-3.1058	4.2473	1	5.8942	3.2474	0	-7.3438	3	-1	1	1	0	0	0
3	759.85	-4.3031	2.799	-4.3031	2.799	0	2	105	-3.1058	4.2473	1	5.8942	3.2474	0	-7.3438	3	-1	1	1	0	0	0
3	776.51	-4.1623	3.0242	-4.1623	3.0242	0	2	105	-3.1058	4.2473	1	5.8942	3.2474	0	-7.3438	3	-1	1	1	0	0	0
3	793	-4.0216	3.1851	-4.0216	3.1851	0	2	105	-3.1058	4.2473	1	5.8942	3.2474	0	-7.3438	3	-1	1	1	0	0	0
3	809.59	-3.921	3.3138	-3.921	3.3138	0	2	105	-3.1058	4.2473	1	5.8942	3.2474	0	-7.3438	3	-1	1	0	0	0	0
3	826.16	-3.8808	3.3781	-3.8808	3.3781	0	2	105	-3.1058	4.2473	1	5.8942	3.2474	0	-7.3438	3	-1	1	0	0	0	0
3	842.84	-3.8004	3.4103	-3.8004	3.4103	0	2	105	-3.1058	4.2473	1	5.8942	3.2474	0	-7.3438	3	-1	1	0	0	0	0
3	859.35	-3.7803	3.4425	-3.7803	3.4425	0	2	105	-3.1058	4.2473	1	5.8942	3.2474	0	-7.3438	3	-1	1	0	0	0	0
3	876.01	-3.7401	3.4746	-3.7401	3.4746	0	2	105	-3.1058	4.2473	1	5.8942	3.2474	0	-7.3438	3	-1	1	0	0	0	0
3	892.57	-3.7401	3.4746	-3.7401	3.4746	0	2	105	-3.1058	4.2473	1	5.8942	3.2474	0	-7.3438	3	-1	1	0	0	0	0
3	909.13	-3.7401	3.4746	-3.7401	3.4746	0	3	105	-3.1058	4.2473	1	5.8942	3.2474	0	-7.3438	3	-1	1	0	0	0	0
4	30.7	-0.28151	-7.464	-0.28151	-7.464	0	1	90	0	4.6562	1	9	3.6562	0	-7.3438	3	-1	1	0	0	0	0
4	47.218	-0.2614	-7.6249	-0.2614	-7.6249	0	1	90	0	4.6562	1	9	3.6562	0	-7.3438	3	-1	1	0	0	0	0
4	63.795	-0.2614	-7.6249	-0.2614	-7.6249	0	1	90	0	4.6562	1	9	3.6562	0	-7.3438	3	-1	1	0	0	0	0
4	80.392	-0.24129	-7.6249	-0.24129	-7.6249	0	1	90	0	4.6562	1	9	3.6562	0	-7.3438	3	-1	1	0	0	0	0
4	97.029	-0.24129	-7.6249	-0.24129	-7.6249	0	1	90	0	4.6562	1	9	3.6562	0	-7.3438	3	-1	1	0	0	0	0
4	113.55	-0.24129	-7.6571	-0.24129	-7.6571	0	1	90	0	4.6562	1	9	3.6562	0	-7.3438	3	-1	1	0	0	0	0
4	130.24	-0.24129	-7.6571	-0.24129	-7.6571	0	1	90	0	4.6562	1	9	3.6562	0	-7.3438	3	-1	1	0	0	0	0
4	146.75	-0.24129	-7.6571	-0.24129	-7.6571	0	1	90	0	4.6562	1	9	3.6562	0	-7.3438	3	-1	1	0	0	0	0
4	163.42	-0.24129	-7.6571	-0.24129	-7.6571	0	1	90	0	4.6562	1	9	3.6562	0	-7.3438	3	-1	1	0	0	0	0
4	179.92	-0.24129	-7.6571	-0.24129	-7.6571	0	1	90	0	4.6562	1	9	3.6562	0	-7.3438	3	-1	1	0	0	0	0
4	196.58	-0.24129	-7.6571	-0.24129	-7.6571	0	1	90	0	4.6562	1	9	3.6562	0	-7.3438	3	-1	1	0	0	0	0
4	213.18	-0.24129	-7.6571	-0.24129	-7.6571	0	1	90	0	4.6562	1	9	3.6562	0	-7.3438	3	-1	1	0	0	0	0
4	229.75	-0.24129	-7.6249	-0.24129	-7.6249	0	1	90	0	4.6562	1	9	3.6562	0	-7.3438	3	-1	1	0	0	0	0
4	246.29	-0.24129	-7.6249	-0.24129	-7.6249	0	1	90	0	4.6562	1	9	3.6562	0	-7.3438	3	-1	1	0	0	0	0
4	262.93	-0.24129	-7.6249	-0.24129	-7.6249	0	1	90	0	4.6562	1	9	3.6562	0	-7.3438	3	-1	1	0	0	0	0
4	279.53	-0.24129	-7.6249	-0.24129	-7.6249	0	1	90	0	4.6562	1	9	3.6562	0	-7.3438	3	-1	1	1	0	0	0
4	296.13	-0.24129	-7.6249	-0.24129	-7.6249	0	1	90	0	4.6562	1	9	3.6562	0	-7.3438	3	-1	1	1	0	0	0
4	312.75	-0.2614	-7.5284	-0.2614	-7.5284	0	1	90	0	4.6562	1	9	3.6562	0	-7.3438	3	-1	1	1	0	0	0
4	329.3	-0.36194	-7.3354	-0.36194	-7.3354	0	1	90	0	4.6562	1	9	3.6562	0	-7.3438	3	-1	1	1	0	0	0
4	345.85	-0.5027	-6.9815	-0.5027	-6.9815	0	1	90	0	4.6562	1	9	3.6562	0	-7.3438	3	-1	1	1	0	0	0
4	362.45	-0.58313	-6.7562	-0.58313	-6.7562	0	1	90	0	4.6562	1	9	3.6562	0	-7.3438	3	-1	1	1	0	0	0
4	379.04	-0.74399	-6.145	-0.74399	-6.145	0	1	90	0	4.6562	1	9	3.6562	0	-7.3438	3	-1	1	1	0	0	0
4	395.67	-0.84453	-5.7911	-0.84453	-5.7911	0	1	90	0	4.6562	1	9	3.6562	0	-7.3438	3	-1	1	1	0	0	0
4	412.25	-1.0456	-4.9224	-1.0456	-4.9224	0	1	90	0	4.6562	1	9	3.6562	0	-7.3438	3	-1	1	1	0	0	0
4	428.86	-1.2065	-3.9894	-1.2065	-3.9894	0	2	90	0	4.6562	1	9	3.6562	0	-7.3438	3	-1	1	1	0	1	0
4	445.42	-1.2467	-3.1207	-1.2467	-3.1207	0	2	90	0	4.6562	1	9	3.6562	0	-7.3438	3	-1	1	1	0	0	0
4	462.07	-1.2467	-2.7347	-1.2467	-2.7347	0	2	90	0	4.6562	1	9	3.6562	0	-7.3438	3	-1	1	1	0	0	0
4	478.62	-1.2668	-1.9947	-1.2668	-1.9947	0	2	90	0	4.6562	1	9	3.6562	0	-7.3438	3	-1	1	1	0	0	0
4	495.23	-1.307	-1.6408	-1.307	-1.6408	0	2	90	0	4.6562	1	9	3.6562	0	-7.3438	3	-1	1	1	0	0	0
4	511.84	-1.3874	-0.96518	-1.3874	-0.96518	0	2	90	0	4.6562	1	9	3.6562	0	-7.3438	3	-1	1	1	0	0	0
4	528.41	-1.5081	-0.3539	-1.5081	-0.3539	0	2	90	0	4.6562	1	9	3.6562	0	-7.3438	3	-1	1	1	0	0	0
4	545.06	-1.6287	0.16086	-1.6287	0.16086	0	2	90	0	4.6562	1	9	3.6562	0	-7.3438	3	-1	1	1	0	0	0
4	561.59	-1.669	0.41824	-1.669	0.41824	0	2	90	0	4.6562	1	9	3.6562	0	-7.3438	3	-1	1	1	0	0	0
4	578.21	-1.7896	0.86866	-1.7896	0.86866	0	2	90	0	4.6562	1	9	3.6562	0	-7.3438	3	-1	1	1	0	0	0
4	594.78	-1.8298	1.126	-1.8298	1.126	0	2	90	0	4.6562	1	9	3.6562	0	-7.3438	3	-1	1	1	0	0	0
4	611.39	-1.8901	1.673	-1.8901	1.673	0	2	90	0	4.6562	1	9	3.6562	0	-7.3438	3	-1	1	1	0	0	0
4	627.98	-1.8499	2.1556	-1.8499	2.1556	0	2	90	0	4.6562	1	9	3.6562	0	-7.3438	3	-1	1	1	0	0	0
4	644.54	-1.7293	2.5738	-1.7293	2.5738	0	2	90	0	4.6562	1	9	3.6562	0	-7.3438	3	-1	1	1	0	0	0
4	661.23	-1.6287	2.7668	-1.6287	2.7668	0	2	90	0	4.6562	1	9	3.6562	0	-7.3438	3	-1	1	1	0	0	0
4	677.81	-1.3673	3.1207	-1.3673	3.1207	0	2	90	0	4.6562	1	9	3.6562	0	-7.3438	3	-1	1	1	0	0	0
4	694.37	-1.2065	3.3138	-1.2065	3.3138	0	2	90	0	4.6562	1	9	3.6562	0	-7.3438	3	-1	1	1	0	0	0
4	710.99	-0.82442	3.6999	-0.82442	3.6999	0	2	90	0	4.6562	1	9	3.6562	0	-7.3438	3	-1	1	1	0	0	0
4	727.55	-0.44237	4.0216	-0.44237	4.0216	0	2	90	0	4.6562	1	9	3.6562	0	-7.3438	3	-1	1	1	0	0	0
4	744.16	-0.24129	4.1824	-0.24129	4.1824	0	2	90	0	4.6562	1	9	3.6562	0	-7.3438	3	-1	1	1	0	0	0
4	760.77	0.12065	4.4076	0.12065	4.4076	0	2	90	0	4.6562	1	9	3.6562	0	-7.3438	3	-1	1	1	0	0	0
4	777.33	0.46248	4.5685	0.46248	4.5685	0	2	90	0	4.6562	1	9	3.6562	0	-7.3438	3	-1	1	1	0	0	0
4	793.99	0.60324	4.6329	0.60324	4.6329	0	2	90	0	4.6562	1	9	3.6562	0	-7.3438	3	-1	1	1	0	0	0
4	810.54	0.84453	4.7615	0.84453	4.7615	0	2	90	0	4.6562	1	9	3.6562	0	-7.3438	3	-1	1	1	0	0	0
4	827.08	1.0456	4.8581	1.0456	4.8581	0	2	90	0	4.6562	1	9	3.6562	0	-7.3438	3	-1	1	0	0	0	0
4	843.8	1.1059	4.9224	1.1059	4.9224	0	2	90	0	4.6562	1	9	3.6562	0	-7.3438	3	-1	1	0	0	0	0
4	860.36	1.2065	4.9546	1.2065	4.9546	0	2	90	0	4.6562	1	9	3.6562	0	-7.3438	3	-1	1	0	0	0	0
4	876.89	1.2266	4.9868	1.2266	4.9868	0	2	90	0	4.6562	1	9	3.6562	0	-7.3438	3	-1	1	0	0	0	0
4	893.48	1.2266	4.9868	1.2266	4.9868	0	2	90	0	4.6562	1	9	3.6562	0	-7.3438	3	-1	1	0	0	0	0
4	910.12	1.2266	4.9868	1.2266	4.9868	0	2	90	0	4.6562	1	9	3.6562	0	-7.3438	3	-1	1	0	0	0	0
4	926.68	1.2266	4.9868	1.2266	4.9868	0	2	90	0	4.6562	1	9	3.6562	0	-7.3438	3	-1	1	0	0	0	0
4	943.32	1.2266	4.9868	1.2266	4.9868	0	3	90	0	4.6562	1	9	3.6562	0	-7.3438	3	-1	1	0	0	0	0
5	30.232	-0.38205	-7.464	-0.38205	-7.464	0	1	75	3.1058	4.2473	1	12.106	3.2474	0	-7.3438	3	-1	1	0	0	0	0
5	46.842	-0.24129	-7.5284	-0.24129	-7.5284	0	1	75	3.1058	4.2473	1	12.106	3.2474	0	-7.3438	3	-1	1	0	0	0	0
5	63.475	-0.14076	-7.5606	-0.14076	-7.5606	0	1	75	3.1058	4.2473	1	12.106	3.2474	0	-7.3438	3	-1	1	0	0	0	0
5	80.013	-0.12065	-7.5606	-0.12065	-7.5606	0	1	75	3.1058	4.2473	1	12.106	3.2474	0	-7.3438	3	-1	1	0	0	0	0
5	96.623	-0.10054	-7.5606	-0.10054	-7.5606	0	1	75	3.1058	4.2473	1	12.106	3.2474	0	-7.3438	3	-1	1	0	0	0	0
5	113.18	-0.10054	-7.5606	-0.10054	-7.5606	0	1	75	3.1058	4.2473	1	12.106	3.2474	0	-7.3438	3	-1	1	0	0	0	0
5	129.82	-0.10054	-7.5606	-0.10054	-7.5606	0	1	75	3.1058	4.2473	1	12.106	3.2474	0	-7.3438	3	-1	1	0	0	0	0
5	146.35	-0.10054	-7.5606	-0.10054	-7.5606	0	1	75	3.1058	4.2473	1	12.106	3.2474	0	-7.3438	3	-1	1	0	0	0	0
5	162.97	-0.10054	-7.5606	-0.10054	-7.5606	0	1	75	3.1058	4.2473	1	12.106	3.2474	0	-7.3438	3	-1	1	0	0	0	0
5	179.62	-0.10054	-7.5606	-0.10054	-7.5606	0	1	75	3.1058	4.2473	1	12.106	3.2474	0	-7.3438	3	-1	1	0	0	0	0
5	196.16	-0.10054	-7.5606	-0.10054	-7.5606	0	1	75	3.1058	4.2473	1	12.106	3.2474	0	-7.3438	3	-1	1	0	0	0	0
5	212.79	-0.10054	-7.5606	-0.10054	-7.5606	0	1	75	3.1058	4.2473	1	12.106	3.2474	0	-7.3438	3	-1	1	0	0	0	0
5	229.44	-0.10054	-7.5606	-0.10054	-7.5606	0	1	75	3.1058	4.2473	1	12.106	3.2474	0	-7.3438	3	-1	1	0	0	0	0
5	245.96	-0.10054	-7.5606	-0.10054	-7.5606	0	1	75	3.1058	4.2473	1	12.106	3.2474	0	-7.3438	3	-1	1	1	0	0	0
5	262.54	-0.10054	-7.5606	-0.10054	-7.5606	0	1	75	3.1058	4.2473	1	12.106	3.2474	0	-7.3438	3	-1	1	1	0	0	0
5	279.13	-0.10054	-7.5606	-0.10054	-7.5606	0	1	75	3.1058	4.2473	1	12.106	3.2474	0	-7.3438	3	-1	1	1	0	0	0
5	295.76	-0.10054	-7.5606	-0.10054	-7.5606	0	1	75	3.1058	4.2473	1	12.106	3.2474	0	-7.3438	3	-1	1	1	0	0	0
5	312.34	-0.10054	-7.5284	-0.10054	-7.5284	0	1	75	3.1058	4.2473	1	12.106	3.2474	0	-7.3438	3	-1	1	1	0	0	0
5	328.91	-0.10054	-7.464	-0.10054	-7.464	0	1	75	3.1058	4.2473	1	12.106	3.2474	0	-7.3438	3	-1	1	1	0	0	0
5	345.56	-0.14076	-7.2388	-0.14076	-7.2388	0	1	75	3.1058	4.2473	1	12.106	3.2474	0	-7.3438	3	-1	1	1	0	0	0
5	362.08	-0.18097	-7.078	-0.18097	-7.078	0	1	75	3.1058	4.2473	1	12.106	3.2474	0	-7.3438	3	-1	1	1	0	0	0
5	378.63	-0.2614	-6.6276	-0.2614	-6.6276	0	1	75	3.1058	4.2473	1	12.106	3.2474	0	-7.3438	3	-1	1	1	0	0	0
5	395.3	-0.32173	-6.0485	-0.32173	-6.0485	0	1	75	3.1058	4.2473	1	12.106	3.2474	0	-7.3438	3	-1	1	1	0	0	0
5	411.89	-0.30162	-5.7267	-0.30162	-5.7267	0	1	75	3.1058	4.2473	1	12.106	3.2474	0	-7.3438	3	-1	1	1	0	0	0
5	428.46	-0.20108	-5.1154	-0.20108	-5.1154	0	1	75	3.1058	4.2473	1	12.106	3.2474	0	-7.3438	3	-1	1	1	0	0	0
5	445.03	0	-4.5042	0	-4.5042	0	2	75	3.1058	4.2473	1	12.106	3.2474	0	-7.3438	3	-1	1	1	0	0	0
5	461.73	0.10054	-4.1824	0.10054	-4.1824	0	2	75	3.1058	4.2473	1	12.106	3.2474	0	-7.3438	3	-1	1	1	0	0	0
5	478.29	0.32173	-3.4746	0.32173	-3.4746	0	2	75	3.1058	4.2473	1	12.106	3.2474	0	-7.3438	3	-1	1	1	0	1	0
5	494.81	0.60324	-2.6703	0.60324	-2.6703	0	2	75	3.1058	4.2473	1	12.106	3.2474	0	-7.3438	3	-1	1	1	0	0	0
5	511.49	0.80432	-2.2843	0.80432	-2.2843	0	2	75	3.1058	4.2473	1	12.106	3.2474	0	-7.3438	3	-1	1	1	0	0	0
5	528.13	1.2065	-1.5765	1.2065	-1.5765	0	2	75	3.1058	4.2473	1	12.106	3.2474	0	-7.3438	3	-1	1	1	0	0	0
5	544.7	1.6086	-0.99735	1.6086	-0.99735	0	2	75	3.1058	4.2473	1	12.106	3.2474	0	-7.3438	3	-1	1	1	0	0	0
5	561.24	1.7896	-0.7078	1.7896	-0.7078	0	2	75	3.1058	4.2473	1	12.106	3.2474	0	-7.3438	3	-1	1	1	0	0	0
5	577.89	2.1113	-0.16086	2.1113	-0.16086	0	2	75	3.1058	4.2473	1	12.106	3.2474	0	-7.3438	3	-1	1	1	0	0	0
5	594.44	2.3928	0.41824	2.3928	0.41824	0	2	75	3.1058	4.2473	1	12.106	3.2474	0	-7.3438	3	-1	1	1	0	0	0
5	611	2.5537	0.67563	2.5537	0.67562	0	2	75	3.1058	4.2473	1	12.106	3.2474	0	-7.3438	3	-1	1	1	0	0	0
5	627.6	2.8955	1.2226	2.8955	1.2226	0	2	75	3.1058	4.2473	1	12.106	3.2474	0	-7.3438	3	-1	1	1	0	0	0
5	644.22	3.2374	1.7373	3.2374	1.7373	0	2	75	3.1058	4.2473	1	12.106	3.2474	0	-7.3438	3	-1	1	1	0	0	0
5	660.85	3.4384	1.9625	3.4384	1.9625	0	2	75	3.1058	4.2473	1	12.106	3.2474	0	-7.3438	3	-1	1	1	0	0	0
5	677.4	3.8004	2.3808	3.8004	2.3808	0	2	75	3.1058	4.2473	1	12.106	3.2474	0	-7.3438	3	-1	1	1	0	0	0
5	693.96	4.102	2.7347	4.102	2.7347	0	2	75	3.1058	4.2473	1	12.106	3.2474	0	-7.3438	3	-1	1	1	0	0	0
5	710.57	4.2227	2.8634	4.2227	2.8634	0	2	75	3.1058	4.2473	1	12.106	3.2474	0	-7.3438	3	-1	1	1	0	0	0
5	727.21	4.3433	3.0564	4.3433	3.0564	0	2	75	3.1058	4.2473	1	12.106	3.2474	0	-7.3438	3	-1	1	1	0	0	0
5	743.77	4.3835	3.1851	4.3835	3.1851	0	2	75	3.1058	4.2473	1	12.106	3.2474	0	-7.3438	3	-1	1	1	0	0	0
5	760.44	4.3835	3.2173	4.3835	3.2173	0	2	75	3.1058	4.2473	1	12.106	3.2474	0	-7.3438	3	-1	1	0	0	0	0
5	776.97	4.3031	3.2816	4.3031	3.2816	0	2	75	3.1058	4.2473	1	12.106	3.2474	0	-7.3438	3	-1	1	0	0	0	0
5	793.53	4.2629	3.346	4.2629	3.346	0	2	75	3.1058	4.2473	1	12.106	3.2474	0	-7.3438	3	-1	1	0	0	0	0
5	810.21	4.1422	3.4103	4.1422	3.4103	0	2	75	3.1058	4.2473	1	12.106	3.2474	0	-7.3438	3	-1	1	0	0	0	0
5	826.74	4.0417	3.4746	4.0417	3.4746	0	2	75	3.1058	4.2473	1	12.106	3.2474	0	-7.3438	3	-1	1	0	0	0	0
5	843.33	4.0015	3.5068	4.0015	3.5068	0	2	75	3.1058	4.2473	1	12.106	3.2474	0	-7.3438	3	-1	1	0	0	0	0
5	859.91	3.9814	3.539	3.9814	3.539	0	3	75	3.1058	4.2473	1	12.106	3.2474	0	-7.3438	3	-1	1	0	0	0	0
6	29.91	-0.42227	-7.5284	-0.42227	-7.5284	0	1	90	0	4.6562	1	9	3.6562	0	-7.3438	3	-1	1	0	0	0	0
6	46.489	-0.38205	-7.5606	-0.38205	-7.5606	0	1	90	0	4.6562	1	9	3.6562	0	-7.3438	3	-1	1	0	0	0	0
6	63.07	-0.32173	-7.5606	-0.32173	-7.5606	0	1	90	0	4.6562	1	9	3.6562	0	-7.3438	3	-1	1	0	0	0	0
6	79.651	-0.2614	-7.5927	-0.2614	-7.5927	0	1	90	0	4.6562	1	9	3.6562	0	-7.3438	3	-1	1	0	0	0	0
6	96.308	-0.24129	-7.5927	-0.24129	-7.5927	0	1	90	0	4.6562	1	9	3.6562	0	-7.3438	3	-1	1	0	0	0	0
6	112.86	-0.24129	-7.5927	-0.24129	-7.5927	0	1	90	0	4.6562	1	9	3.6562	0	-7.3438	3	-1	1	0	0	0	0
6	129.51	-0.24129	-7.5927	-0.24129	-7.5927	0	1	90	0	4.6562	1	9	3.6562	0	-7.3438	3	-1	1	0	0	0	0
6	146.04	-0.24129	-7.5927	-0.24129	-7.5927	0	1	90	0	4.6562	1	9	3.6562	0	-7.3438	3	-1	1	0	0	0	0
6	162.75	-0.24129	-7.5927	-0.24129	-7.5927	0	1	90	0	4.6562	1	9	3.6562	0	-7.3438	3	-1	1	0	0	0	0
6	179.22	-0.24129	-7.5927	-0.24129	-7.5927	0	1	90	0	4.6562	1	9	3.6562	0	-7.3438	3	-1	1	0	0	0	0
6	195.88	-0.24129	-7.5927	-0.24129	-7.5927	0	1	90	0	4.6562	1	9	3.6562	0	-7.3438	3	-1	1	0	0	0	0
6	212.5	-0.24129	-7.5927	-0.24129	-7.5927	0	1	90	0	4.6562	1	9	3.6562	0	-7.3438	3	-1	1	1	0	0	0
6	228.99	-0.24129	-7.5927	-0.24129	-7.5927	0	1	90	0	4.6562	1	9	3.6562	0	-7.3438	3	-1	1	1	0	0	0
6	245.65	-0.24129	-7.5927	-0.24129	-7.5927	0	1	90	0	4.6562	1	9	3.6562	0	-7.3438	3	-1	1	1	0	0	0
6	262.21	-0.24129	-7.5927	-0.24129	-7.5927	0	1	90	0	4.6562	1	9	3.6562	0	-7.3438	3	-1	1	1	0	0	0
6	278.78	-0.24129	-7.5927	-0.24129	-7.5927	0	1	90	0	4.6562	1	9	3.6562	0	-7.3438	3	-1	1	1	0	0	0
6	295.4	-0.24129	-7.5927	-0.24129	-7.5927	0	1	90	0	4.6562	1	9	3.6562	0	-7.3438	3	-1	1	1	0	0	0
6	311.99	-0.24129	-7.5927	-0.24129	-7.5927	0	1	90	0	4.6562	1	9	3.6562	0	-7.3438	3	-1	1	1	0	0	0
6	328.64	-0.24129	-7.5927	-0.24129	-7.5927	0	1	90	0	4.6562	1	9	3.6562	0	-7.3438	3	-1	1	1	0	0	0
6	345.17	-0.30162	-7.5284	-0.30162	-7.5284	0	1	90	0	4.6562	1	9	3.6562	0	-7.3438	3	-1	1	1	0	0	0
6	361.76	-0.44237	-7.3354	-0.44237	-7.3354	0	1	90	0	4.6562	1	9	3.6562	0	-7.3438	3	-1	1	1	0	0	0
6	378.32	-0.54291	-7.1423	-0.54291	-7.1423	0	1	90	0	4.6562	1	9	3.6562	0	-7.3438	3	-1	1	1	0	0	0
6	394.99	-0.82442	-6.6276	-0.82442	-6.6276	0	1	90	0	4.6562	1	9	3.6562	0	-7.3438	3	-1	1	1	0	0	0
6	411.54	-1.126	-5.9198	-1.126	-5.9198	0	1	90	0	4.6562	1	9	3.6562	0	-7.3438	3	-1	1	1	0	0	0
6	428.12	-1.2266	-5.5015	-1.2266	-5.5015	0	1	90	0	4.6562	1	9	3.6562	0	-7.3438	3	-1	1	1	0	0	0
6	444.7	-1.3673	-4.665	-1.3673	-4.665	0	2	90	0	4.6562	1	9	3.6562	0	-7.3438	3	-1	1	1	0	0	0
6	461.37	-1.4277	-3.8285	-1.4277	-3.8285	0	2	90	0	4.6562	1	9	3.6562	0	-7.3438	3	-1	1	1	0	0	0
6	477.96	-1.4277	-3.4103	-1.4277	-3.4103	0	2	90	0	4.6562	1	9	3.6562	0	-7.3438	3	-1	1	1	0	1	0
6	494.52	-1.4076	-2.5416	-1.4076	-2.5416	0	2	90	0	4.6562	1	9	3.6562	0	-7.3438	3	-1	1	1	0	0	0
6	511.09	-1.3673	-1.7051	-1.3673	-1.7051	0	2	90	0	4.6562	1	9	3.6562	0	-7.3438	3	-1	1	1	0	0	0
6	527.71	-1.3472	-1.3191	-1.3472	-1.3191	0	2	90	0	4.6562	1	9	3.6562	0	-7.3438	3	-1	1	1	0	0	0
6	544.3	-1.2869	-0.64345	-1.2869	-0.64345	0	2	90	0	4.6562	1	9	3.6562	0	-7.3438	3	-1	1	1	0	0	0
6	560.87	-1.2467	-0.12869	-1.2467	-0.12869	0	2	90	0	4.6562	1	9	3.6562	0	-7.3438	3	-1	1	1	0	0	0
6	577.52	-1.2065	0.096518	-1.2065	0.096518	0	2	90	0	4.6562	1	9	3.6562	0	-7.3438	3	-1	1	1	0	0	0
6	594.1	-1.1663	0.51476	-1.1663	0.51476	0	2	90	0	4.6562	1	9	3.6562	0	-7.3438	3	-1	1	1	0	0	0
6	610.63	-1.0858	0.90083	-1.0858	0.90083	0	2	90	0	4.6562	1	9	3.6562	0	-7.3438	3	-1	1	1	0	0	0
6	627.27	-1.0255	1.0939	-1.0255	1.0939	0	2	90	0	4.6562	1	9	3.6562	0	-7.3438	3	-1	1	1	0	0	0
6	643.97	-0.84453	1.4478	-0.84453	1.4478	0	2	90	0	4.6562	1	9	3.6562	0	-7.3438	3	-1	1	1	0	0	0
6	660.4	-0.58313	1.7695	-0.58313	1.7695	0	2	90	0	4.6562	1	9	3.6562	0	-7.3438	3	-1	1	1	0	0	0
6	677.02	-0.44237	1.8982	-0.44237	1.8982	0	2	90	0	4.6562	1	9	3.6562	0	-7.3438	3	-1	1	1	0	0	0
6	693.64	-0.14076	2.1556	-0.14076	2.1556	0	2	90	0	4.6562	1	9	3.6562	0	-7.3438	3	-1	1	1	0	0	0
6	710.23	0.18097	2.3808	0.18097	2.3808	0	2	90	0	4.6562	1	9	3.6562	0	-7.3438	3	-1	1	1	0	0	0
6	726.82	0.34183	2.5095	0.34183	2.5095	0	2	90	0	4.6562	1	9	3.6562	0	-7.3438	3	-1	1	1	0	0	0
6	743.45	0.64345	2.7025	0.64345	2.7025	0	2	90	0	4.6562	1	9	3.6562	0	-7.3438	3	-1	1	1	0	0	0
6	760.01	0.88475	2.8312	0.88475	2.8312	0	2	90	0	4.6562	1	9	3.6562	0	-7.3438	3	-1	1	1	0	0	0
6	776.63	0.96518	2.8955	0.96518	2.8955	0	2	90	0	4.6562	1	9	3.6562	0	-7.3438	3	-1	1	1	0	0	0
6	793.25	1.1059	2.9599	1.1059	2.9599	0	2	90	0	4.6562	1	9	3.6562	0	-7.3438	3	-1	1	1	0	0	0
6	809.78	1.1663	2.9921	1.1663	2.9921	0	2	90	0	4.6562	1	9	3.6562	0	-7.3438	3	-1	1	1	0	0	0
6	826.39	1.2266	3.0242	1.2266	3.0242	0	2	90	0	4.6562	1	9	3.6562	0	-7.3438	3	-1	1	1	0	0	0
6	842.98	1.2467	3.0242	1.2467	3.0242	0	2	90	0	4.6562	1	9	3.6562	0	-7.3438	3	-1	1	1	0	0	0
6	859.6	1.2467	3.0242	1.2467	3.0242	0	2	90	0	4.6562	1	9	3.6562	0	-7.3438	3	-1	1	0	0	0	0
6	876.14	1.2467	3.0242	1.2467	3.0242	0	2	90	0	4.6562	1	9	3.6562	0	-7.3438	3	-1	1	0	0	0	0
6	892.76	1.2467	3.0242	1.2467	3.0242	0	2	90	0	4.6562	1	9	3.6562	0	-7.3438	3	-1	1	0	0	0	0
6	909.38	1.2467	3.0242	1.2467	3.0242	0	3	90	0	4.6562	1	9	3.6562	0	-7.3438	3	-1	1	0	0	0	0
7	30.865	-0.060324	-7.1101	-0.060324	-7.1101	0	1	105	-3.1058	4.2473	1	5.8942	3.2474	0	-7.3438	3	-1	1	0	0	0	0
7	47.419	-0.10054	-7.3675	-0.10054	-7.3675	0	1	105	-3.1058	4.2473	1	5.8942	3.2474	0	-7.3438	3	-1	1	0	0	0	0
7	63.994	-0.12065	-7.4962	-0.12065	-7.4962	0	1	105	-3.1058	4.2473	1	5.8942	3.2474	0	-7.3438	3	-1	1	0	0	0	0
7	80.583	-0.14076	-7.5927	-0.14076	-7.5927	0	1	105	-3.1058	4.2473	1	5.8942	3.2474	0	-7.3438	3	-1	1	0	0	0	0
7	97.222	-0.14076	-7.6249	-0.14076	-7.6249	0	1	105	-3.1058	4.2473	1	5.8942	3.2474	0	-7.3438	3	-1	1	0	0	0	0
7	113.77	-0.14076	-7.6249	-0.14076	-7.6249	0	1	105	-3.1058	4.2473	1	5.8942	3.2474	0	-7.3438	3	-1	1	0	0	0	0
7	130.46	-0.14076	-7.6249	-0.14076	-7.6249	0	1	105	-3.1058	4.2473	1	5.8942	3.2474	0	-7.3438	3	-1	1	0	0	0	0
7	146.98	-0.16086	-7.6249	-0.16086	-7.6249	0	1	105	-3.1058	4.2473	1	5.8942	3.2474	0	-7.3438	3	-1	1	0	0	0	0
7	163.57	-0.16086	-7.6249	-0.16086	-7.6249	0	1	105	-3.1058	4.2473	1	5.8942	3.2474	0	-7.3438	3	-1	1	0	0	0	0
7	180.2	-0.16086	-7.6249	-0.16086	-7.6249	0	1	105	-3.1058	4.2473	1	5.8942	3.2474	0	-7.3438	3	-1	1	0	0	0	0
7	196.77	-0.18097	-7.6249	-0.18097	-7.6249	0	1	105	-3.1058	4.2473	1	5.8942	3.2474	0	-7.3438	3	-1	1	0	0	0	0
7	213.37	-0.18097	-7.6249	-0.18097	-7.6249	0	1	105	-3.1058	4.2473	1	5.8942	3.2474	0	-7.3438	3	-1	1	0	0	0	0
7	229.94	-0.18097	-7.6249	-0.18097	-7.6249	0	1	105	-3.1058	4.2473	1	5.8942	3.2474	0	-7.3438	3	-1	1	1	0	0	0
7	246.6	-0.18097	-7.6249	-0.18097	-7.6249	0	1	105	-3.1058	4.2473	1	5.8942	3.2474	0	-7.3438	3	-1	1	1	0	0	0
7	263.16	-0.18097	-7.6249	-0.18097	-7.6249	0	1	105	-3.1058	4.2473	1	5.8942	3.2474	0	-7.3438	3	-1	1	1	0	0	0
7	279.68	-0.18097	-7.6249	-0.18097	-7.6249	0	1	105	-3.1058	4.2473	1	5.8942	3.2474	0	-7.3438	3	-1	1	1	0	0	0
7	296.34	-0.18097	-7.6249	-0.18097	-7.6249	0	1	105	-3.1058	4.2473	1	5.8942	3.2474	0	-7.3438	3	-1	1	1	0	0	0
7	312.9	-0.18097	-7.6249	-0.18097	-7.6249	0	1	105	-3.1058	4.2473	1	5.8942	3.2474	0	-7.3438	3	-1	1	1	0	0	0
7	329.56	-0.18097	-7.6249	-0.18097	-7.6249	0	1	105	-3.1058	4.2473	1	5.8942	3.2474	0	-7.3438	3	-1	1	1	0	0	0
7	346.11	-0.20108	-7.5606	-0.20108	-7.5606	0	1	105	-3.1058	4.2473	1	5.8942	3.2474	0	-7.3438	3	-1	1	1	0	0	0
7	362.73	-0.22119	-7.5284	-0.22119	-7.5284	0	1	105	-3.1058	4.2473	1	5.8942	3.2474	0	-7.3438	3	-1	1	1	0	0	0
7	379.38	-0.30162	-7.3354	-0.30162	-7.3354	0	1	105	-3.1058	4.2473	1	5.8942	3.2474	0	-7.3438	3	-1	1	1	0	0	0
7	395.86	-0.44237	-7.0136	-0.44237	-7.0136	0	1	105	-3.1058	4.2473	1	5.8942	3.2474	0	-7.3438	3	-1	1	1	0	0	0
7	412.47	-0.52281	-6.7562	-0.52281	-6.7562	0	1	105	-3.1058	4.2473	1	5.8942	3.2474	0	-7.3438	3	-1	1	1	0	0	0
7	429.09	-0.68367	-6.145	-0.68367	-6.145	0	1	105	-3.1058	4.2473	1	5.8942	3.2474	0	-7.3438	3	-1	1	1	0	0	0
7	445.64	-0.80432	-5.4372	-0.80432	-5.4372	0	1	105	-3.1058	4.2473	1	5.8942	3.2474	0	-7.3438	3	-1	1	1	0	0	0
7	462.25	-0.86464	-5.0511	-0.86464	-5.0511	0	2	105	-3.1058	4.2473	1	5.8942	3.2474	0	-7.3438	3	-1	1	1	0	0	0
7	478.83	-0.98529	-4.3433	-0.98529	-4.3433	0	2	105	-3.1058	4.2473	1	5.8942	3.2474	0	-7.3438	3	-1	1	1	0	1	0
7	495.5	-1.1663	-3.6355	-1.1663	-3.6355	0	2	105	-3.1058	4.2473	1	5.8942	3.2474	0	-7.3438	3	-1	1	1	0	0	0
7	512.04	-1.4478	-2.9277	-1.4478	-2.9277	0	2	105	-3.1058	4.2473	1	5.8942	3.2474	0	-7.3438	3	-1	1	1	0	0	0
7	528.63	-1.6086	-2.5738	-1.6086	-2.5738	0	2	105	-3.1058	4.2473	1	5.8942	3.2474	0	-7.3438	3	-1	1	1	0	0	0
7	545.26	-1.9102	-1.9625	-1.9102	-1.9625	0	2	105	-3.1058	4.2473	1	5.8942	3.2474	0	-7.3438	3	-1	1	1	0	0	0
7	561.79	-2.051	-1.7373	-2.051	-1.7373	0	2	105	-3.1058	4.2473	1	5.8942	3.2474	0	-7.3438	3	-1	1	1	0	0	0
7	578.5	-2.3526	-1.3191	-2.3526	-1.3191	0	2	105	-3.1058	4.2473	1	5.8942	3.2474	0	-7.3438	3	-1	1	1	0	0	0
7	594.99	-2.6743	-0.90083	-2.6743	-0.90083	0	2	105	-3.1058	4.2473	1	5.8942	3.2474	0	-7.3438	3	-1	1	1	0	0	0
7	611.71	-2.8151	-0.67563	-2.8151	-0.67562	0	2	105	-3.1058	4.2473	1	5.8942	3.2474	0	-7.3438	3	-1	1	1	0	0	0
7	628.19	-3.0966	-0.25738	-3.0966	-0.25738	0	2	105	-3.1058	4.2473	1	5.8942	3.2474	0	-7.3438	3	-1	1	1	0	0	0
7	644.79	-3.3178	0.19304	-3.3178	0.19304	0	2	105	-3.1058	4.2473	1	5.8942	3.2474	0	-7.3438	3	-1	1	1	0	0	0
7	661.39	-3.4183	0.41824	-3.4183	0.41824	0	2	105	-3.1058	4.2473	1	5.8942	3.2474	0	-7.3438	3	-1	1	1	0	0	0
7	678.04	-3.5993	0.77214	-3.5993	0.77214	0	2	105	-3.1058	4.2473	1	5.8942	3.2474	0	-7.3438	3	-1	1	1	0	0	0
7	694.57	-3.7602	1.0939	-3.7602	1.0939	0	2	105	-3.1058	4.2473	1	5.8942	3.2474	0	-7.3438	3	-1	1	1	0	0	0
7	711.18	-3.8406	1.2547	-3.8406	1.2547	0	2	105	-3.1058	4.2473	1	5.8942	3.2474	0	-7.3438	3	-1	1	1	0	0	0
7	727.88	-3.9613	1.5765	-3.9613	1.5765	0	2	105	-3.1058	4.2473	1	5.8942	3.2474	0	-7.3438	3	-1	1	1	0	0	0
7	744.49	-4.0216	1.8982	-4.0216	1.8982	0	2	105	-3.1058	4.2473	1	5.8942	3.2474	0	-7.3438	3	-1	1	1	0	0	0
7	760.98	-4.0417	2.059	-4.0417	2.059	0	2	105	-3.1058	4.2473	1	5.8942	3.2474	0	-7.3438	3	-1	1	1	0	0	0
7	777.62	-4.0417	2.2843	-4.0417	2.2843	0	2	105	-3.1058	4.2473	1	5.8942	3.2474	0	-7.3438	3	-1	1	1	0	0	0
7	794.11	-4.0618	2.4773	-4.0618	2.4773	0	2	105	-3.1058	4.2473	1	5.8942	3.2474	0	-7.3438	3	-1	1	1	0	0	0
7	810.7	-4.0618	2.5416	-4.0618	2.5416	0	2	105	-3.1058	4.2473	1	5.8942	3.2474	0	-7.3438	3	-1	1	1	0	0	0
7	827.33	-4.102	2.7025	-4.102	2.7025	0	2	105	-3.1058	4.2473	1	5.8942	3.2474	0	-7.3438	3	-1	1	1	0	0	0
7	843.94	-4.1221	2.7668	-4.1221	2.7668	0	2	105	-3.1058	4.2473	1	5.8942	3.2474	0	-7.3438	3	-1	1	1	0	0	0
7	860.5	-4.1623	2.9277	-4.1623	2.9277	0	2	105	-3.1058	4.2473	1	5.8942	3.2474	0	-7.3438	3	-1	1	1	0	0	0
7	877.13	-4.2227	3.0886	-4.2227	3.0886	0	2	105	-3.1058	4.2473	1	5.8942	3.2474	0	-7.3438	3	-1	1	1	0	0	0
7	893.68	-4.283	3.1851	-4.283	3.1851	0	2	105	-3.1058	4.2473	1	5.8942	3.2474	0	-7.3438	3	-1	1	0	0	0	0
7	910.28	-4.3031	3.2494	-4.3031	3.2494	0	2	105	-3.1058	4.2473	1	5.8942	3.2474	0	-7.3438	3	-1	1	0	0	0	0
7	926.91	-4.3433	3.2816	-4.3433	3.2816	0	2	105	-3.1058	4.2473	1	5.8942	3.2474	0	-7.3438	3	-1	1	0	0	0	0
7	943.47	-4.3634	3.3138	-4.3634	3.3138	0	3	105	-3.1058	4.2473	1	5.8942	3.2474	0	-7.3438	3	-1	1	0	0	0	0
8	30.32	0.42227	-7.5284	0.42227	-7.5284	0	1	75	3.1058	4.2473	1	12.106	3.2474	0	-7.3438	3	-1	1	0	0	0	0
8	46.987	0.42227	-7.4962	0.42227	-7.4962	0	1	75	3.1058	4.2473	1	12.106	3.2474	0	-7.3438	3	-1	1	0	0	0	0
8	63.579	0.42227	-7.5284	0.42227	-7.5284	0	1	75	3.1058	4.2473	1	12.106	3.2474	0	-7.3438	3	-1	1	0	0	0	0
8	80.172	0.42227	-7.5284	0.42227	-7.5284	0	1	75	3.1058	4.2473	1	12.106	3.2474	0	-7.3438	3	-1	1	0	0	0	0
8	96.712	0.42227	-7.5284	0.42227	-7.5284	0	1	75	3.1058	4.2473	1	12.106	3.2474	0	-7.3438	3	-1	1	0	0	0	0
8	113.33	0.42227	-7.5284	0.42227	-7.5284	0	1	75	3.1058	4.2473	1	12.106	3.2474	0	-7.3438	3	-1	1	0	0	0	0
8	129.86	0.42227	-7.5284	0.42227	-7.5284	0	1	75	3.1058	4.2473	1	12.106	3.2474	0	-7.3438	3	-1	1	0	0	0	0
8	146.46	0.42227	-7.5284	0.42227	-7.5284	0	1	75	3.1058	4.2473	1	12.106	3.2474	0	-7.3438	3	-1	1	1	0	0	0
8	163.14	0.42227	-7.5284	0.42227	-7.5284	0	1	75	3.1058	4.2473	1	12.106	3.2474	0	-7.3438	3	-1	1	1	0	0	0
8	179.74	0.42227	-7.5284	0.42227	-7.5284	0	1	75	3.1058	4.2473	1	12.106	3.2474	0	-7.3438	3	-1	1	1	0	0	0
8	196.3	0.42227	-7.5284	0.42227	-7.5284	0	1	75	3.1058	4.2473	1	12.106	3.2474	0	-7.3438	3	-1	1	1	0	0	0
8	212.83	0.42227	-7.5284	0.42227	-7.5284	0	1	75	3.1058	4.2473	1	12.106	3.2474	0	-7.3438	3	-1	1	1	0	0	0
8	229.47	0.42227	-7.4962	0.42227	-7.4962	0	1	75	3.1058	4.2473	1	12.106	3.2474	0	-7.3438	3	-1	1	1	0	0	0
8	246.06	0.40216	-7.4962	0.40216	-7.4962	0	1	75	3.1058	4.2473	1	12.106	3.2474	0	-7.3438	3	-1	1	1	0	0	0
8	262.62	0.38205	-7.3997	0.38205	-7.3997	0	1	75	3.1058	4.2473	1	12.106	3.2474	0	-7.3438	3	-1	1	1	0	0	0
8	279.25	0.34183	-7.3032	0.34183	-7.3032	0	1	75	3.1058	4.2473	1	12.106	3.2474	0	-7.3438	3	-1	1	1	0	0	0
8	295.92	0.22119	-6.9493	0.22119	-6.9493	0	1	75	3.1058	4.2473	1	12.106	3.2474	0	-7.3438	3	-1	1	1	0	0	0
8	312.42	0.080432	-6.4024	0.080432	-6.4024	0	1	75	3.1058	4.2473	1	12.106	3.2474	0	-7.3438	3	-1	1	1	0	0	0
8	328.99	0.020108	-6.0485	0.020108	-6.0485	0	1	75	3.1058	4.2473	1	12.106	3.2474	0	-7.3438	3	-1	1	1	0	0	0
8	345.6	-0.040216	-5.2441	-0.040216	-5.2441	0	1	75	3.1058	4.2473	1	12.106	3.2474	0	-7.3438	3	-1	1	1	0	0	0
8	362.21	-0.020108	-4.3433	-0.020108	-4.3433	0	2	75	3.1058	4.2473	1	12.106	3.2474	0	-7.3438	3	-1	1	1	0	0	0
8	378.77	0.020108	-3.8929	0.020108	-3.8929	0	2	75	3.1058	4.2473	1	12.106	3.2474	0	-7.3438	3	-1	1	1	0	1	0
8	395.42	0.12065	-2.9921	0.12065	-2.9921	0	2	75	3.1058	4.2473	1	12.106	3.2474	0	-7.3438	3	-1	1	1	0	0	0
8	411.98	0.2614	-2.0912	0.2614	-2.0912	0	2	75	3.1058	4.2473	1	12.106	3.2474	0	-7.3438	3	-1	1	1	0	0	0
8	428.56	0.36194	-1.673	0.36194	-1.673	0	2	75	3.1058	4.2473	1	12.106	3.2474	0	-7.3438	3	-1	1	1	0	0	0
8	445.22	0.54291	-0.99735	0.54291	-0.99735	0	2	75	3.1058	4.2473	1	12.106	3.2474	0	-7.3438	3	-1	1	1	0	0	0
8	461.81	0.70378	-0.41824	0.70378	-0.41824	0	2	75	3.1058	4.2473	1	12.106	3.2474	0	-7.3438	3	-1	1	1	0	0	0
8	478.35	0.7641	-0.16086	0.7641	-0.16086	0	2	75	3.1058	4.2473	1	12.106	3.2474	0	-7.3438	3	-1	1	1	0	0	0
8	494.94	0.90485	0.32173	0.90485	0.32173	0	2	75	3.1058	4.2473	1	12.106	3.2474	0	-7.3438	3	-1	1	1	0	0	0
8	511.59	1.0657	0.80432	1.0657	0.80432	0	2	75	3.1058	4.2473	1	12.106	3.2474	0	-7.3438	3	-1	1	1	0	0	0
8	528.16	1.1864	0.99735	1.1864	0.99735	0	2	75	3.1058	4.2473	1	12.106	3.2474	0	-7.3438	3	-1	1	1	0	0	0
8	544.72	1.4277	1.3513	1.4277	1.3512	0	2	75	3.1058	4.2473	1	12.106	3.2474	0	-7.3438	3	-1	1	1	0	0	0
8	561.29	1.7494	1.673	1.7494	1.673	0	2	75	3.1058	4.2473	1	12.106	3.2474	0	-7.3438	3	-1	1	1	0	0	0
8	577.88	1.9304	1.8017	1.9304	1.8017	0	2	75	3.1058	4.2473	1	12.106	3.2474	0	-7.3438	3	-1	1	1	0	0	0
8	594.53	2.3124	2.059	2.3124	2.059	0	2	75	3.1058	4.2473	1	12.106	3.2474	0	-7.3438	3	-1	1	1	0	0	0
8	611.14	2.7347	2.3486	2.7347	2.3486	0	2	75	3.1058	4.2473	1	12.106	3.2474	0	-7.3438	3	-1	1	1	0	0	0
8	627.73	2.9559	2.4773	2.9559	2.4773	0	2	75	3.1058	4.2473	1	12.106	3.2474	0	-7.3438	3	-1	1	1	0	0	0
8	644.36	3.3781	2.7347	3.3781	2.7347	0	2	75	3.1058	4.2473	1	12.106	3.2474	0	-7.3438	3	-1	1	1	0	0	0
8	660.91	3.7803	2.9277	3.7803	2.9277	0	2	75	3.1058	4.2473	1	12.106	3.2474	0	-7.3438	3	-1	1	1	0	0	0
8	677.49	3.9814	3.0242	3.9814	3.0242	0	2	75	3.1058	4.2473	1	12.106	3.2474	0	-7.3438	3	-1	1	1	0	0	0
8	694.08	4.3031	3.1851	4.3031	3.1851	0	2	75	3.1058	4.2473	1	12.106	3.2474	0	-7.3438	3	-1	1	1	0	0	0
8	710.66	4.5645	3.2816	4.5645	3.2816	0	2	75	3.1058	4.2473	1	12.106	3.2474	0	-7.3438	3	-1	1	1	0	0	0
8	727.36	4.6851	3.3138	4.6851	3.3138	0	2	75	3.1058	4.2473	1	12.106	3.2474	0	-7.3438	3	-1	1	1	0	0	0
8	743.87	4.8862	3.4103	4.8862	3.4103	0	2	75	3.1058	4.2473	1	12.106	3.2474	0	-7.3438	3	-1	1	1	0	0	0
8	760.55	4.9666	3.4746	4.9666	3.4746	0	2	75	3.1058	4.2473	1	12.106	3.2474	0	-7.3438	3	-1	1	1	0	0	0
8	777.08	5.1275	3.539	5.1275	3.539	0	2	75	3.1058	4.2473	1	12.106	3.2474	0	-7.3438	3	-1	1	1	0	0	0
8	793.74	5.2281	3.5712	5.2281	3.5712	0	2	75	3.1058	4.2473	1	12.106	3.2474	0	-7.3438	3	-1	1	0	0	0	0
8	810.36	5.2884	3.6033	5.2884	3.6033	0	2	75	3.1058	4.2473	1	12.106	3.2474	0	-7.3438	3	-1	1	0	0	0	0
8	826.93	5.2884	3.6033	5.2884	3.6033	0	2	75	3.1058	4.2473	1	12.106	3.2474	0	-7.3438	3	-1	1	0	0	0	0
8	843.44	5.3085	3.6033	5.3085	3.6033	0	2	75	3.1058	4.2473	1	12.106	3.2474	0	-7.3438	3	-1	1	0	0	0	0
8	860.02	5.3085	3.6033	5.3085	3.6033	0	2	75	3.1058	4.2473	1	12.106	3.2474	0	-7.3438	3	-1	1	0	0	0	0
8	876.62	5.3085	3.6033	5.3085	3.6033	0	3	75	3.1058	4.2473	1	12.106	3.2474	0	-7.3438	3	-1	1	0	0	0	0
9	30.511	-0.22119	-7.3032	-0.22119	-7.3032	0	1	105	-3.1058	4.2473	1	5.8942	3.2474	0	-7.3438	3	-1	1	0	0	0	0
9	47.086	-0.30162	-7.5284	-0.30162	-7.5284	0	1	105	-3.1058	4.2473	1	5.8942	3.2474	0	-7.3438	3	-1	1	0	0	0	0
9	63.732	-0.32173	-7.5927	-0.32173	-7.5927	0	1	105	-3.1058	4.2473	1	5.8942	3.2474	0	-7.3438	3	-1	1	0	0	0	0
9	80.313	-0.32173	-7.5606	-0.32173	-7.5606	0	1	105	-3.1058	4.2473	1	5.8942	3.2474	0	-7.3438	3	-1	1	0	0	0	0
9	96.872	-0.32173	-7.5927	-0.32173	-7.5927	0	1	105	-3.1058	4.2473	1	5.8942	3.2474	0	-7.3438	3	-1	1	0	0	0	0
9	113.55	-0.32173	-7.5927	-0.32173	-7.5927	0	1	105	-3.1058	4.2473	1	5.8942	3.2474	0	-7.3438	3	-1	1	0	0	0	0
9	130.05	-0.32173	-7.5927	-0.32173	-7.5927	0	1	105	-3.1058	4.2473	1	5.8942	3.2474	0	-7.3438	3	-1	1	0	0	0	0
9	146.66	-0.32173	-7.5927	-0.32173	-7.5927	0	1	105	-3.1058	4.2473	1	5.8942	3.2474	0	-7.3438	3	-1	1	0	0	0	0
9	163.28	-0.32173	-7.5927	-0.32173	-7.5927	0	1	105	-3.1058	4.2473	1	5.8942	3.2474	0	-7.3438	3	-1	1	0	0	0	0
9	179.95	-0.32173	-7.5927	-0.32173	-7.5927	0	1	105	-3.1058	4.2473	1	5.8942	3.2474	0	-7.3438	3	-1	1	0	0	0	0
9	196.44	-0.32173	-7.5927	-0.32173	-7.5927	0	1	105	-3.1058	4.2473	1	5.8942	3.2474	0	-7.3438	3	-1	1	0	0	0	0
9	213.09	-0.32173	-7.5927	-0.32173	-7.5927	0	1	105	-3.1058	4.2473	1	5.8942	3.2474	0	-7.3438	3	-1	1	1	0	0	0
9	229.6	-0.32173	-7.5927	-0.32173	-7.5927	0	1	105	-3.1058	4.2473	1	5.8942	3.2474	0	-7.3438	3	-1	1	1	0	0	0
9	246.27	-0.32173	-7.5927	-0.32173	-7.5927	0	1	105	-3.1058	4.2473	1	5.8942	3.2474	0	-7.3438	3	-1	1	1	0	0	0
9	262.8	-0.32173	-7.5606	-0.32173	-7.5606	0	1	105	-3.1058	4.2473	1	5.8942	3.2474	0	-7.3438	3	-1	1	1	0	0	0
9	279.42	-0.32173	-7.5606	-0.32173	-7.5606	0	1	105	-3.1058	4.2473	1	5.8942	3.2474	0	-7.3438	3	-1	1	1	0	0	0
9	295.98	-0.32173	-7.5606	-0.32173	-7.5606	0	1	105	-3.1058	4.2473	1	5.8942	3.2474	0	-7.3438	3	-1	1	1	0	0	0
9	312.63	-0.36194	-7.4962	-0.36194	-7.4962	0	1	105	-3.1058	4.2473	1	5.8942	3.2474	0	-7.3438	3	-1	1	1	0	0	0
9	329.19	-0.52281	-7.2067	-0.52281	-7.2067	0	1	105	-3.1058	4.2473	1	5.8942	3.2474	0	-7.3438	3	-1	1	1	0	0	0
9	345.8	-0.62334	-7.0136	-0.62334	-7.0136	0	1	105	-3.1058	4.2473	1	5.8942	3.2474	0	-7.3438	3	-1	1	1	0	0	0
9	362.4	-0.90485	-6.3702	-0.90485	-6.3702	0	1	105	-3.1058	4.2473	1	5.8942	3.2474	0	-7.3438	3	-1	1	1	0	0	0
9	378.96	-1.1864	-5.5337	-1.1864	-5.5337	0	1	105	-3.1058	4.2473	1	5.8942	3.2474	0	-7.3438	3	-1	1	1	0	0	0
9	395.59	-1.3271	-5.0511	-1.3271	-5.0511	0	2	105	-3.1058	4.2473	1	5.8942	3.2474	0	-7.3438	3	-1	1	1	0	0	0
9	412.18	-1.5483	-4.0537	-1.5483	-4.0537	0	2	105	-3.1058	4.2473	1	5.8942	3.2474	0	-7.3438	3	-1	1	1	0	1	0
9	428.78	-1.7092	-3.1207	-1.7092	-3.1207	0	2	105	-3.1058	4.2473	1	5.8942	3.2474	0	-7.3438	3	-1	1	1	0	0	0
9	445.36	-1.7896	-2.7025	-1.7896	-2.7025	0	2	105	-3.1058	4.2473	1	5.8942	3.2474	0	-7.3438	3	-1	1	1	0	0	0
9	461.94	-1.9706	-1.8982	-1.9706	-1.8982	0	2	105	-3.1058	4.2473	1	5.8942	3.2474	0	-7.3438	3	-1	1	1	0	0	0
9	478.56	-2.1515	-1.1904	-2.1515	-1.1904	0	2	105	-3.1058	4.2473	1	5.8942	3.2474	0	-7.3438	3	-1	1	1	0	0	0
9	495.14	-2.232	-0.83649	-2.232	-0.83649	0	2	105	-3.1058	4.2473	1	5.8942	3.2474	0	-7.3438	3	-1	1	1	0	0	0
9	511.73	-2.4331	-0.25738	-2.4331	-0.25738	0	2	105	-3.1058	4.2473	1	5.8942	3.2474	0	-7.3438	3	-1	1	1	0	0	0
9	528.32	-2.6542	0.22521	-2.6542	0.22521	0	2	105	-3.1058	4.2473	1	5.8942	3.2474	0	-7.3438	3	-1	1	1	0	0	0
9	544.91	-2.7749	0.41824	-2.7749	0.41824	0	2	105	-3.1058	4.2473	1	5.8942	3.2474	0	-7.3438	3	-1	1	1	0	0	0
9	561.55	-3.0564	0.7078	-3.0564	0.7078	0	2	105	-3.1058	4.2473	1	5.8942	3.2474	0	-7.3438	3	-1	1	1	0	0	0
9	578.19	-3.3379	0.93301	-3.3379	0.93301	0	2	105	-3.1058	4.2473	1	5.8942	3.2474	0	-7.3438	3	-1	1	1	0	0	0
9	594.73	-3.4586	1.0617	-3.4586	1.0617	0	2	105	-3.1058	4.2473	1	5.8942	3.2474	0	-7.3438	3	-1	1	1	0	0	0
9	611.27	-3.6797	1.2869	-3.6797	1.2869	0	2	105	-3.1058	4.2473	1	5.8942	3.2474	0	-7.3438	3	-1	1	1	0	0	0
9	627.87	-3.8607	1.5443	-3.8607	1.5443	0	2	105	-3.1058	4.2473	1	5.8942	3.2474	0	-7.3438	3	-1	1	1	0	0	0
9	644.45	-3.9411	1.673	-3.9411	1.673	0	2	105	-3.1058	4.2473	1	5.8942	3.2474	0	-7.3438	3	-1	1	1	0	0	0
9	661.07	-4.0618	1.9304	-4.0618	1.9304	0	2	105	-3.1058	4.2473	1	5.8942	3.2474	0	-7.3438	3	-1	1	1	0	0	0
9	677.65	-4.102	2.059	-4.102	2.059	0	2	105	-3.1058	4.2473	1	5.8942	3.2474	0	-7.3438	3	-1	1	1	0	0	0
9	694.3	-4.1623	2.2843	-4.1623	2.2843	0	2	105	-3.1058	4.2473	1	5.8942	3.2474	0	-7.3438	3	-1	1	1	0	0	0
9	710.87	-4.2025	2.4773	-4.2025	2.4773	0	2	105	-3.1058	4.2473	1	5.8942	3.2474	0	-7.3438	3	-1	1	1	0	0	0
9	727.48	-4.2227	2.6382	-4.2227	2.6382	0	2	105	-3.1058	4.2473	1	5.8942	3.2474	0	-7.3438	3	-1	1	1	0	0	0
9	744.17	-4.2428	2.7025	-4.2428	2.7025	0	2	105	-3.1058	4.2473	1	5.8942	3.2474	0	-7.3438	3	-1	1	1	0	0	0
9	760.72	-4.3031	2.7668	-4.3031	2.7668	0	2	105	-3.1058	4.2473	1	5.8942	3.2474	0	-7.3438	3	-1	1	1	0	0	0
9	777.29	-4.3232	2.799	-4.3232	2.799	0	2	105	-3.1058	4.2473	1	5.8942	3.2474	0	-7.3438	3	-1	1	1	0	0	0
9	793.86	-4.3634	2.8634	-4.3634	2.8634	0	2	105	-3.1058	4.2473	1	5.8942	3.2474	0	-7.3438	3	-1	1	0	0	0	0
9	810.44	-4.3835	2.9277	-4.3835	2.9277	0	2	105	-3.1058	4.2473	1	5.8942	3.2474	0	-7.3438	3	-1	1	0	0	0	0
9	827.05	-4.4036	2.9599	-4.4036	2.9599	0	3	105	-3.1058	4.2473	1	5.8942	3.2474	0	-7.3438	3	-1	1	0	0	0	0
10	30.807	0.70378	-7.4319	0.70378	-7.4319	0	1	90	0	4.6562	1	9	3.6562	0	-7.3438	3	-1	1	0	0	0	0
10	47.398	0.70378	-7.4319	0.70378	-7.4319	0	1	90	0	4.6562	1	9	3.6562	0	-7.3438	3	-1	1	0	0	0	0
10	64.012	0.70378	-7.4319	0.70378	-7.4319	0	1	90	0	4.6562	1	9	3.6562	0	-7.3438	3	-1	1	0	0	0	0
10	80.581	0.70378	-7.4319	0.70378	-7.4319	0	1	90	0	4.6562	1	9	3.6562	0	-7.3438	3	-1	1	0	0	0	0
10	97.248	0.68367	-7.464	0.68367	-7.464	0	1	90	0	4.6562	1	9	3.6562	0	-7.3438	3	-1	1	0	0	0	0
10	113.82	0.66356	-7.464	0.66356	-7.464	0	1	90	0	4.6562	1	9	3.6562	0	-7.3438	3	-1	1	0	0	0	0
10	130.45	0.64345	-7.464	0.64345	-7.464	0	1	90	0	4.6562	1	9	3.6562	0	-7.3438	3	-1	1	0	0	0	0
10	147	0.64345	-7.464	0.64345	-7.464	0	1	90	0	4.6562	1	9	3.6562	0	-7.3438	3	-1	1	1	0	0	0
10	163.58	0.64345	-7.464	0.64345	-7.464	0	1	90	0	4.6562	1	9	3.6562	0	-7.3438	3	-1	1	1	0	0	0
10	180.18	0.64345	-7.464	0.64345	-7.464	0	1	90	0	4.6562	1	9	3.6562	0	-7.3438	3	-1	1	1	0	0	0
10	196.78	0.64345	-7.464	0.64345	-7.464	0	1	90	0	4.6562	1	9	3.6562	0	-7.3438	3	-1	1	1	0	0	0
10	213.34	0.64345	-7.464	0.64345	-7.464	0	1	90	0	4.6562	1	9	3.6562	0	-7.3438	3	-1	1	1	0	0	0
10	229.99	0.64345	-7.464	0.64345	-7.464	0	1	90	0	4.6562	1	9	3.6562	0	-7.3438	3	-1	1	1	0	0	0
10	246.62	0.62334	-7.3997	0.62334	-7.3997	0	1	90	0	4.6562	1	9	3.6562	0	-7.3438	3	-1	1	1	0	0	0
10	263.18	0.60324	-7.3032	0.60324	-7.3032	0	1	90	0	4.6562	1	9	3.6562	0	-7.3438	3	-1	1	1	0	0	0
10	279.78	0.54291	-7.0458	0.54291	-7.0458	0	1	90	0	4.6562	1	9	3.6562	0	-7.3438	3	-1	1	1	0	0	0
10	296.3	0.44237	-6.5954	0.44237	-6.5954	0	1	90	0	4.6562	1	9	3.6562	0	-7.3438	3	-1	1	1	0	0	0
10	312.9	0.38205	-6.3058	0.38205	-6.3058	0	1	90	0	4.6562	1	9	3.6562	0	-7.3438	3	-1	1	1	0	0	0
10	329.54	0.34183	-5.6624	0.34183	-5.6624	0	1	90	0	4.6562	1	9	3.6562	0	-7.3438	3	-1	1	1	0	0	0
10	346.1	0.36194	-4.9224	0.36194	-4.9224	0	1	90	0	4.6562	1	9	3.6562	0	-7.3438	3	-1	1	1	0	0	0
10	362.68	0.36194	-4.5363	0.36194	-4.5363	0	2	90	0	4.6562	1	9	3.6562	0	-7.3438	3	-1	1	1	0	0	0
10	379.39	0.34183	-3.732	0.34183	-3.732	0	2	90	0	4.6562	1	9	3.6562	0	-7.3438	3	-1	1	1	0	1	0
10	395.89	0.28151	-2.799	0.28151	-2.799	0	2	90	0	4.6562	1	9	3.6562	0	-7.3438	3	-1	1	1	0	0	0
10	412.52	0.2614	-2.3486	0.2614	-2.3486	0	2	90	0	4.6562	1	9	3.6562	0	-7.3438	3	-1	1	1	0	0	0
10	429.17	0.22119	-1.5443	0.22119	-1.5443	0	2	90	0	4.6562	1	9	3.6562	0	-7.3438	3	-1	1	1	0	0	0
10	445.72	0.18097	-0.93301	0.18097	-0.93301	0	2	90	0	4.6562	1	9	3.6562	0	-7.3438	3	-1	1	1	0	0	0
10	462.29	0.12065	-0.67563	0.12065	-0.67562	0	2	90	0	4.6562	1	9	3.6562	0	-7.3438	3	-1	1	1	0	0	0
10	478.97	-0.040216	-0.19304	-0.040216	-0.19304	0	2	90	0	4.6562	1	9	3.6562	0	-7.3438	3	-1	1	1	0	0	0
10	495.46	-0.24129	0.28955	-0.24129	0.28955	0	2	90	0	4.6562	1	9	3.6562	0	-7.3438	3	-1	1	1	0	0	0
10	512.08	-0.34183	0.54693	-0.34183	0.54693	0	2	90	0	4.6562	1	9	3.6562	0	-7.3438	3	-1	1	1	0	0	0
10	528.72	-0.5027	0.93301	-0.5027	0.93301	0	2	90	0	4.6562	1	9	3.6562	0	-7.3438	3	-1	1	1	0	0	0
10	545.25	-0.64345	1.2547	-0.64345	1.2547	0	2	90	0	4.6562	1	9	3.6562	0	-7.3438	3	-1	1	1	0	0	0
10	561.87	-0.70378	1.3834	-0.70378	1.3834	0	2	90	0	4.6562	1	9	3.6562	0	-7.3438	3	-1	1	1	0	0	0
10	578.48	-0.78421	1.6408	-0.78421	1.6408	0	2	90	0	4.6562	1	9	3.6562	0	-7.3438	3	-1	1	1	0	0	0
10	595.02	-0.86464	1.866	-0.86464	1.866	0	2	90	0	4.6562	1	9	3.6562	0	-7.3438	3	-1	1	1	0	0	0
10	611.66	-0.88475	1.9947	-0.88475	1.9947	0	2	90	0	4.6562	1	9	3.6562	0	-7.3438	3	-1	1	1	0	0	0
10	628.23	-0.94507	2.1877	-0.94507	2.1877	0	2	90	0	4.6562	1	9	3.6562	0	-7.3438	3	-1	1	1	0	0	0
10	644.79	-0.96518	2.2843	-0.96518	2.2843	0	2	90	0	4.6562	1	9	3.6562	0	-7.3438	3	-1	1	1	0	0	0
10	661.41	-0.98529	2.4451	-0.98529	2.4451	0	2	90	0	4.6562	1	9	3.6562	0	-7.3438	3	-1	1	1	0	0	0
10	678.01	-1.0054	2.5738	-1.0054	2.5738	0	2	90	0	4.6562	1	9	3.6562	0	-7.3438	3	-1	1	1	0	0	0
10	694.63	-1.0456	2.7347	-1.0456	2.7347	0	2	90	0	4.6562	1	9	3.6562	0	-7.3438	3	-1	1	1	0	0	0
10	711.2	-1.0456	2.8312	-1.0456	2.8312	0	2	90	0	4.6562	1	9	3.6562	0	-7.3438	3	-1	1	1	0	0	0
10	727.85	-1.0858	2.9921	-1.0858	2.9921	0	2	90	0	4.6562	1	9	3.6562	0	-7.3438	3	-1	1	1	0	0	0
10	744.39	-1.1059	3.0564	-1.1059	3.0564	0	2	90	0	4.6562	1	9	3.6562	0	-7.3438	3	-1	1	1	0	0	0
10	760.98	-1.126	3.1529	-1.126	3.1529	0	3	90	0	4.6562	1	9	3.6562	0	-7.3438	3	-1	1	0	0	0	0
11	30.985	-0.46248	-7.3675	-0.46248	-7.3675	0	1	75	3.1058	4.2473	1	12.106	3.2474	0	-7.3438	3	-1	1	0	0	0	0
11	47.599	-0.46248	-7.464	-0.46248	-7.464	0	1	75	3.1058	4.2473	1	12.106	3.2474	0	-7.3438	3	-1	1	0	0	0	0
11	64.176	-0.44237	-7.5606	-0.44237	-7.5606	0	1	75	3.1058	4.2473	1	12.106	3.2474	0	-7.3438	3	-1	1	0	0	0	0
11	80.786	-0.44237	-7.5606	-0.44237	-7.5606	0	1	75	3.1058	4.2473	1	12.106	3.2474	0	-7.3438	3	-1	1	0	0	0	0
11	97.416	-0.44237	-7.5606	-0.44237	-7.5606	0	1	75	3.1058	4.2473	1	12.106	3.2474	0	-7.3438	3	-1	1	0	0	0	0
11	114	-0.44237	-7.5606	-0.44237	-7.5606	0	1	75	3.1058	4.2473	1	12.106	3.2474	0	-7.3438	3	-1	1	0	0	0	0
11	130.64	-0.44237	-7.5606	-0.44237	-7.5606	0	1	75	3.1058	4.2473	1	12.106	3.2474	0	-7.3438	3	-1	1	0	0	0	0
11	147.18	-0.44237	-7.5606	-0.44237	-7.5606	0	1	75	3.1058	4.2473	1	12.106	3.2474	0	-7.3438	3	-1	1	0	0	0	0
11	163.82	-0.44237	-7.5606	-0.44237	-7.5606	0	1	75	3.1058	4.2473	1	12.106	3.2474	0	-7.3438	3	-1	1	0	0	0	0
11	180.34	-0.44237	-7.5606	-0.44237	-7.5606	0	1	75	3.1058	4.2473	1	12.106	3.2474	0	-7.3438	3	-1	1	0	0	0	0
11	196.94	-0.44237	-7.5606	-0.44237	-7.5606	0	1	75	3.1058	4.2473	1	12.106	3.2474	0	-7.3438	3	-1	1	0	0	0	0
11	213.58	-0.44237	-7.5606	-0.44237	-7.5606	0	1	75	3.1058	4.2473	1	12.106	3.2474	0	-7.3438	3	-1	1	0	0	0	0
11	230.12	-0.44237	-7.5606	-0.44237	-7.5606	0	1	75	3.1058	4.2473	1	12.106	3.2474	0	-7.3438	3	-1	1	1	0	0	0
11	246.74	-0.44237	-7.5606	-0.44237	-7.5606	0	1	75	3.1058	4.2473	1	12.106	3.2474	0	-7.3438	3	-1	1	1	0	0	0
11	263.35	-0.44237	-7.5606	-0.44237	-7.5606	0	1	75	3.1058	4.2473	1	12.106	3.2474	0	-7.3438	3	-1	1	1	0	0	0
11	279.92	-0.44237	-7.5606	-0.44237	-7.5606	0	1	75	3.1058	4.2473	1	12.106	3.2474	0	-7.3438	3	-1	1	1	0	0	0
11	296.53	-0.42227	-7.5284	-0.42227	-7.5284	0	1	75	3.1058	4.2473	1	12.106	3.2474	0	-7.3438	3	-1	1	1	0	0	0
11	313.11	-0.40216	-7.464	-0.40216	-7.464	0	1	75	3.1058	4.2473	1	12.106	3.2474	0	-7.3438	3	-1	1	1	0	0	0
11	329.71	-0.40216	-7.4319	-0.40216	-7.4319	0	1	75	3.1058	4.2473	1	12.106	3.2474	0	-7.3438	3	-1	1	1	0	0	0
11	346.3	-0.38205	-7.1745	-0.38205	-7.1745	0	1	75	3.1058	4.2473	1	12.106	3.2474	0	-7.3438	3	-1	1	1	0	0	0
11	362.9	-0.40216	-6.7562	-0.40216	-6.7562	0	1	75	3.1058	4.2473	1	12.106	3.2474	0	-7.3438	3	-1	1	1	0	0	0
11	379.49	-0.42227	-6.4667	-0.42227	-6.4667	0	1	75	3.1058	4.2473	1	12.106	3.2474	0	-7.3438	3	-1	1	1	0	0	0
11	396.15	-0.44237	-5.7589	-0.44237	-5.7589	0	1	75	3.1058	4.2473	1	12.106	3.2474	0	-7.3438	3	-1	1	1	0	0	0
11	412.65	-0.38205	-4.9224	-0.38205	-4.9224	0	1	75	3.1058	4.2473	1	12.106	3.2474	0	-7.3438	3	-1	1	1	0	0	0
11	429.25	-0.32173	-4.5042	-0.32173	-4.5042	0	2	75	3.1058	4.2473	1	12.106	3.2474	0	-7.3438	3	-1	1	1	0	0	0
11	445.88	-0.12065	-3.6677	-0.12065	-3.6677	0	2	75	3.1058	4.2473	1	12.106	3.2474	0	-7.3438	3	-1	1	1	0	1	0
11	462.47	0.14076	-2.9277	0.14076	-2.9277	0	2	75	3.1058	4.2473	1	12.106	3.2474	0	-7.3438	3	-1	1	1	0	0	0
11	479.03	0.30162	-2.5416	0.30162	-2.5416	0	2	75	3.1058	4.2473	1	12.106	3.2474	0	-7.3438	3	-1	1	1	0	0	0
11	495.66	0.60324	-1.866	0.60324	-1.866	0	2	75	3.1058	4.2473	1	12.106	3.2474	0	-7.3438	3	-1	1	1	0	0	0
11	512.22	0.92496	-1.2869	0.92496	-1.2869	0	2	75	3.1058	4.2473	1	12.106	3.2474	0	-7.3438	3	-1	1	1	0	0	0
11	528.88	1.0858	-1.0295	1.0858	-1.0295	0	2	75	3.1058	4.2473	1	12.106	3.2474	0	-7.3438	3	-1	1	1	0	0	0
11	545.43	1.4076	-0.45042	1.4076	-0.45042	0	2	75	3.1058	4.2473	1	12.106	3.2474	0	-7.3438	3	-1	1	1	0	0	0
11	562.02	1.7695	0.12869	1.7695	0.12869	0	2	75	3.1058	4.2473	1	12.106	3.2474	0	-7.3438	3	-1	1	1	0	0	0
11	578.63	1.9505	0.45042	1.9505	0.45042	0	2	75	3.1058	4.2473	1	12.106	3.2474	0	-7.3438	3	-1	1	1	0	0	0
11	595.22	2.3124	1.0295	2.3124	1.0295	0	2	75	3.1058	4.2473	1	12.106	3.2474	0	-7.3438	3	-1	1	1	0	0	0
11	611.81	2.4934	1.3191	2.4934	1.3191	0	2	75	3.1058	4.2473	1	12.106	3.2474	0	-7.3438	3	-1	1	1	0	0	0
11	628.42	2.8352	1.7695	2.8352	1.7695	0	2	75	3.1058	4.2473	1	12.106	3.2474	0	-7.3438	3	-1	1	1	0	0	0
11	645.02	3.177	2.1556	3.177	2.1556	0	2	75	3.1058	4.2473	1	12.106	3.2474	0	-7.3438	3	-1	1	1	0	0	0
11	661.62	3.5189	2.4773	3.5189	2.4773	0	2	75	3.1058	4.2473	1	12.106	3.2474	0	-7.3438	3	-1	1	1	0	0	0
11	678.18	3.6999	2.606	3.6999	2.606	0	2	75	3.1058	4.2473	1	12.106	3.2474	0	-7.3438	3	-1	1	1	0	0	0
11	694.8	4.0819	2.9277	4.0819	2.9277	0	2	75	3.1058	4.2473	1	12.106	3.2474	0	-7.3438	3	-1	1	1	0	0	0
11	711.37	4.2629	3.0564	4.2629	3.0564	0	2	75	3.1058	4.2473	1	12.106	3.2474	0	-7.3438	3	-1	1	1	0	0	0
11	727.98	4.6248	3.3138	4.6248	3.3138	0	2	75	3.1058	4.2473	1	12.106	3.2474	0	-7.3438	3	-1	1	1	0	0	0
11	744.56	4.9264	3.5068	4.9264	3.5068	0	2	75	3.1058	4.2473	1	12.106	3.2474	0	-7.3438	3	-1	1	1	0	0	0
11	761.21	5.0873	3.6033	5.0873	3.6033	0	2	75	3.1058	4.2473	1	12.106	3.2474	0	-7.3438	3	-1	1	1	0	0	0
11	777.74	5.3487	3.7642	5.3487	3.7642	0	2	75	3.1058	4.2473	1	12.106	3.2474	0	-7.3438	3	-1	1	1	0	0	0
11	794.35	5.59	3.8929	5.59	3.8929	0	2	75	3.1058	4.2473	1	12.106	3.2474	0	-7.3438	3	-1	1	1	0	0	0
11	810.93	5.6905	3.9251	5.6905	3.9251	0	2	75	3.1058	4.2473	1	12.106	3.2474	0	-7.3438	3	-1	1	1	0	0	0
11	827.58	5.8313	4.0216	5.8313	4.0216	0	2	75	3.1058	4.2473	1	12.106	3.2474	0	-7.3438	3	-1	1	1	0	0	0
11	844.21	5.9117	4.0538	5.9117	4.0537	0	2	75	3.1058	4.2473	1	12.106	3.2474	0	-7.3438	3	-1	1	0	0	0	0
11	860.72	5.9318	4.0538	5.9318	4.0537	0	2	75	3.1058	4.2473	1	12.106	3.2474	0	-7.3438	3	-1	1	0	0	0	0
11	877.32	5.9318	4.0859	5.9318	4.0859	0	2	75	3.1058	4.2473	1	12.106	3.2474	0	-7.3438	3	-1	1	0	0	0	0
11	893.87	5.9318	4.0859	5.9318	4.0859	0	2	75	3.1058	4.2473	1	12.106	3.2474	0	-7.3438	3	-1	1	0	0	0	0
11	910.5	5.9318	4.0859	5.9318	4.0859	0	2	75	3.1058	4.2473	1	12.106	3.2474	0	-7.3438	3	-1	1	0	0	0	0
11	927.1	5.9318	4.0859	5.9318	4.0859	0	3	75	3.1058	4.2473	1	12.106	3.2474	0	-7.3438	3	-1	1	0	0	0	0
