0	17.938	-0.62334	-7.3032	-0.62334	-7.3032	0	1	105	-3.1058	4.2473	-1	-12.106	3.2474	0	-7.3438	3	-1	1	0	0	0	0
0	34.692	-0.62334	-7.3032	-0.62334	-7.3032	0	1	105	-3.1058	4.2473	-1	-12.106	3.2474	0	-7.3438	3	-1	1	0	0	0	0
0	51.162	-0.60324	-7.3032	-0.60324	-7.3032	0	1	105	-3.1058	4.2473	-1	-12.106	3.2474	0	-7.3438	3	-1	1	0	0	0	0
0	67.777	-0.60324	-7.3032	-0.60324	-7.3032	0	1	105	-3.1058	4.2473	-1	-12.106	3.2474	0	-7.3438	3	-1	1	0	0	0	0
0	84.363	-0.60324	-7.3032	-0.60324	-7.3032	0	1	105	-3.1058	4.2473	-1	-12.106	3.2474	0	-7.3438	3	-1	1	0	0	0	0
0	100.97	-0.60324	-7.3032	-0.60324	-7.3032	0	1	105	-3.1058	4.2473	-1	-12.106	3.2474	0	-7.3438	3	-1	1	0	0	0	0
0	117.58	-0.60324	-7.3032	-0.60324	-7.3032	0	1	105	-3.1058	4.2473	-1	-12.106	3.2474	0	-7.3438	3	-1	1	0	0	0	0
0	134.16	-0.60324	-7.3032	-0.60324	-7.3032	0	1	105	-3.1058	4.2473	-1	-12.106	3.2474	0	-7.3438	3	-1	1	0	0	0	0
0	150.76	-0.60324	-7.271	-0.60324	-7.271	0	1	105	-3.1058	4.2473	-1	-12.106	3.2474	0	-7.3438	3	-1	1	0	0	0	0
0	167.06	-0.60324	-7.271	-0.60324	-7.271	0	1	105	-3.1058	4.2473	-1	-12.106	3.2474	0	-7.3438	3	-1	1	0	0	0	0
0	183.72	-0.58313	-7.2388	-0.58313	-7.2388	0	1	105	-3.1058	4.2473	-1	-12.106	3.2474	0	-7.3438	3	-1	1	0	0	0	0
0	200.22	-0.58313	-7.2388	-0.58313	-7.2388	0	1	105	-3.1058	4.2473	-1	-12.106	3.2474	0	-7.3438	3	-1	1	0	0	0	0
0	216.84	-0.58313	-7.2388	-0.58313	-7.2388	0	1	105	-3.1058	4.2473	-1	-12.106	3.2474	0	-7.3438	3	-1	1	0	0	0	0
0	233.5	-0.56302	-7.2388	-0.56302	-7.2388	0	1	105	-3.1058	4.2473	-1	-12.106	3.2474	0	-7.3438	3	-1	1	0	0	0	0
0	250	-0.56302	-7.2388	-0.56302	-7.2388	0	1	105	-3.1058	4.2473	-1	-12.106	3.2474	0	-7.3438	3	-1	1	0	0	0	0
0	266.68	-0.56302	-7.2388	-0.56302	-7.2388	0	1	105	-3.1058	4.2473	-1	-12.106	3.2474	0	-7.3438	3	-1	1	0	0	0	0
0	283.25	-0.56302	-7.2388	-0.56302	-7.2388	0	1	105	-3.1058	4.2473	-1	-12.106	3.2474	0	-7.3438	3	-1	1	0	0	0	0
0	299.79	-0.56302	-7.2388	-0.56302	-7.2388	0	1	105	-3.1058	4.2473	-1	-12.106	3.2474	0	-7.3438	3	-1	1	0	0	0	0
0	316.49	-0.56302	-7.2388	-0.56302	-7.2388	0	1	105	-3.1058	4.2473	-1	-12.106	3.2474	0	-7.3438	3	-1	1	0	0	0	0
0	333.02	-0.58313	-7.2388	-0.58313	-7.2388	0	1	105	-3.1058	4.2473	-1	-12.106	3.2474	0	-7.3438	3	-1	1	0	0	0	0
0	349.63	-0.58313	-7.2067	-0.58313	-7.2067	0	1	105	-3.1058	4.2473	-1	-12.106	3.2474	0	-7.3438	3	-1	1	1	0	0	0
0	366.16	-0.60324	-7.2067	-0.60324	-7.2067	0	1	105	-3.1058	4.2473	-1	-12.106	3.2474	0	-7.3438	3	-1	1	1	0	0	0
0	382.82	-0.66356	-7.1101	-0.66356	-7.1101	0	1	105	-3.1058	4.2473	-1	-12.106	3.2474	0	-7.3438	3	-1	1	1	0	0	0
0	399.38	-0.70378	-7.0458	-0.70378	-7.0458	0	1	105	-3.1058	4.2473	-1	-12.106	3.2474	0	-7.3438	3	-1	1	1	0	0	0
0	415.99	-0.82442	-6.8206	-0.82442	-6.8206	0	1	105	-3.1058	4.2473	-1	-12.106	3.2474	0	-7.3438	3	-1	1	1	0	0	0
0	432.58	-0.92496	-6.531	-0.92496	-6.531	0	1	105	-3.1058	4.2473	-1	-12.106	3.2474	0	-7.3438	3	-1	1	1	0	0	0
0	449.15	-0.98529	-6.3702	-0.98529	-6.3702	0	1	105	-3.1058	4.2473	-1	-12.106	3.2474	0	-7.3438	3	-1	1	1	0	0	0
0	465.78	-1.126	-6.0163	-1.126	-6.0163	0	1	105	-3.1058	4.2473	-1	-12.106	3.2474	0	-7.3438	3	-1	1	1	0	0	0
0	482.38	-1.2869	-5.598	-1.2869	-5.598	0	1	105	-3.1058	4.2473	-1	-12.106	3.2474	0	-7.3438	3	-1	1	1	0	0	0
0	498.9	-1.3874	-5.3728	-1.3874	-5.3728	0	2	105	-3.1058	4.2473	-1	-12.106	3.2474	0	-7.3438	3	-1	1	1	0	0	0
0	515.51	-1.5885	-4.8581	-1.5885	-4.8581	0	2	105	-3.1058	4.2473	-1	-12.106	3.2474	0	-7.3438	3	-1	1	1	0	0	0
0	532.17	-1.6891	-4.5685	-1.6891	-4.5685	0	2	105	-3.1058	4.2473	-1	-12.106	3.2474	0	-7.3438	3	-1	1	1	0	0	0
0	548.84	-1.8499	-4.0216	-1.8499	-4.0216	0	2	105	-3.1058	4.2473	-1	-12.106	3.2474	0	-7.3438	3	-1	1	1	0	0	0
0	565.34	-2.0108	-3.4103	-2.0108	-3.4103	0	2	105	-3.1058	4.2473	-1	-12.106	3.2474	0	-7.3438	3	-1	1	1	0	0	0
0	581.9	-2.1314	-2.799	-2.1314	-2.799	0	2	105	-3.1058	4.2473	-1	-12.106	3.2474	0	-7.3438	3	-1	1	1	0	0	0
0	598.48	-2.1918	-2.4773	-2.1918	-2.4773	0	2	105	-3.1058	4.2473	-1	-12.106	3.2474	0	-7.3438	3	-1	1	1	0	0	0
0	615.07	-2.3526	-1.8338	-2.3526	-1.8338	0	2	105	-3.1058	4.2473	-1	-12.106	3.2474	0	-7.3438	3	-1	1	1	0	0	0
0	631.71	-2.4532	-1.5121	-2.4532	-1.5121	0	2	105	-3.1058	4.2473	-1	-12.106	3.2474	0	-7.3438	3	-1	1	1	0	0	0
0	648.3	-2.6341	-0.83649	-2.6341	-0.83649	0	2	105	-3.1058	4.2473	-1	-12.106	3.2474	0	-7.3438	3	-1	1	1	0	1	0
0	664.86	-2.8151	-0.19304	-2.8151	-0.19304	0	2	105	-3.1058	4.2473	-1	-12.106	3.2474	0	-7.3438	3	-1	1	1	0	0	0
0	681.5	-3.0363	0.48259	-3.0363	0.48259	0	2	105	-3.1058	4.2473	-1	-12.106	3.2474	0	-7.3438	3	-1	1	1	0	0	0
0	698.02	-3.1368	0.80432	-3.1368	0.80432	0	2	105	-3.1058	4.2473	-1	-12.106	3.2474	0	-7.3438	3	-1	1	1	0	0	0
0	714.7	-3.3781	1.4156	-3.3781	1.4156	0	2	105	-3.1058	4.2473	-1	-12.106	3.2474	0	-7.3438	3	-1	1	1	0	0	0
0	731.33	-3.4586	1.7051	-3.4586	1.7051	0	2	105	-3.1058	4.2473	-1	-12.106	3.2474	0	-7.3438	3	-1	1	1	0	0	0
0	747.86	-3.5993	2.2521	-3.5993	2.2521	0	2	105	-3.1058	4.2473	-1	-12.106	3.2474	0	-7.3438	3	-1	1	1	0	0	0
0	764.41	-3.6395	2.8312	-3.6395	2.8312	0	2	105	-3.1058	4.2473	-1	-12.106	3.2474	0	-7.3438	3	-1	1	1	0	0	0
0	781.01	-3.6999	3.346	-3.6999	3.346	0	2	105	-3.1058	4.2473	-1	-12.106	3.2474	0	-7.3438	3	-1	1	1	0	0	0
0	797.63	-3.72	3.5712	-3.72	3.5712	0	2	105	-3.1058	4.2473	-1	-12.106	3.2474	0	-7.3438	3	-1	1	1	0	0	0
0	814.27	-3.8205	3.9894	-3.8205	3.9894	0	2	105	-3.1058	4.2473	-1	-12.106	3.2474	0	-7.3438	3	-1	1	1	0	0	0
0	830.86	-3.8607	4.1824	-3.8607	4.1824	0	2	105	-3.1058	4.2473	-1	-12.106	3.2474	0	-7.3438	3	-1	1	1	0	0	0
0	847.41	-4.0015	4.5042	-4.0015	4.5042	0	2	105	-3.1058	4.2473	-1	-12.106	3.2474	0	-7.3438	3	-1	1	1	0	0	0
0	864.08	-4.1221	4.7615	-4.1221	4.7615	0	2	105	-3.1058	4.2473	-1	-12.106	3.2474	0	-7.3438	3	-1	1	1	0	0	0
0	880.71	-4.1824	4.8581	-4.1824	4.8581	0	2	105	-3.1058	4.2473	-1	-12.106	3.2474	0	-7.3438	3	-1	1	1	0	0	0
0	897.19	-4.3031	5.0511	-4.3031	5.0511	0	2	105	-3.1058	4.2473	-1	-12.106	3.2474	0	-7.3438	3	-1	1	1	0	0	0
0	913.88	-4.4036	5.212	-4.4036	5.212	0	2	105	-3.1058	4.2473	-1	-12.106	3.2474	0	-7.3438	3	-1	1	0	0	0	0
0	930.34	-4.4438	5.2441	-4.4438	5.2441	0	2	105	-3.1058	4.2473	-1	-12.106	3.2474	0	-7.3438	3	-1	1	0	0	0	0
0	947.01	-4.5042	5.3085	-4.5042	5.3085	0	2	105	-3.1058	4.2473	-1	-12.106	3.2474	0	-7.3438	3	-1	1	0	0	0	0
0	963.56	-4.5243	5.3407	-4.5243	5.3407	0	2	105	-3.1058	4.2473	-1	-12.106	3.2474	0	-7.3438	3	-1	1	0	0	0	0
0	980.2	-4.5444	5.3407	-4.5444	5.3407	0	2	105	-3.1058	4.2473	-1	-12.106	3.2474	0	-7.3438	3	-1	1	0	0	0	0
0	996.75	-4.5645	5.3407	-4.5645	5.3407	0	2	105	-3.1058	4.2473	-1	-12.106	3.2474	0	-7.3438	3	-1	1	0	0	0	0
0	1013.4	-4.6047	5.3728	-4.6047	5.3728	0	3	105	-3.1058	4.2473	-1	-12.106	3.2474	0	-7.3438	3	-1	1	0	0	0	0
1	30.257	0.020108	-7.3675	0.020108	-7.3675	0	1	75	3.1058	4.2473	-1	-5.8942	3.2474	0	-7.3438	3	-1	1	0	0	0	0
1	46.848	0.060324	-7.5606	0.060324	-7.5606	0	1	75	3.1058	4.2473	-1	-5.8942	3.2474	0	-7.3438	3	-1	1	0	0	0	0
1	63.423	0.060324	-7.6249	0.060324	-7.6249	0	1	75	3.1058	4.2473	-1	-5.8942	3.2474	0	-7.3438	3	-1	1	0	0	0	0
1	80.028	0.060324	-7.6249	0.060324	-7.6249	0	1	75	3.1058	4.2473	-1	-5.8942	3.2474	0	-7.3438	3	-1	1	0	0	0	0
1	96.696	0.060324	-7.6249	0.060324	-7.6249	0	1	75	3.1058	4.2473	-1	-5.8942	3.2474	0	-7.3438	3	-1	1	0	0	0	0
1	113.22	0.060324	-7.6249	0.060324	-7.6249	0	1	75	3.1058	4.2473	-1	-5.8942	3.2474	0	-7.3438	3	-1	1	0	0	0	0
1	129.9	0.060324	-7.6249	0.060324	-7.6249	0	1	75	3.1058	4.2473	-1	-5.8942	3.2474	0	-7.3438	3	-1	1	0	0	0	0
1	146.41	0.060324	-7.6249	0.060324	-7.6249	0	1	75	3.1058	4.2473	-1	-5.8942	3.2474	0	-7.3438	3	-1	1	0	0	0	0
1	163.02	0.060324	-7.6249	0.060324	-7.6249	0	1	75	3.1058	4.2473	-1	-5.8942	3.2474	0	-7.3438	3	-1	1	0	0	0	0
1	179.59	0.060324	-7.5927	0.060324	-7.5927	0	1	75	3.1058	4.2473	-1	-5.8942	3.2474	0	-7.3438	3	-1	1	0	0	0	0
1	196.24	0.060324	-7.5927	0.060324	-7.5927	0	1	75	3.1058	4.2473	-1	-5.8942	3.2474	0	-7.3438	3	-1	1	0	0	0	0
1	212.76	0.060324	-7.5927	0.060324	-7.5927	0	1	75	3.1058	4.2473	-1	-5.8942	3.2474	0	-7.3438	3	-1	1	0	0	0	0
1	229.43	0.060324	-7.5927	0.060324	-7.5927	0	1	75	3.1058	4.2473	-1	-5.8942	3.2474	0	-7.3438	3	-1	1	0	0	0	0
1	245.95	0.040216	-7.5606	0.040216	-7.5606	0	1	75	3.1058	4.2473	-1	-5.8942	3.2474	0	-7.3438	3	-1	1	1	0	0	0
1	262.55	0.040216	-7.5284	0.040216	-7.5284	0	1	75	3.1058	4.2473	-1	-5.8942	3.2474	0	-7.3438	3	-1	1	1	0	0	0
1	279.2	0	-7.4319	0	-7.4319	0	1	75	3.1058	4.2473	-1	-5.8942	3.2474	0	-7.3438	3	-1	1	1	0	0	0
1	295.75	-0.060324	-7.2067	-0.060324	-7.2067	0	1	75	3.1058	4.2473	-1	-5.8942	3.2474	0	-7.3438	3	-1	1	1	0	0	0
1	312.41	-0.080432	-7.0458	-0.080432	-7.0458	0	1	75	3.1058	4.2473	-1	-5.8942	3.2474	0	-7.3438	3	-1	1	1	0	0	0
1	328.96	-0.12065	-6.5954	-0.12065	-6.5954	0	1	75	3.1058	4.2473	-1	-5.8942	3.2474	0	-7.3438	3	-1	1	1	0	0	0
1	345.54	-0.14076	-6.0485	-0.14076	-6.0485	0	1	75	3.1058	4.2473	-1	-5.8942	3.2474	0	-7.3438	3	-1	1	1	0	0	0
1	362.12	-0.14076	-5.7267	-0.14076	-5.7267	0	1	75	3.1058	4.2473	-1	-5.8942	3.2474	0	-7.3438	3	-1	1	1	0	0	0
1	378.77	-0.10054	-5.0511	-0.10054	-5.0511	0	1	75	3.1058	4.2473	-1	-5.8942	3.2474	0	-7.3438	3	-1	1	1	0	0	0
1	395.3	0.040216	-4.3433	0.040216	-4.3433	0	2	75	3.1058	4.2473	-1	-5.8942	3.2474	0	-7.3438	3	-1	1	1	0	0	0
1	411.89	0.16086	-3.9894	0.16086	-3.9894	0	2	75	3.1058	4.2473	-1	-5.8942	3.2474	0	-7.3438	3	-1	1	1	0	0	0
1	428.46	0.42227	-3.3138	0.42227	-3.3138	0	2	75	3.1058	4.2473	-1	-5.8942	3.2474	0	-7.3438	3	-1	1	1	0	0	0
1	445.11	0.70378	-2.606	0.70378	-2.606	0	2	75	3.1058	4.2473	-1	-5.8942	3.2474	0	-7.3438	3	-1	1	1	0	1	0
1	461.65	0.86464	-2.2521	0.86464	-2.2521	0	2	75	3.1058	4.2473	-1	-5.8942	3.2474	0	-7.3438	3	-1	1	1	0	0	0
1	478.27	1.2266	-1.5443	1.2266	-1.5443	0	2	75	3.1058	4.2473	-1	-5.8942	3.2474	0	-7.3438	3	-1	1	1	0	0	0
1	494.85	1.4478	-1.2226	1.4478	-1.2226	0	2	75	3.1058	4.2473	-1	-5.8942	3.2474	0	-7.3438	3	-1	1	1	0	0	0
1	511.5	1.8499	-0.64345	1.8499	-0.64345	0	2	75	3.1058	4.2473	-1	-5.8942	3.2474	0	-7.3438	3	-1	1	1	0	0	0
1	528.04	2.2521	-0.12869	2.2521	-0.12869	0	2	75	3.1058	4.2473	-1	-5.8942	3.2474	0	-7.3438	3	-1	1	1	0	0	0
1	544.67	2.5939	0.38607	2.5939	0.38607	0	2	75	3.1058	4.2473	-1	-5.8942	3.2474	0	-7.3438	3	-1	1	1	0	0	0
1	561.23	2.7548	0.67563	2.7548	0.67562	0	2	75	3.1058	4.2473	-1	-5.8942	3.2474	0	-7.3438	3	-1	1	1	0	0	0
1	577.86	3.0765	1.2226	3.0765	1.2226	0	2	75	3.1058	4.2473	-1	-5.8942	3.2474	0	-7.3438	3	-1	1	1	0	0	0
1	594.4	3.2374	1.4799	3.2374	1.4799	0	2	75	3.1058	4.2473	-1	-5.8942	3.2474	0	-7.3438	3	-1	1	1	0	0	0
1	611.08	3.5993	1.9625	3.5993	1.9625	0	2	75	3.1058	4.2473	-1	-5.8942	3.2474	0	-7.3438	3	-1	1	1	0	0	0
1	627.62	3.9411	2.3808	3.9411	2.3808	0	2	75	3.1058	4.2473	-1	-5.8942	3.2474	0	-7.3438	3	-1	1	1	0	0	0
1	644.17	4.2428	2.7668	4.2428	2.7668	0	2	75	3.1058	4.2473	-1	-5.8942	3.2474	0	-7.3438	3	-1	1	1	0	0	0
1	660.85	4.4036	2.9599	4.4036	2.9599	0	2	75	3.1058	4.2473	-1	-5.8942	3.2474	0	-7.3438	3	-1	1	1	0	0	0
1	677.45	4.6851	3.346	4.6851	3.346	0	2	75	3.1058	4.2473	-1	-5.8942	3.2474	0	-7.3438	3	-1	1	1	0	0	0
1	694	4.846	3.539	4.846	3.539	0	2	75	3.1058	4.2473	-1	-5.8942	3.2474	0	-7.3438	3	-1	1	1	0	0	0
1	710.61	5.1677	3.8607	5.1677	3.8607	0	2	75	3.1058	4.2473	-1	-5.8942	3.2474	0	-7.3438	3	-1	1	1	0	0	0
1	727.21	5.5096	4.1181	5.5096	4.1181	0	2	75	3.1058	4.2473	-1	-5.8942	3.2474	0	-7.3438	3	-1	1	1	0	0	0
1	743.83	5.6905	4.2146	5.6905	4.2146	0	2	75	3.1058	4.2473	-1	-5.8942	3.2474	0	-7.3438	3	-1	1	1	0	0	0
1	760.39	5.9922	4.4076	5.9922	4.4076	0	2	75	3.1058	4.2473	-1	-5.8942	3.2474	0	-7.3438	3	-1	1	1	0	0	0
1	776.99	6.2737	4.6007	6.2737	4.6007	0	2	75	3.1058	4.2473	-1	-5.8942	3.2474	0	-7.3438	3	-1	1	1	0	0	0
1	793.55	6.3943	4.6972	6.3943	4.6972	0	2	75	3.1058	4.2473	-1	-5.8942	3.2474	0	-7.3438	3	-1	1	1	0	0	0
1	810.19	6.5954	4.8581	6.5954	4.8581	0	2	75	3.1058	4.2473	-1	-5.8942	3.2474	0	-7.3438	3	-1	1	1	0	0	0
1	826.76	6.7562	4.9546	6.7562	4.9546	0	2	75	3.1058	4.2473	-1	-5.8942	3.2474	0	-7.3438	3	-1	1	0	0	0	0
1	843.43	6.7965	4.9868	6.7965	4.9868	0	2	75	3.1058	4.2473	-1	-5.8942	3.2474	0	-7.3438	3	-1	1	0	0	0	0
1	859.98	6.8568	5.0189	6.8568	5.0189	0	2	75	3.1058	4.2473	-1	-5.8942	3.2474	0	-7.3438	3	-1	1	0	0	0	0
1	876.53	6.9171	5.0511	6.9171	5.0511	0	2	75	3.1058	4.2473	-1	-5.8942	3.2474	0	-7.3438	3	-1	1	0	0	0	0
1	893.11	6.9573	5.0833	6.9573	5.0833	0	2	75	3.1058	4.2473	-1	-5.8942	3.2474	0	-7.3438	3	-1	1	0	0	0	0
1	909.79	6.9975	5.1154	6.9975	5.1154	0	2	75	3.1058	4.2473	-1	-5.8942	3.2474	0	-7.3438	3	-1	1	0	0	0	0
1	926.33	6.9975	5.1154	6.9975	5.1154	0	2	75	3.1058	4.2473	-1	-5.8942	3.2474	0	-7.3438	3	-1	1	0	0	0	0
1	942.89	6.9975	5.1476	6.9975	5.1476	0	3	75	3.1058	4.2473	-1	-5.8942	3.2474	0	-7.3438	3	-1	1	0	0	0	0
2	29.749	-0.38205	-7.0136	-0.38205	-7.0136	0	1	90	0	4.6562	-1	-9	3.6562	0	-7.3438	3	-1	1	0	0	0	0
2	46.272	-0.36194	-7.0458	-0.36194	-7.0458	0	1	90	0	4.6562	-1	-9	3.6562	0	-7.3438	3	-1	1	0	0	0	0
2	62.874	-0.34183	-7.078	-0.34183	-7.078	0	1	90	0	4.6562	-1	-9	3.6562	0	-7.3438	3	-1	1	0	0	0	0
2	79.418	-0.32173	-7.1423	-0.32173	-7.1423	0	1	90	0	4.6562	-1	-9	3.6562	0	-7.3438	3	-1	1	0	0	0	0
2	96.059	-0.32173	-7.1423	-0.32173	-7.1423	0	1	90	0	4.6562	-1	-9	3.6562	0	-7.3438	3	-1	1	0	0	0	0
2	112.62	-0.32173	-7.1745	-0.32173	-7.1745	0	1	90	0	4.6562	-1	-9	3.6562	0	-7.3438	3	-1	1	0	0	0	0
2	129.27	-0.30162	-7.2067	-0.30162	-7.2067	0	1	90	0	4.6562	-1	-9	3.6562	0	-7.3438	3	-1	1	0	0	0	0
2	145.88	-0.30162	-7.2067	-0.30162	-7.2067	0	1	90	0	4.6562	-1	-9	3.6562	0	-7.3438	3	-1	1	0	0	0	0
2	162.46	-0.28151	-7.271	-0.28151	-7.271	0	1	90	0	4.6562	-1	-9	3.6562	0	-7.3438	3	-1	1	0	0	0	0
2	179.03	-0.24129	-7.3354	-0.24129	-7.3354	0	1	90	0	4.6562	-1	-9	3.6562	0	-7.3438	3	-1	1	0	0	0	0
2	195.65	-0.22119	-7.3997	-0.22119	-7.3997	0	1	90	0	4.6562	-1	-9	3.6562	0	-7.3438	3	-1	1	0	0	0	0
2	212.22	-0.22119	-7.3997	-0.22119	-7.3997	0	1	90	0	4.6562	-1	-9	3.6562	0	-7.3438	3	-1	1	0	0	0	0
2	228.79	-0.22119	-7.4319	-0.22119	-7.4319	0	1	90	0	4.6562	-1	-9	3.6562	0	-7.3438	3	-1	1	0	0	0	0
2	245.45	-0.22119	-7.4319	-0.22119	-7.4319	0	1	90	0	4.6562	-1	-9	3.6562	0	-7.3438	3	-1	1	0	0	0	0
2	262.04	-0.22119	-7.4319	-0.22119	-7.4319	0	1	90	0	4.6562	-1	-9	3.6562	0	-7.3438	3	-1	1	0	0	0	0
2	278.61	-0.22119	-7.4319	-0.22119	-7.4319	0	1	90	0	4.6562	-1	-9	3.6562	0	-7.3438	3	-1	1	0	0	0	0
2	295.2	-0.22119	-7.4319	-0.22119	-7.4319	0	1	90	0	4.6562	-1	-9	3.6562	0	-7.3438	3	-1	1	0	0	0	0
2	311.84	-0.22119	-7.3997	-0.22119	-7.3997	0	1	90	0	4.6562	-1	-9	3.6562	0	-7.3438	3	-1	1	0	0	0	0
2	328.38	-0.2614	-7.3354	-0.2614	-7.3354	0	1	90	0	4.6562	-1	-9	3.6562	0	-7.3438	3	-1	1	1	0	0	0
2	345.01	-0.28151	-7.271	-0.28151	-7.271	0	1	90	0	4.6562	-1	-9	3.6562	0	-7.3438	3	-1	1	1	0	0	0
2	361.65	-0.36194	-7.1423	-0.36194	-7.1423	0	1	90	0	4.6562	-1	-9	3.6562	0	-7.3438	3	-1	1	1	0	0	0
2	378.18	-0.44237	-6.9171	-0.44237	-6.9171	0	1	90	0	4.6562	-1	-9	3.6562	0	-7.3438	3	-1	1	1	0	0	0
2	394.76	-0.58313	-6.6276	-0.58313	-6.6276	0	1	90	0	4.6562	-1	-9	3.6562	0	-7.3438	3	-1	1	1	0	0	0
2	411.37	-0.66356	-6.4345	-0.66356	-6.4345	0	1	90	0	4.6562	-1	-9	3.6562	0	-7.3438	3	-1	1	1	0	0	0
2	427.99	-0.84453	-5.9198	-0.84453	-5.9198	0	1	90	0	4.6562	-1	-9	3.6562	0	-7.3438	3	-1	1	1	0	0	0
2	444.6	-0.94507	-5.6624	-0.94507	-5.6624	0	1	90	0	4.6562	-1	-9	3.6562	0	-7.3438	3	-1	1	1	0	0	0
2	461.1	-1.126	-5.0189	-1.126	-5.0189	0	1	90	0	4.6562	-1	-9	3.6562	0	-7.3438	3	-1	1	1	0	0	0
2	477.71	-1.2668	-4.3433	-1.2668	-4.3433	0	2	90	0	4.6562	-1	-9	3.6562	0	-7.3438	3	-1	1	1	0	0	0
2	494.29	-1.3271	-3.9894	-1.3271	-3.9894	0	2	90	0	4.6562	-1	-9	3.6562	0	-7.3438	3	-1	1	1	0	0	0
2	511.01	-1.4076	-3.1851	-1.4076	-3.1851	0	2	90	0	4.6562	-1	-9	3.6562	0	-7.3438	3	-1	1	1	0	0	0
2	527.56	-1.4478	-2.3486	-1.4478	-2.3486	0	2	90	0	4.6562	-1	-9	3.6562	0	-7.3438	3	-1	1	1	0	0	0
2	544.17	-1.4679	-1.8982	-1.4679	-1.8982	0	2	90	0	4.6562	-1	-9	3.6562	0	-7.3438	3	-1	1	1	0	0	0
2	560.78	-1.488	-0.99735	-1.488	-0.99735	0	2	90	0	4.6562	-1	-9	3.6562	0	-7.3438	3	-1	1	1	0	1	0
2	577.31	-1.488	-0.19304	-1.488	-0.19304	0	2	90	0	4.6562	-1	-9	3.6562	0	-7.3438	3	-1	1	1	0	0	0
2	593.85	-1.4478	0.19304	-1.4478	0.19304	0	2	90	0	4.6562	-1	-9	3.6562	0	-7.3438	3	-1	1	1	0	0	0
2	610.49	-1.3472	0.96518	-1.3472	0.96518	0	2	90	0	4.6562	-1	-9	3.6562	0	-7.3438	3	-1	1	1	0	0	0
2	627.13	-1.1059	1.7695	-1.1059	1.7695	0	2	90	0	4.6562	-1	-9	3.6562	0	-7.3438	3	-1	1	1	0	0	0
2	643.7	-0.94507	2.1556	-0.94507	2.1556	0	2	90	0	4.6562	-1	-9	3.6562	0	-7.3438	3	-1	1	1	0	0	0
2	660.31	-0.56302	2.9277	-0.56302	2.9277	0	2	90	0	4.6562	-1	-9	3.6562	0	-7.3438	3	-1	1	1	0	0	0
2	676.86	-0.10054	3.539	-0.10054	3.539	0	2	90	0	4.6562	-1	-9	3.6562	0	-7.3438	3	-1	1	1	0	0	0
2	693.46	0.12065	3.8285	0.12065	3.8285	0	2	90	0	4.6562	-1	-9	3.6562	0	-7.3438	3	-1	1	1	0	0	0
2	710.05	0.54291	4.279	0.54291	4.279	0	2	90	0	4.6562	-1	-9	3.6562	0	-7.3438	3	-1	1	1	0	0	0
2	726.65	0.96518	4.665	0.96518	4.665	0	2	90	0	4.6562	-1	-9	3.6562	0	-7.3438	3	-1	1	1	0	0	0
2	743.25	1.1663	4.8581	1.1663	4.8581	0	2	90	0	4.6562	-1	-9	3.6562	0	-7.3438	3	-1	1	1	0	0	0
2	759.84	1.5684	5.212	1.5684	5.212	0	2	90	0	4.6562	-1	-9	3.6562	0	-7.3438	3	-1	1	1	0	0	0
2	776.52	1.9102	5.5337	1.9102	5.5337	0	2	90	0	4.6562	-1	-9	3.6562	0	-7.3438	3	-1	1	1	0	0	0
2	793.09	2.0711	5.6624	2.0711	5.6624	0	2	90	0	4.6562	-1	-9	3.6562	0	-7.3438	3	-1	1	1	0	0	0
2	809.63	2.3325	5.9198	2.3325	5.9198	0	2	90	0	4.6562	-1	-9	3.6562	0	-7.3438	3	-1	1	1	0	0	0
2	826.2	2.4331	6.0163	2.4331	6.0163	0	2	90	0	4.6562	-1	-9	3.6562	0	-7.3438	3	-1	1	1	0	0	0
2	842.87	2.6341	6.2093	2.6341	6.2093	0	2	90	0	4.6562	-1	-9	3.6562	0	-7.3438	3	-1	1	1	0	0	0
2	859.47	2.795	6.4024	2.795	6.4024	0	2	90	0	4.6562	-1	-9	3.6562	0	-7.3438	3	-1	1	0	0	0	0
2	875.98	2.8553	6.4667	2.8553	6.4667	0	2	90	0	4.6562	-1	-9	3.6562	0	-7.3438	3	-1	1	0	0	0	0
2	892.6	2.9559	6.5954	2.9559	6.5954	0	2	90	0	4.6562	-1	-9	3.6562	0	-7.3438	3	-1	1	0	0	0	0
2	909.24	2.9961	6.6597	2.9961	6.6597	0	2	90	0	4.6562	-1	-9	3.6562	0	-7.3438	3	-1	1	0	0	0	0
2	925.81	2.9961	6.6597	2.9961	6.6597	0	2	90	0	4.6562	-1	-9	3.6562	0	-7.3438	3	-1	1	0	0	0	0
2	942.38	2.9961	6.6597	2.9961	6.6597	0	2	90	0	4.6562	-1	-9	3.6562	0	-7.3438	3	-1	1	0	0	0	0
2	959.01	2.9961	6.6597	2.9961	6.6597	0	2	90	0	4.6562	-1	-9	3.6562	0	-7.3438	3	-1	1	0	0	0	0
2	975.53	2.9961	6.6597	2.9961	6.6597	0	2	90	0	4.6562	-1	-9	3.6562	0	-7.3438	3	-1	1	0	0	0	0
2	992.14	2.9961	6.6597	2.9961	6.6597	0	3	90	0	4.6562	-1	-9	3.6562	0	-7.3438	3	-1	1	0	0	0	0
3	28.732	0.18097	-7.464	0.18097	-7.464	0	1	105	-3.1058	4.2473	-1	-12.106	3.2474	0	-7.3438	3	-1	1	0	0	0	0
3	45.336	0.020108	-7.5606	0.020108	-7.5606	0	1	105	-3.1058	4.2473	-1	-12.106	3.2474	0	-7.3438	3	-1	1	0	0	0	0
3	61.952	-0.020108	-7.5927	-0.020108	-7.5927	0	1	105	-3.1058	4.2473	-1	-12.106	3.2474	0	-7.3438	3	-1	1	0	0	0	0
3	78.499	-0.060324	-7.5927	-0.060324	-7.5927	0	1	105	-3.1058	4.2473	-1	-12.106	3.2474	0	-7.3438	3	-1	1	0	0	0	0
3	95.138	-0.10054	-7.5927	-0.10054	-7.5927	0	1	105	-3.1058	4.2473	-1	-12.106	3.2474	0	-7.3438	3	-1	1	0	0	0	0
3	111.75	-0.12065	-7.5927	-0.12065	-7.5927	0	1	105	-3.1058	4.2473	-1	-12.106	3.2474	0	-7.3438	3	-1	1	0	0	0	0
3	128.41	-0.12065	-7.5927	-0.12065	-7.5927	0	1	105	-3.1058	4.2473	-1	-12.106	3.2474	0	-7.3438	3	-1	1	0	0	0	0
3	144.92	-0.16086	-7.6249	-0.16086	-7.6249	0	1	105	-3.1058	4.2473	-1	-12.106	3.2474	0	-7.3438	3	-1	1	0	0	0	0
3	161.53	-0.18097	-7.6249	-0.18097	-7.6249	0	1	105	-3.1058	4.2473	-1	-12.106	3.2474	0	-7.3438	3	-1	1	0	0	0	0
3	178.1	-0.18097	-7.6249	-0.18097	-7.6249	0	1	105	-3.1058	4.2473	-1	-12.106	3.2474	0	-7.3438	3	-1	1	0	0	0	0
3	194.76	-0.18097	-7.6249	-0.18097	-7.6249	0	1	105	-3.1058	4.2473	-1	-12.106	3.2474	0	-7.3438	3	-1	1	0	0	0	0
3	211.3	-0.20108	-7.6249	-0.20108	-7.6249	0	1	105	-3.1058	4.2473	-1	-12.106	3.2474	0	-7.3438	3	-1	1	0	0	0	0
3	227.86	-0.20108	-7.6249	-0.20108	-7.6249	0	1	105	-3.1058	4.2473	-1	-12.106	3.2474	0	-7.3438	3	-1	1	0	0	0	0
3	244.55	-0.20108	-7.6249	-0.20108	-7.6249	0	1	105	-3.1058	4.2473	-1	-12.106	3.2474	0	-7.3438	3	-1	1	0	0	0	0
3	261.12	-0.20108	-7.6249	-0.20108	-7.6249	0	1	105	-3.1058	4.2473	-1	-12.106	3.2474	0	-7.3438	3	-1	1	0	0	0	0
3	277.68	-0.20108	-7.6249	-0.20108	-7.6249	0	1	105	-3.1058	4.2473	-1	-12.106	3.2474	0	-7.3438	3	-1	1	0	0	0	0
3	294.28	-0.20108	-7.6249	-0.20108	-7.6249	0	1	105	-3.1058	4.2473	-1	-12.106	3.2474	0	-7.3438	3	-1	1	0	0	0	0
3	310.84	-0.20108	-7.6249	-0.20108	-7.6249	0	1	105	-3.1058	4.2473	-1	-12.106	3.2474	0	-7.3438	3	-1	1	0	0	0	0
3	327.52	-0.20108	-7.6249	-0.20108	-7.6249	0	1	105	-3.1058	4.2473	-1	-12.106	3.2474	0	-7.3438	3	-1	1	0	0	0	0
3	344	-0.18097	-7.6249	-0.18097	-7.6249	0	1	105	-3.1058	4.2473	-1	-12.106	3.2474	0	-7.3438	3	-1	1	0	0	0	0
3	360.61	-0.18097	-7.5927	-0.18097	-7.5927	0	1	105	-3.1058	4.2473	-1	-12.106	3.2474	0	-7.3438	3	-1	1	0	0	0	0
3	377.23	-0.16086	-7.5284	-0.16086	-7.5284	0	1	105	-3.1058	4.2473	-1	-12.106	3.2474	0	-7.3438	3	-1	1	1	0	0	0
3	393.8	-0.16086	-7.4962	-0.16086	-7.4962	0	1	105	-3.1058	4.2473	-1	-12.106	3.2474	0	-7.3438	3	-1	1	1	0	0	0
3	410.44	-0.22119	-7.271	-0.22119	-7.271	0	1	105	-3.1058	4.2473	-1	-12.106	3.2474	0	-7.3438	3	-1	1	1	0	0	0
3	427.01	-0.36194	-6.9493	-0.36194	-6.9493	0	1	105	-3.1058	4.2473	-1	-12.106	3.2474	0	-7.3438	3	-1	1	1	0	0	0
3	443.58	-0.62334	-6.4345	-0.62334	-6.4345	0	1	105	-3.1058	4.2473	-1	-12.106	3.2474	0	-7.3438	3	-1	1	1	0	0	0
3	460.21	-0.80432	-6.1128	-0.80432	-6.1128	0	1	105	-3.1058	4.2473	-1	-12.106	3.2474	0	-7.3438	3	-1	1	1	0	0	0
3	476.77	-1.1663	-5.3407	-1.1663	-5.3407	0	1	105	-3.1058	4.2473	-1	-12.106	3.2474	0	-7.3438	3	-1	1	1	0	0	0
3	493.35	-1.3271	-4.9546	-1.3271	-4.9546	0	2	105	-3.1058	4.2473	-1	-12.106	3.2474	0	-7.3438	3	-1	1	1	0	0	0
3	509.94	-1.5885	-4.1503	-1.5885	-4.1503	0	2	105	-3.1058	4.2473	-1	-12.106	3.2474	0	-7.3438	3	-1	1	1	0	1	0
3	526.58	-1.8097	-3.4103	-1.8097	-3.4103	0	2	105	-3.1058	4.2473	-1	-12.106	3.2474	0	-7.3438	3	-1	1	1	0	0	0
3	543.25	-2.0108	-2.6703	-2.0108	-2.6703	0	2	105	-3.1058	4.2473	-1	-12.106	3.2474	0	-7.3438	3	-1	1	1	0	0	0
3	559.78	-2.1314	-2.2843	-2.1314	-2.2843	0	2	105	-3.1058	4.2473	-1	-12.106	3.2474	0	-7.3438	3	-1	1	1	0	0	0
3	576.34	-2.3325	-1.5121	-2.3325	-1.5121	0	2	105	-3.1058	4.2473	-1	-12.106	3.2474	0	-7.3438	3	-1	1	1	0	0	0
3	593.01	-2.4129	-1.126	-2.4129	-1.126	0	2	105	-3.1058	4.2473	-1	-12.106	3.2474	0	-7.3438	3	-1	1	1	0	0	0
3	609.57	-2.5939	-0.38607	-2.5939	-0.38607	0	2	105	-3.1058	4.2473	-1	-12.106	3.2474	0	-7.3438	3	-1	1	1	0	0	0
3	626.15	-2.7749	0.28955	-2.7749	0.28955	0	2	105	-3.1058	4.2473	-1	-12.106	3.2474	0	-7.3438	3	-1	1	1	0	0	0
3	642.71	-2.9961	0.86866	-2.9961	0.86866	0	2	105	-3.1058	4.2473	-1	-12.106	3.2474	0	-7.3438	3	-1	1	1	0	0	0
3	659.33	-3.1167	1.126	-3.1167	1.126	0	2	105	-3.1058	4.2473	-1	-12.106	3.2474	0	-7.3438	3	-1	1	1	0	0	0
3	675.96	-3.358	1.6408	-3.358	1.6408	0	2	105	-3.1058	4.2473	-1	-12.106	3.2474	0	-7.3438	3	-1	1	1	0	0	0
3	692.51	-3.4787	1.8982	-3.4787	1.8982	0	2	105	-3.1058	4.2473	-1	-12.106	3.2474	0	-7.3438	3	-1	1	1	0	0	0
3	709.14	-3.6999	2.4451	-3.6999	2.4451	0	2	105	-3.1058	4.2473	-1	-12.106	3.2474	0	-7.3438	3	-1	1	1	0	0	0
3	725.69	-3.921	2.9921	-3.921	2.9921	0	2	105	-3.1058	4.2473	-1	-12.106	3.2474	0	-7.3438	3	-1	1	1	0	0	0
3	742.3	-4.1422	3.4746	-4.1422	3.4746	0	2	105	-3.1058	4.2473	-1	-12.106	3.2474	0	-7.3438	3	-1	1	1	0	0	0
3	758.87	-4.2428	3.6999	-4.2428	3.6999	0	2	105	-3.1058	4.2473	-1	-12.106	3.2474	0	-7.3438	3	-1	1	1	0	0	0
3	775.49	-4.4438	4.1824	-4.4438	4.1824	0	2	105	-3.1058	4.2473	-1	-12.106	3.2474	0	-7.3438	3	-1	1	1	0	0	0
3	792.08	-4.5444	4.4398	-4.5444	4.4398	0	2	105	-3.1058	4.2473	-1	-12.106	3.2474	0	-7.3438	3	-1	1	1	0	0	0
3	808.67	-4.7052	4.8902	-4.7052	4.8902	0	2	105	-3.1058	4.2473	-1	-12.106	3.2474	0	-7.3438	3	-1	1	1	0	0	0
3	825.25	-4.8661	5.3085	-4.8661	5.3085	0	2	105	-3.1058	4.2473	-1	-12.106	3.2474	0	-7.3438	3	-1	1	1	0	0	0
3	841.85	-4.9666	5.5015	-4.9666	5.5015	0	2	105	-3.1058	4.2473	-1	-12.106	3.2474	0	-7.3438	3	-1	1	1	0	0	0
3	858.49	-5.1677	5.8232	-5.1677	5.8232	0	2	105	-3.1058	4.2473	-1	-12.106	3.2474	0	-7.3438	3	-1	1	1	0	0	0
3	875.06	-5.3889	6.0806	-5.3889	6.0806	0	2	105	-3.1058	4.2473	-1	-12.106	3.2474	0	-7.3438	3	-1	1	1	0	0	0
3	891.64	-5.4895	6.2093	-5.4895	6.2093	0	2	105	-3.1058	4.2473	-1	-12.106	3.2474	0	-7.3438	3	-1	1	1	0	0	0
3	908.23	-5.6905	6.4024	-5.6905	6.4024	0	2	105	-3.1058	4.2473	-1	-12.106	3.2474	0	-7.3438	3	-1	1	1	0	0	0
3	924.87	-5.8514	6.5954	-5.8514	6.5954	0	2	105	-3.1058	4.2473	-1	-12.106	3.2474	0	-7.3438	3	-1	1	1	0	0	0
3	941.51	-5.9117	6.6597	-5.9117	6.6597	0	2	105	-3.1058	4.2473	-1	-12.106	3.2474	0	-7.3438	3	-1	1	1	0	0	0
3	958.08	-5.9922	6.7241	-5.9922	6.7241	0	2	105	-3.1058	4.2473	-1	-12.106	3.2474	0	-7.3438	3	-1	1	0	0	0	0
3	974.62	-6.0123	6.7241	-6.0123	6.7241	0	2	105	-3.1058	4.2473	-1	-12.106	3.2474	0	-7.3438	3	-1	1	0	0	0	0
3	991.21	-6.0123	6.7241	-6.0123	6.7241	0	2	105	-3.1058	4.2473	-1	-12.106	3.2474	0	-7.3438	3	-1	1	0	0	0	0
3	1007.9	-6.0123	6.7241	-6.0123	6.7241	0	2	105	-3.1058	4.2473	-1	-12.106	3.2474	0	-7.3438	3	-1	1	0	0	0	0
3	1024.4	-6.0123	6.7241	-6.0123	6.7241	0	2	105	-3.1058	4.2473	-1	-12.106	3.2474	0	-7.3438	3	-1	1	0	0	0	0
3	1041	-6.0123	6.7241	-6.0123	6.7241	0	3	105	-3.1058	4.2473	-1	-12.106	3.2474	0	-7.3438	3	-1	1	0	0	0	0
4	29.951	0.42227	-7.4319	0.42227	-7.4319	0	1	75	3.1058	4.2473	-1	-5.8942	3.2474	0	-7.3438	3	-1	1	0	0	0	0
4	46.511	0.32173	-7.5284	0.32173	-7.5284	0	1	75	3.1058	4.2473	-1	-5.8942	3.2474	0	-7.3438	3	-1	1	0	0	0	0
4	63.198	0.22119	-7.5606	0.22119	-7.5606	0	1	75	3.1058	4.2473	-1	-5.8942	3.2474	0	-7.3438	3	-1	1	0	0	0	0
4	79.706	0.20108	-7.5927	0.20108	-7.5927	0	1	75	3.1058	4.2473	-1	-5.8942	3.2474	0	-7.3438	3	-1	1	0	0	0	0
4	96.35	0.16086	-7.5927	0.16086	-7.5927	0	1	75	3.1058	4.2473	-1	-5.8942	3.2474	0	-7.3438	3	-1	1	0	0	0	0
4	112.92	0.14076	-7.5927	0.14076	-7.5927	0	1	75	3.1058	4.2473	-1	-5.8942	3.2474	0	-7.3438	3	-1	1	0	0	0	0
4	129.49	0.12065	-7.5927	0.12065	-7.5927	0	1	75	3.1058	4.2473	-1	-5.8942	3.2474	0	-7.3438	3	-1	1	0	0	0	0
4	146.1	0.080432	-7.5927	0.080432	-7.5927	0	1	75	3.1058	4.2473	-1	-5.8942	3.2474	0	-7.3438	3	-1	1	0	0	0	0
4	162.68	0.020108	-7.5927	0.020108	-7.5927	0	1	75	3.1058	4.2473	-1	-5.8942	3.2474	0	-7.3438	3	-1	1	0	0	0	0
4	179.28	0	-7.5927	0	-7.5927	0	1	75	3.1058	4.2473	-1	-5.8942	3.2474	0	-7.3438	3	-1	1	0	0	0	0
4	195.86	-0.040216	-7.5927	-0.040216	-7.5927	0	1	75	3.1058	4.2473	-1	-5.8942	3.2474	0	-7.3438	3	-1	1	0	0	0	0
4	212.48	-0.040216	-7.5927	-0.040216	-7.5927	0	1	75	3.1058	4.2473	-1	-5.8942	3.2474	0	-7.3438	3	-1	1	0	0	0	0
4	229.12	-0.080432	-7.5927	-0.080432	-7.5927	0	1	75	3.1058	4.2473	-1	-5.8942	3.2474	0	-7.3438	3	-1	1	1	0	0	0
4	245.67	-0.12065	-7.5927	-0.12065	-7.5927	0	1	75	3.1058	4.2473	-1	-5.8942	3.2474	0	-7.3438	3	-1	1	1	0	0	0
4	262.23	-0.14076	-7.5927	-0.14076	-7.5927	0	1	75	3.1058	4.2473	-1	-5.8942	3.2474	0	-7.3438	3	-1	1	1	0	0	0
4	278.92	-0.16086	-7.5606	-0.16086	-7.5606	0	1	75	3.1058	4.2473	-1	-5.8942	3.2474	0	-7.3438	3	-1	1	1	0	0	0
4	295.44	-0.20108	-7.464	-0.20108	-7.464	0	1	75	3.1058	4.2473	-1	-5.8942	3.2474	0	-7.3438	3	-1	1	1	0	0	0
4	312.07	-0.22119	-7.3675	-0.22119	-7.3675	0	1	75	3.1058	4.2473	-1	-5.8942	3.2474	0	-7.3438	3	-1	1	1	0	0	0
4	328.64	-0.2614	-7.1101	-0.2614	-7.1101	0	1	75	3.1058	4.2473	-1	-5.8942	3.2474	0	-7.3438	3	-1	1	1	0	0	0
4	345.24	-0.30162	-6.7562	-0.30162	-6.7562	0	1	75	3.1058	4.2473	-1	-5.8942	3.2474	0	-7.3438	3	-1	1	1	0	0	0
4	361.86	-0.30162	-6.531	-0.30162	-6.531	0	1	75	3.1058	4.2473	-1	-5.8942	3.2474	0	-7.3438	3	-1	1	1	0	0	0
4	378.41	-0.30162	-6.0485	-0.30162	-6.0485	0	1	75	3.1058	4.2473	-1	-5.8942	3.2474	0	-7.3438	3	-1	1	1	0	0	0
4	395.07	-0.28151	-5.4372	-0.28151	-5.4372	0	1	75	3.1058	4.2473	-1	-5.8942	3.2474	0	-7.3438	3	-1	1	1	0	0	0
4	411.63	-0.2614	-5.0833	-0.2614	-5.0833	0	1	75	3.1058	4.2473	-1	-5.8942	3.2474	0	-7.3438	3	-1	1	1	0	0	0
4	428.21	-0.16086	-4.3755	-0.16086	-4.3755	0	2	75	3.1058	4.2473	-1	-5.8942	3.2474	0	-7.3438	3	-1	1	1	0	0	0
4	444.8	0.020108	-3.732	0.020108	-3.732	0	2	75	3.1058	4.2473	-1	-5.8942	3.2474	0	-7.3438	3	-1	1	1	0	0	0
4	461.43	0.10054	-3.4425	0.10054	-3.4425	0	2	75	3.1058	4.2473	-1	-5.8942	3.2474	0	-7.3438	3	-1	1	1	0	0	0
4	478.01	0.32173	-2.9277	0.32173	-2.9277	0	2	75	3.1058	4.2473	-1	-5.8942	3.2474	0	-7.3438	3	-1	1	1	0	0	0
4	494.61	0.54291	-2.3486	0.54291	-2.3486	0	2	75	3.1058	4.2473	-1	-5.8942	3.2474	0	-7.3438	3	-1	1	1	0	0	0
4	511.23	0.66356	-2.0912	0.66356	-2.0912	0	2	75	3.1058	4.2473	-1	-5.8942	3.2474	0	-7.3438	3	-1	1	1	0	0	0
4	527.8	0.92496	-1.5765	0.92496	-1.5765	0	2	75	3.1058	4.2473	-1	-5.8942	3.2474	0	-7.3438	3	-1	1	1	0	0	0
4	544.38	1.1864	-1.126	1.1864	-1.126	0	2	75	3.1058	4.2473	-1	-5.8942	3.2474	0	-7.3438	3	-1	1	1	0	0	0
4	560.98	1.3271	-0.90083	1.3271	-0.90083	0	2	75	3.1058	4.2473	-1	-5.8942	3.2474	0	-7.3438	3	-1	1	1	0	0	0
4	577.57	1.6287	-0.41824	1.6287	-0.41824	0	2	75	3.1058	4.2473	-1	-5.8942	3.2474	0	-7.3438	3	-1	1	1	0	0	0
4	594.13	1.9505	0.064345	1.9505	0.064345	0	2	75	3.1058	4.2473	-1	-5.8942	3.2474	0	-7.3438	3	-1	1	1	0	0	0
4	610.72	2.1314	0.32173	2.1314	0.32173	0	2	75	3.1058	4.2473	-1	-5.8942	3.2474	0	-7.3438	3	-1	1	1	0	0	0
4	627.38	2.5135	0.77214	2.5135	0.77214	0	2	75	3.1058	4.2473	-1	-5.8942	3.2474	0	-7.3438	3	-1	1	1	0	1	0
4	643.91	2.9156	1.2226	2.9156	1.2226	0	2	75	3.1058	4.2473	-1	-5.8942	3.2474	0	-7.3438	3	-1	1	1	0	0	0
4	660.51	3.1368	1.4478	3.1368	1.4478	0	2	75	3.1058	4.2473	-1	-5.8942	3.2474	0	-7.3438	3	-1	1	1	0	0	0
4	677.19	3.5591	1.9304	3.5591	1.9304	0	2	75	3.1058	4.2473	-1	-5.8942	3.2474	0	-7.3438	3	-1	1	1	0	0	0
4	693.72	3.7803	2.1556	3.7803	2.1556	0	2	75	3.1058	4.2473	-1	-5.8942	3.2474	0	-7.3438	3	-1	1	1	0	0	0
4	710.31	4.1824	2.606	4.1824	2.606	0	2	75	3.1058	4.2473	-1	-5.8942	3.2474	0	-7.3438	3	-1	1	1	0	0	0
4	726.89	4.5645	3.0564	4.5645	3.0564	0	2	75	3.1058	4.2473	-1	-5.8942	3.2474	0	-7.3438	3	-1	1	1	0	0	0
4	743.46	4.8862	3.4746	4.8862	3.4746	0	2	75	3.1058	4.2473	-1	-5.8942	3.2474	0	-7.3438	3	-1	1	1	0	0	0
4	760.11	5.027	3.6677	5.027	3.6677	0	2	75	3.1058	4.2473	-1	-5.8942	3.2474	0	-7.3438	3	-1	1	1	0	0	0
4	776.7	5.3286	4.0859	5.3286	4.0859	0	2	75	3.1058	4.2473	-1	-5.8942	3.2474	0	-7.3438	3	-1	1	1	0	0	0
4	793.28	5.4693	4.2468	5.4693	4.2468	0	2	75	3.1058	4.2473	-1	-5.8942	3.2474	0	-7.3438	3	-1	1	1	0	0	0
4	809.87	5.7106	4.6329	5.7106	4.6329	0	2	75	3.1058	4.2473	-1	-5.8942	3.2474	0	-7.3438	3	-1	1	1	0	0	0
4	826.43	5.9519	4.9224	5.9519	4.9224	0	2	75	3.1058	4.2473	-1	-5.8942	3.2474	0	-7.3438	3	-1	1	1	0	0	0
4	843.05	6.1128	5.1798	6.1128	5.1798	0	2	75	3.1058	4.2473	-1	-5.8942	3.2474	0	-7.3438	3	-1	1	1	0	0	0
4	859.64	6.1731	5.2441	6.1731	5.2441	0	2	75	3.1058	4.2473	-1	-5.8942	3.2474	0	-7.3438	3	-1	1	1	0	0	0
4	876.29	6.2737	5.3728	6.2737	5.3728	0	2	75	3.1058	4.2473	-1	-5.8942	3.2474	0	-7.3438	3	-1	1	1	0	0	0
4	892.79	6.3139	5.405	6.3139	5.405	0	2	75	3.1058	4.2473	-1	-5.8942	3.2474	0	-7.3438	3	-1	1	0	0	0	0
4	909.51	6.3742	5.4693	6.3742	5.4693	0	2	75	3.1058	4.2473	-1	-5.8942	3.2474	0	-7.3438	3	-1	1	0	0	0	0
4	926	6.4144	5.5015	6.4144	5.5015	0	2	75	3.1058	4.2473	-1	-5.8942	3.2474	0	-7.3438	3	-1	1	0	0	0	0
4	942.63	6.4546	5.5337	6.4546	5.5337	0	2	75	3.1058	4.2473	-1	-5.8942	3.2474	0	-7.3438	3	-1	1	0	0	0	0
4	959.22	6.4546	5.5337	6.4546	5.5337	0	2	75	3.1058	4.2473	-1	-5.8942	3.2474	0	-7.3438	3	-1	1	0	0	0	0
4	975.79	6.4546	5.5337	6.4546	5.5337	0	2	75	3.1058	4.2473	-1	-5.8942	3.2474	0	-7.3438	3	-1	1	0	0	0	0
4	992.46	6.4546	5.5337	6.4546	5.5337	0	3	75	3.1058	4.2473	-1	-5.8942	3.2474	0	-7.3438	3	-1	1	0	0	0	0
5	30.261	-0.62334	-7.3675	-0.62334	-7.3675	0	1	90	0	4.6562	-1	-9	3.6562	0	-7.3438	3	-1	1	0	0	0	0
5	46.878	-0.60324	-7.3675	-0.60324	-7.3675	0	1	90	0	4.6562	-1	-9	3.6562	0	-7.3438	3	-1	1	0	0	0	0
5	63.42	-0.60324	-7.3997	-0.60324	-7.3997	0	1	90	0	4.6562	-1	-9	3.6562	0	-7.3438	3	-1	1	0	0	0	0
5	79.973	-0.60324	-7.3997	-0.60324	-7.3997	0	1	90	0	4.6562	-1	-9	3.6562	0	-7.3438	3	-1	1	0	0	0	0
5	96.573	-0.60324	-7.3997	-0.60324	-7.3997	0	1	90	0	4.6562	-1	-9	3.6562	0	-7.3438	3	-1	1	0	0	0	0
5	113.17	-0.60324	-7.3997	-0.60324	-7.3997	0	1	90	0	4.6562	-1	-9	3.6562	0	-7.3438	3	-1	1	0	0	0	0
5	129.76	-0.60324	-7.3997	-0.60324	-7.3997	0	1	90	0	4.6562	-1	-9	3.6562	0	-7.3438	3	-1	1	0	0	0	0
5	146.41	-0.60324	-7.3997	-0.60324	-7.3997	0	1	90	0	4.6562	-1	-9	3.6562	0	-7.3438	3	-1	1	0	0	0	0
5	162.96	-0.60324	-7.3997	-0.60324	-7.3997	0	1	90	0	4.6562	-1	-9	3.6562	0	-7.3438	3	-1	1	0	0	0	0
5	179.57	-0.58313	-7.3997	-0.58313	-7.3997	0	1	90	0	4.6562	-1	-9	3.6562	0	-7.3438	3	-1	1	0	0	0	0
5	196.14	-0.58313	-7.3997	-0.58313	-7.3997	0	1	90	0	4.6562	-1	-9	3.6562	0	-7.3438	3	-1	1	1	0	0	0
5	212.82	-0.58313	-7.3997	-0.58313	-7.3997	0	1	90	0	4.6562	-1	-9	3.6562	0	-7.3438	3	-1	1	1	0	0	0
5	229.39	-0.58313	-7.3997	-0.58313	-7.3997	0	1	90	0	4.6562	-1	-9	3.6562	0	-7.3438	3	-1	1	1	0	0	0
5	245.99	-0.58313	-7.3997	-0.58313	-7.3997	0	1	90	0	4.6562	-1	-9	3.6562	0	-7.3438	3	-1	1	1	0	0	0
5	262.54	-0.58313	-7.3997	-0.58313	-7.3997	0	1	90	0	4.6562	-1	-9	3.6562	0	-7.3438	3	-1	1	1	0	0	0
5	279.1	-0.60324	-7.3675	-0.60324	-7.3675	0	1	90	0	4.6562	-1	-9	3.6562	0	-7.3438	3	-1	1	1	0	0	0
5	295.69	-0.64345	-7.271	-0.64345	-7.271	0	1	90	0	4.6562	-1	-9	3.6562	0	-7.3438	3	-1	1	1	0	0	0
5	312.3	-0.68367	-7.1745	-0.68367	-7.1745	0	1	90	0	4.6562	-1	-9	3.6562	0	-7.3438	3	-1	1	1	0	0	0
5	328.88	-0.82442	-6.8849	-0.82442	-6.8849	0	1	90	0	4.6562	-1	-9	3.6562	0	-7.3438	3	-1	1	1	0	0	0
5	345.48	-0.90485	-6.6597	-0.90485	-6.6597	0	1	90	0	4.6562	-1	-9	3.6562	0	-7.3438	3	-1	1	1	0	0	0
5	362.11	-1.0456	-6.145	-1.0456	-6.145	0	1	90	0	4.6562	-1	-9	3.6562	0	-7.3438	3	-1	1	1	0	0	0
5	378.7	-1.126	-5.5337	-1.126	-5.5337	0	1	90	0	4.6562	-1	-9	3.6562	0	-7.3438	3	-1	1	1	0	0	0
5	395.29	-1.1461	-5.1798	-1.1461	-5.1798	0	2	90	0	4.6562	-1	-9	3.6562	0	-7.3438	3	-1	1	1	0	0	0
5	411.92	-1.1461	-4.4076	-1.1461	-4.4076	0	2	90	0	4.6562	-1	-9	3.6562	0	-7.3438	3	-1	1	1	0	0	0
5	428.48	-1.0858	-3.5068	-1.0858	-3.5068	0	2	90	0	4.6562	-1	-9	3.6562	0	-7.3438	3	-1	1	1	0	0	0
5	445.06	-1.0456	-3.0242	-1.0456	-3.0242	0	2	90	0	4.6562	-1	-9	3.6562	0	-7.3438	3	-1	1	1	0	0	0
5	461.68	-0.86464	-2.0269	-0.86464	-2.0269	0	2	90	0	4.6562	-1	-9	3.6562	0	-7.3438	3	-1	1	1	0	1	0
5	478.22	-0.62334	-1.0617	-0.62334	-1.0617	0	2	90	0	4.6562	-1	-9	3.6562	0	-7.3438	3	-1	1	1	0	0	0
5	494.82	-0.48259	-0.57911	-0.48259	-0.57911	0	2	90	0	4.6562	-1	-9	3.6562	0	-7.3438	3	-1	1	1	0	0	0
5	511.47	-0.20108	0.28955	-0.20108	0.28955	0	2	90	0	4.6562	-1	-9	3.6562	0	-7.3438	3	-1	1	1	0	0	0
5	528.02	0.060324	1.1582	0.060324	1.1582	0	2	90	0	4.6562	-1	-9	3.6562	0	-7.3438	3	-1	1	1	0	0	0
5	544.6	0.20108	1.5765	0.20108	1.5765	0	2	90	0	4.6562	-1	-9	3.6562	0	-7.3438	3	-1	1	1	0	0	0
5	561.21	0.46248	2.4129	0.46248	2.4129	0	2	90	0	4.6562	-1	-9	3.6562	0	-7.3438	3	-1	1	1	0	0	0
5	577.81	0.58313	2.7668	0.58313	2.7668	0	2	90	0	4.6562	-1	-9	3.6562	0	-7.3438	3	-1	1	1	0	0	0
5	594.41	0.88475	3.4103	0.88475	3.4103	0	2	90	0	4.6562	-1	-9	3.6562	0	-7.3438	3	-1	1	1	0	0	0
5	610.99	1.1864	3.9572	1.1864	3.9572	0	2	90	0	4.6562	-1	-9	3.6562	0	-7.3438	3	-1	1	1	0	0	0
5	627.6	1.5081	4.4076	1.5081	4.4076	0	2	90	0	4.6562	-1	-9	3.6562	0	-7.3438	3	-1	1	1	0	0	0
5	644.17	1.6488	4.6007	1.6488	4.6007	0	2	90	0	4.6562	-1	-9	3.6562	0	-7.3438	3	-1	1	1	0	0	0
5	660.9	1.87	4.9546	1.87	4.9546	0	2	90	0	4.6562	-1	-9	3.6562	0	-7.3438	3	-1	1	1	0	0	0
5	677.44	1.9706	5.1154	1.9706	5.1154	0	2	90	0	4.6562	-1	-9	3.6562	0	-7.3438	3	-1	1	1	0	0	0
5	693.97	2.1515	5.3728	2.1515	5.3728	0	2	90	0	4.6562	-1	-9	3.6562	0	-7.3438	3	-1	1	1	0	0	0
5	710.54	2.2722	5.598	2.2722	5.598	0	2	90	0	4.6562	-1	-9	3.6562	0	-7.3438	3	-1	1	1	0	0	0
5	727.21	2.3928	5.7589	2.3928	5.7589	0	2	90	0	4.6562	-1	-9	3.6562	0	-7.3438	3	-1	1	1	0	0	0
5	743.75	2.4733	5.8554	2.4733	5.8554	0	2	90	0	4.6562	-1	-9	3.6562	0	-7.3438	3	-1	1	1	0	0	0
5	760.36	2.5939	6.0485	2.5939	6.0485	0	2	90	0	4.6562	-1	-9	3.6562	0	-7.3438	3	-1	1	1	0	0	0
5	776.96	2.6542	6.145	2.6542	6.145	0	2	90	0	4.6562	-1	-9	3.6562	0	-7.3438	3	-1	1	1	0	0	0
5	793.52	2.7548	6.2737	2.7548	6.2737	0	2	90	0	4.6562	-1	-9	3.6562	0	-7.3438	3	-1	1	0	0	0	0
5	810.11	2.795	6.3702	2.795	6.3702	0	2	90	0	4.6562	-1	-9	3.6562	0	-7.3438	3	-1	1	0	0	0	0
5	826.7	2.795	6.3702	2.795	6.3702	0	2	90	0	4.6562	-1	-9	3.6562	0	-7.3438	3	-1	1	0	0	0	0
5	843.29	2.8151	6.3702	2.8151	6.3702	0	2	90	0	4.6562	-1	-9	3.6562	0	-7.3438	3	-1	1	0	0	0	0
5	859.95	2.795	6.3702	2.795	6.3702	0	2	90	0	4.6562	-1	-9	3.6562	0	-7.3438	3	-1	1	0	0	0	0
5	876.5	2.795	6.3702	2.795	6.3702	0	3	90	0	4.6562	-1	-9	3.6562	0	-7.3438	3	-1	1	0	0	0	0
6	30.837	-0.40216	-7.5284	-0.40216	-7.5284	0	1	105	-3.1058	4.2473	-1	-12.106	3.2474	0	-7.3438	3	-1	1	0	0	0	0
6	47.472	-0.40216	-7.5606	-0.40216	-7.5606	0	1	105	-3.1058	4.2473	-1	-12.106	3.2474	0	-7.3438	3	-1	1	0	0	0	0
6	64.028	-0.40216	-7.5606	-0.40216	-7.5606	0	1	105	-3.1058	4.2473	-1	-12.106	3.2474	0	-7.3438	3	-1	1	0	0	0	0
6	80.61	-0.38205	-7.5606	-0.38205	-7.5606	0	1	105	-3.1058	4.2473	-1	-12.106	3.2474	0	-7.3438	3	-1	1	0	0	0	0
6	97.256	-0.38205	-7.5606	-0.38205	-7.5606	0	1	105	-3.1058	4.2473	-1	-12.106	3.2474	0	-7.3438	3	-1	1	0	0	0	0
6	113.78	-0.38205	-7.5606	-0.38205	-7.5606	0	1	105	-3.1058	4.2473	-1	-12.106	3.2474	0	-7.3438	3	-1	1	0	0	0	0
6	130.42	-0.38205	-7.5927	-0.38205	-7.5927	0	1	105	-3.1058	4.2473	-1	-12.106	3.2474	0	-7.3438	3	-1	1	0	0	0	0
6	147.03	-0.38205	-7.5927	-0.38205	-7.5927	0	1	105	-3.1058	4.2473	-1	-12.106	3.2474	0	-7.3438	3	-1	1	0	0	0	0
6	163.56	-0.38205	-7.5927	-0.38205	-7.5927	0	1	105	-3.1058	4.2473	-1	-12.106	3.2474	0	-7.3438	3	-1	1	0	0	0	0
6	180.16	-0.38205	-7.5927	-0.38205	-7.5927	0	1	105	-3.1058	4.2473	-1	-12.106	3.2474	0	-7.3438	3	-1	1	0	0	0	0
6	196.77	-0.38205	-7.5927	-0.38205	-7.5927	0	1	105	-3.1058	4.2473	-1	-12.106	3.2474	0	-7.3438	3	-1	1	0	0	0	0
6	213.46	-0.38205	-7.5927	-0.38205	-7.5927	0	1	105	-3.1058	4.2473	-1	-12.106	3.2474	0	-7.3438	3	-1	1	0	0	0	0
6	229.98	-0.38205	-7.5927	-0.38205	-7.5927	0	1	105	-3.1058	4.2473	-1	-12.106	3.2474	0	-7.3438	3	-1	1	0	0	0	0
6	246.6	-0.38205	-7.5927	-0.38205	-7.5927	0	1	105	-3.1058	4.2473	-1	-12.106	3.2474	0	-7.3438	3	-1	1	0	0	0	0
6	263.15	-0.38205	-7.5927	-0.38205	-7.5927	0	1	105	-3.1058	4.2473	-1	-12.106	3.2474	0	-7.3438	3	-1	1	0	0	0	0
6	279.76	-0.38205	-7.5927	-0.38205	-7.5927	0	1	105	-3.1058	4.2473	-1	-12.106	3.2474	0	-7.3438	3	-1	1	0	0	0	0
6	296.33	-0.38205	-7.5927	-0.38205	-7.5927	0	1	105	-3.1058	4.2473	-1	-12.106	3.2474	0	-7.3438	3	-1	1	0	0	0	0
6	312.94	-0.38205	-7.5927	-0.38205	-7.5927	0	1	105	-3.1058	4.2473	-1	-12.106	3.2474	0	-7.3438	3	-1	1	0	0	0	0
6	329.51	-0.38205	-7.5606	-0.38205	-7.5606	0	1	105	-3.1058	4.2473	-1	-12.106	3.2474	0	-7.3438	3	-1	1	1	0	0	0
6	346.12	-0.38205	-7.5606	-0.38205	-7.5606	0	1	105	-3.1058	4.2473	-1	-12.106	3.2474	0	-7.3438	3	-1	1	1	0	0	0
6	362.69	-0.48259	-7.4319	-0.48259	-7.4319	0	1	105	-3.1058	4.2473	-1	-12.106	3.2474	0	-7.3438	3	-1	1	1	0	0	0
6	379.3	-0.56302	-7.3354	-0.56302	-7.3354	0	1	105	-3.1058	4.2473	-1	-12.106	3.2474	0	-7.3438	3	-1	1	1	0	0	0
6	395.92	-0.84453	-6.9493	-0.84453	-6.9493	0	1	105	-3.1058	4.2473	-1	-12.106	3.2474	0	-7.3438	3	-1	1	1	0	0	0
6	412.5	-1.1663	-6.4024	-1.1663	-6.4024	0	1	105	-3.1058	4.2473	-1	-12.106	3.2474	0	-7.3438	3	-1	1	1	0	0	0
6	429.09	-1.307	-6.1128	-1.307	-6.1128	0	1	105	-3.1058	4.2473	-1	-12.106	3.2474	0	-7.3438	3	-1	1	1	0	0	0
6	445.73	-1.5684	-5.405	-1.5684	-5.405	0	1	105	-3.1058	4.2473	-1	-12.106	3.2474	0	-7.3438	3	-1	1	1	0	0	0
6	462.27	-1.8097	-4.665	-1.8097	-4.665	0	2	105	-3.1058	4.2473	-1	-12.106	3.2474	0	-7.3438	3	-1	1	1	0	0	0
6	478.88	-1.9102	-4.279	-1.9102	-4.279	0	2	105	-3.1058	4.2473	-1	-12.106	3.2474	0	-7.3438	3	-1	1	1	0	0	0
6	495.52	-2.051	-3.5712	-2.051	-3.5712	0	2	105	-3.1058	4.2473	-1	-12.106	3.2474	0	-7.3438	3	-1	1	1	0	1	0
6	512.08	-2.1918	-2.9599	-2.1918	-2.9599	0	2	105	-3.1058	4.2473	-1	-12.106	3.2474	0	-7.3438	3	-1	1	1	0	0	0
6	528.7	-2.2722	-2.6703	-2.2722	-2.6703	0	2	105	-3.1058	4.2473	-1	-12.106	3.2474	0	-7.3438	3	-1	1	1	0	0	0
6	545.28	-2.4733	-2.059	-2.4733	-2.059	0	2	105	-3.1058	4.2473	-1	-12.106	3.2474	0	-7.3438	3	-1	1	1	0	0	0
6	561.9	-2.6743	-1.4156	-2.6743	-1.4156	0	2	105	-3.1058	4.2473	-1	-12.106	3.2474	0	-7.3438	3	-1	1	1	0	0	0
6	578.47	-2.7548	-1.0617	-2.7548	-1.0617	0	2	105	-3.1058	4.2473	-1	-12.106	3.2474	0	-7.3438	3	-1	1	1	0	0	0
6	595.01	-2.9358	-0.38607	-2.9358	-0.38607	0	2	105	-3.1058	4.2473	-1	-12.106	3.2474	0	-7.3438	3	-1	1	1	0	0	0
6	611.61	-2.9961	-0.064345	-2.9961	-0.064345	0	2	105	-3.1058	4.2473	-1	-12.106	3.2474	0	-7.3438	3	-1	1	1	0	0	0
6	628.22	-3.1368	0.51476	-3.1368	0.51476	0	2	105	-3.1058	4.2473	-1	-12.106	3.2474	0	-7.3438	3	-1	1	1	0	0	0
6	644.83	-3.2776	0.99735	-3.2776	0.99735	0	2	105	-3.1058	4.2473	-1	-12.106	3.2474	0	-7.3438	3	-1	1	1	0	0	0
6	661.42	-3.3982	1.4478	-3.3982	1.4478	0	2	105	-3.1058	4.2473	-1	-12.106	3.2474	0	-7.3438	3	-1	1	1	0	0	0
6	678.05	-3.4384	1.6408	-3.4384	1.6408	0	2	105	-3.1058	4.2473	-1	-12.106	3.2474	0	-7.3438	3	-1	1	1	0	0	0
6	694.67	-3.5189	2.059	-3.5189	2.059	0	2	105	-3.1058	4.2473	-1	-12.106	3.2474	0	-7.3438	3	-1	1	1	0	0	0
6	711.22	-3.5591	2.2521	-3.5591	2.2521	0	2	105	-3.1058	4.2473	-1	-12.106	3.2474	0	-7.3438	3	-1	1	1	0	0	0
6	727.82	-3.6194	2.606	-3.6194	2.606	0	2	105	-3.1058	4.2473	-1	-12.106	3.2474	0	-7.3438	3	-1	1	1	0	0	0
6	744.42	-3.6999	2.9277	-3.6999	2.9277	0	2	105	-3.1058	4.2473	-1	-12.106	3.2474	0	-7.3438	3	-1	1	1	0	0	0
6	760.99	-3.7401	3.0886	-3.7401	3.0886	0	2	105	-3.1058	4.2473	-1	-12.106	3.2474	0	-7.3438	3	-1	1	1	0	0	0
6	777.6	-3.8607	3.346	-3.8607	3.346	0	2	105	-3.1058	4.2473	-1	-12.106	3.2474	0	-7.3438	3	-1	1	1	0	0	0
6	794.3	-3.9814	3.5712	-3.9814	3.5712	0	2	105	-3.1058	4.2473	-1	-12.106	3.2474	0	-7.3438	3	-1	1	1	0	0	0
6	810.75	-4.0417	3.6677	-4.0417	3.6677	0	2	105	-3.1058	4.2473	-1	-12.106	3.2474	0	-7.3438	3	-1	1	1	0	0	0
6	827.36	-4.1824	3.8607	-4.1824	3.8607	0	2	105	-3.1058	4.2473	-1	-12.106	3.2474	0	-7.3438	3	-1	1	1	0	0	0
6	843.99	-4.3433	3.9894	-4.3433	3.9894	0	2	105	-3.1058	4.2473	-1	-12.106	3.2474	0	-7.3438	3	-1	1	0	0	0	0
6	860.54	-4.4036	4.0216	-4.4036	4.0216	0	2	105	-3.1058	4.2473	-1	-12.106	3.2474	0	-7.3438	3	-1	1	0	0	0	0
6	877.13	-4.5243	4.0859	-4.5243	4.0859	0	2	105	-3.1058	4.2473	-1	-12.106	3.2474	0	-7.3438	3	-1	1	0	0	0	0
6	893.71	-4.6047	4.1503	-4.6047	4.1503	0	2	105	-3.1058	4.2473	-1	-12.106	3.2474	0	-7.3438	3	-1	1	0	0	0	0
6	910.3	-4.6449	4.1824	-4.6449	4.1824	0	2	105	-3.1058	4.2473	-1	-12.106	3.2474	0	-7.3438	3	-1	1	0	0	0	0
6	926.94	-4.6851	4.2146	-4.6851	4.2146	0	2	105	-3.1058	4.2473	-1	-12.106	3.2474	0	-7.3438	3	-1	1	0	0	0	0
6	943.57	-4.6851	4.2468	-4.6851	4.2468	0	3	105	-3.1058	4.2473	-1	-12.106	3.2474	0	-7.3438	3	-1	1	0	0	0	0
7	30.534	0.58313	-7.3997	0.58313	-7.3997	0	1	90	0	4.6562	-1	-9	3.6562	0	-7.3438	3	-1	1	0	0	0	0
7	47.126	0.56302	-7.5284	0.56302	-7.5284	0	1	90	0	4.6562	-1	-9	3.6562	0	-7.3438	3	-1	1	0	0	0	0
7	63.743	0.56302	-7.5284	0.56302	-7.5284	0	1	90	0	4.6562	-1	-9	3.6562	0	-7.3438	3	-1	1	0	0	0	0
7	80.319	0.58313	-7.5284	0.58313	-7.5284	0	1	90	0	4.6562	-1	-9	3.6562	0	-7.3438	3	-1	1	0	0	0	0
7	97.022	0.58313	-7.5284	0.58313	-7.5284	0	1	90	0	4.6562	-1	-9	3.6562	0	-7.3438	3	-1	1	0	0	0	0
7	113.55	0.58313	-7.5284	0.58313	-7.5284	0	1	90	0	4.6562	-1	-9	3.6562	0	-7.3438	3	-1	1	0	0	0	0
7	130.11	0.58313	-7.5284	0.58313	-7.5284	0	1	90	0	4.6562	-1	-9	3.6562	0	-7.3438	3	-1	1	0	0	0	0
7	146.67	0.58313	-7.5284	0.58313	-7.5284	0	1	90	0	4.6562	-1	-9	3.6562	0	-7.3438	3	-1	1	0	0	0	0
7	163.29	0.58313	-7.5284	0.58313	-7.5284	0	1	90	0	4.6562	-1	-9	3.6562	0	-7.3438	3	-1	1	0	0	0	0
7	179.9	0.58313	-7.5284	0.58313	-7.5284	0	1	90	0	4.6562	-1	-9	3.6562	0	-7.3438	3	-1	1	0	0	0	0
7	196.52	0.58313	-7.5284	0.58313	-7.5284	0	1	90	0	4.6562	-1	-9	3.6562	0	-7.3438	3	-1	1	0	0	0	0
7	213.15	0.58313	-7.5284	0.58313	-7.5284	0	1	90	0	4.6562	-1	-9	3.6562	0	-7.3438	3	-1	1	0	0	0	0
7	229.68	0.58313	-7.5284	0.58313	-7.5284	0	1	90	0	4.6562	-1	-9	3.6562	0	-7.3438	3	-1	1	0	0	0	0
7	246.32	0.58313	-7.5284	0.58313	-7.5284	0	1	90	0	4.6562	-1	-9	3.6562	0	-7.3438	3	-1	1	0	0	0	0
7	262.88	0.58313	-7.5284	0.58313	-7.5284	0	1	90	0	4.6562	-1	-9	3.6562	0	-7.3438	3	-1	1	0	0	0	0
7	279.42	0.58313	-7.5284	0.58313	-7.5284	0	1	90	0	4.6562	-1	-9	3.6562	0	-7.3438	3	-1	1	0	0	0	0
7	296.1	0.56302	-7.5284	0.56302	-7.5284	0	1	90	0	4.6562	-1	-9	3.6562	0	-7.3438	3	-1	1	0	0	0	0
7	312.65	0.54291	-7.4962	0.54291	-7.4962	0	1	90	0	4.6562	-1	-9	3.6562	0	-7.3438	3	-1	1	1	0	0	0
7	329.23	0.52281	-7.464	0.52281	-7.464	0	1	90	0	4.6562	-1	-9	3.6562	0	-7.3438	3	-1	1	1	0	0	0
7	345.86	0.42227	-7.3032	0.42227	-7.3032	0	1	90	0	4.6562	-1	-9	3.6562	0	-7.3438	3	-1	1	1	0	0	0
7	362.41	0.24129	-6.9493	0.24129	-6.9493	0	1	90	0	4.6562	-1	-9	3.6562	0	-7.3438	3	-1	1	1	0	0	0
7	379.04	0.16086	-6.6919	0.16086	-6.6919	0	1	90	0	4.6562	-1	-9	3.6562	0	-7.3438	3	-1	1	1	0	0	0
7	395.6	-0.020108	-6.0806	-0.020108	-6.0806	0	1	90	0	4.6562	-1	-9	3.6562	0	-7.3438	3	-1	1	1	0	0	0
7	412.2	-0.12065	-5.3728	-0.12065	-5.3728	0	1	90	0	4.6562	-1	-9	3.6562	0	-7.3438	3	-1	1	1	0	0	0
7	428.85	-0.16086	-5.0189	-0.16086	-5.0189	0	1	90	0	4.6562	-1	-9	3.6562	0	-7.3438	3	-1	1	1	0	0	0
7	445.41	-0.16086	-4.3111	-0.16086	-4.3111	0	2	90	0	4.6562	-1	-9	3.6562	0	-7.3438	3	-1	1	1	0	0	0
7	462.01	-0.14076	-3.6355	-0.14076	-3.6355	0	2	90	0	4.6562	-1	-9	3.6562	0	-7.3438	3	-1	1	1	0	0	0
7	478.68	-0.12065	-3.3138	-0.12065	-3.3138	0	2	90	0	4.6562	-1	-9	3.6562	0	-7.3438	3	-1	1	1	0	0	0
7	495.18	-0.14076	-2.6703	-0.14076	-2.6703	0	2	90	0	4.6562	-1	-9	3.6562	0	-7.3438	3	-1	1	1	0	0	0
7	511.79	-0.16086	-2.0269	-0.16086	-2.0269	0	2	90	0	4.6562	-1	-9	3.6562	0	-7.3438	3	-1	1	1	0	0	0
7	528.36	-0.18097	-1.673	-0.18097	-1.673	0	2	90	0	4.6562	-1	-9	3.6562	0	-7.3438	3	-1	1	1	0	1	0
7	544.96	-0.18097	-0.99735	-0.18097	-0.99735	0	2	90	0	4.6562	-1	-9	3.6562	0	-7.3438	3	-1	1	1	0	0	0
7	561.54	-0.18097	-0.32173	-0.18097	-0.32173	0	2	90	0	4.6562	-1	-9	3.6562	0	-7.3438	3	-1	1	1	0	0	0
7	578.2	-0.18097	0.032173	-0.18097	0.032173	0	2	90	0	4.6562	-1	-9	3.6562	0	-7.3438	3	-1	1	1	0	0	0
7	594.78	-0.14076	0.67563	-0.14076	0.67562	0	2	90	0	4.6562	-1	-9	3.6562	0	-7.3438	3	-1	1	1	0	0	0
7	611.36	-0.10054	1.3513	-0.10054	1.3512	0	2	90	0	4.6562	-1	-9	3.6562	0	-7.3438	3	-1	1	1	0	0	0
7	627.95	-0.060324	1.673	-0.060324	1.673	0	2	90	0	4.6562	-1	-9	3.6562	0	-7.3438	3	-1	1	1	0	0	0
7	644.51	0.020108	2.2521	0.020108	2.2521	0	2	90	0	4.6562	-1	-9	3.6562	0	-7.3438	3	-1	1	1	0	0	0
7	661.14	0.16086	2.799	0.16086	2.799	0	2	90	0	4.6562	-1	-9	3.6562	0	-7.3438	3	-1	1	1	0	0	0
7	677.72	0.22119	3.0564	0.22119	3.0564	0	2	90	0	4.6562	-1	-9	3.6562	0	-7.3438	3	-1	1	1	0	0	0
7	694.35	0.34183	3.5068	0.34183	3.5068	0	2	90	0	4.6562	-1	-9	3.6562	0	-7.3438	3	-1	1	1	0	0	0
7	710.91	0.38205	3.732	0.38205	3.732	0	2	90	0	4.6562	-1	-9	3.6562	0	-7.3438	3	-1	1	1	0	0	0
7	727.51	0.48259	4.1503	0.48259	4.1503	0	2	90	0	4.6562	-1	-9	3.6562	0	-7.3438	3	-1	1	1	0	0	0
7	744.08	0.58313	4.5363	0.58313	4.5363	0	2	90	0	4.6562	-1	-9	3.6562	0	-7.3438	3	-1	1	1	0	0	0
7	760.69	0.62334	4.6972	0.62334	4.6972	0	2	90	0	4.6562	-1	-9	3.6562	0	-7.3438	3	-1	1	1	0	0	0
7	777.3	0.72388	4.9868	0.72388	4.9868	0	2	90	0	4.6562	-1	-9	3.6562	0	-7.3438	3	-1	1	1	0	0	0
7	793.88	0.82442	5.2763	0.82442	5.2763	0	2	90	0	4.6562	-1	-9	3.6562	0	-7.3438	3	-1	1	1	0	0	0
7	810.48	0.86464	5.405	0.86464	5.405	0	2	90	0	4.6562	-1	-9	3.6562	0	-7.3438	3	-1	1	1	0	0	0
7	827.07	0.92496	5.6302	0.92496	5.6302	0	2	90	0	4.6562	-1	-9	3.6562	0	-7.3438	3	-1	1	1	0	0	0
7	843.66	0.94507	5.7589	0.94507	5.7589	0	2	90	0	4.6562	-1	-9	3.6562	0	-7.3438	3	-1	1	0	0	0	0
7	860.23	0.94507	5.8232	0.94507	5.8232	0	2	90	0	4.6562	-1	-9	3.6562	0	-7.3438	3	-1	1	0	0	0	0
7	876.85	0.94507	5.9519	0.94507	5.9519	0	2	90	0	4.6562	-1	-9	3.6562	0	-7.3438	3	-1	1	0	0	0	0
7	893.45	0.94507	6.0163	0.94507	6.0163	0	2	90	0	4.6562	-1	-9	3.6562	0	-7.3438	3	-1	1	0	0	0	0
7	910.05	0.94507	6.0485	0.94507	6.0485	0	2	90	0	4.6562	-1	-9	3.6562	0	-7.3438	3	-1	1	0	0	0	0
7	926.62	0.94507	6.0806	0.94507	6.0806	0	2	90	0	4.6562	-1	-9	3.6562	0	-7.3438	3	-1	1	0	0	0	0
7	943.24	0.94507	6.0806	0.94507	6.0806	0	3	90	0	4.6562	-1	-9	3.6562	0	-7.3438	3	-1	1	0	0	0	0
8	30.544	-0.68367	-7.3997	-0.68367	-7.3997	0	1	75	3.1058	4.2473	-1	-5.8942	3.2474	0	-7.3438	3	-1	1	0	0	0	0
8	47.124	-0.68367	-7.3997	-0.68367	-7.3997	0	1	75	3.1058	4.2473	-1	-5.8942	3.2474	0	-7.3438	3	-1	1	0	0	0	0
8	63.703	-0.66356	-7.3997	-0.66356	-7.3997	0	1	75	3.1058	4.2473	-1	-5.8942	3.2474	0	-7.3438	3	-1	1	0	0	0	0
8	80.307	-0.66356	-7.3997	-0.66356	-7.3997	0	1	75	3.1058	4.2473	-1	-5.8942	3.2474	0	-7.3438	3	-1	1	0	0	0	0
8	96.884	-0.64345	-7.4319	-0.64345	-7.4319	0	1	75	3.1058	4.2473	-1	-5.8942	3.2474	0	-7.3438	3	-1	1	0	0	0	0
8	113.48	-0.64345	-7.4319	-0.64345	-7.4319	0	1	75	3.1058	4.2473	-1	-5.8942	3.2474	0	-7.3438	3	-1	1	0	0	0	0
8	130.06	-0.62334	-7.4319	-0.62334	-7.4319	0	1	75	3.1058	4.2473	-1	-5.8942	3.2474	0	-7.3438	3	-1	1	0	0	0	0
8	146.73	-0.62334	-7.4319	-0.62334	-7.4319	0	1	75	3.1058	4.2473	-1	-5.8942	3.2474	0	-7.3438	3	-1	1	0	0	0	0
8	163.31	-0.62334	-7.4319	-0.62334	-7.4319	0	1	75	3.1058	4.2473	-1	-5.8942	3.2474	0	-7.3438	3	-1	1	0	0	0	0
8	179.89	-0.62334	-7.4319	-0.62334	-7.4319	0	1	75	3.1058	4.2473	-1	-5.8942	3.2474	0	-7.3438	3	-1	1	0	0	0	0
8	196.51	-0.62334	-7.4319	-0.62334	-7.4319	0	1	75	3.1058	4.2473	-1	-5.8942	3.2474	0	-7.3438	3	-1	1	0	0	0	0
8	213.06	-0.62334	-7.4319	-0.62334	-7.4319	0	1	75	3.1058	4.2473	-1	-5.8942	3.2474	0	-7.3438	3	-1	1	0	0	0	0
8	229.64	-0.62334	-7.4319	-0.62334	-7.4319	0	1	75	3.1058	4.2473	-1	-5.8942	3.2474	0	-7.3438	3	-1	1	0	0	0	0
8	246.26	-0.62334	-7.4319	-0.62334	-7.4319	0	1	75	3.1058	4.2473	-1	-5.8942	3.2474	0	-7.3438	3	-1	1	0	0	0	0
8	262.85	-0.62334	-7.3997	-0.62334	-7.3997	0	1	75	3.1058	4.2473	-1	-5.8942	3.2474	0	-7.3438	3	-1	1	0	0	0	0
8	279.43	-0.62334	-7.3675	-0.62334	-7.3675	0	1	75	3.1058	4.2473	-1	-5.8942	3.2474	0	-7.3438	3	-1	1	1	0	0	0
8	296.08	-0.62334	-7.3354	-0.62334	-7.3354	0	1	75	3.1058	4.2473	-1	-5.8942	3.2474	0	-7.3438	3	-1	1	1	0	0	0
8	312.65	-0.62334	-7.1423	-0.62334	-7.1423	0	1	75	3.1058	4.2473	-1	-5.8942	3.2474	0	-7.3438	3	-1	1	1	0	0	0
8	329.26	-0.62334	-6.7884	-0.62334	-6.7884	0	1	75	3.1058	4.2473	-1	-5.8942	3.2474	0	-7.3438	3	-1	1	1	0	0	0
8	345.78	-0.62334	-6.5632	-0.62334	-6.5632	0	1	75	3.1058	4.2473	-1	-5.8942	3.2474	0	-7.3438	3	-1	1	1	0	0	0
8	362.41	-0.54291	-5.9841	-0.54291	-5.9841	0	1	75	3.1058	4.2473	-1	-5.8942	3.2474	0	-7.3438	3	-1	1	1	0	0	0
8	379.03	-0.40216	-5.3728	-0.40216	-5.3728	0	1	75	3.1058	4.2473	-1	-5.8942	3.2474	0	-7.3438	3	-1	1	1	0	0	0
8	395.59	-0.28151	-5.0511	-0.28151	-5.0511	0	2	75	3.1058	4.2473	-1	-5.8942	3.2474	0	-7.3438	3	-1	1	1	0	0	0
8	412.18	-0.020108	-4.4076	-0.020108	-4.4076	0	2	75	3.1058	4.2473	-1	-5.8942	3.2474	0	-7.3438	3	-1	1	1	0	0	0
8	428.81	0.2614	-3.6999	0.2614	-3.6999	0	2	75	3.1058	4.2473	-1	-5.8942	3.2474	0	-7.3438	3	-1	1	1	0	0	0
8	445.41	0.40216	-3.346	0.40216	-3.346	0	2	75	3.1058	4.2473	-1	-5.8942	3.2474	0	-7.3438	3	-1	1	1	0	0	0
8	461.94	0.72388	-2.606	0.72388	-2.606	0	2	75	3.1058	4.2473	-1	-5.8942	3.2474	0	-7.3438	3	-1	1	1	0	0	0
8	478.57	1.0456	-1.9304	1.0456	-1.9304	0	2	75	3.1058	4.2473	-1	-5.8942	3.2474	0	-7.3438	3	-1	1	1	0	0	0
8	495.17	1.2266	-1.5765	1.2266	-1.5765	0	2	75	3.1058	4.2473	-1	-5.8942	3.2474	0	-7.3438	3	-1	1	1	0	0	0
8	511.73	1.5684	-0.96518	1.5684	-0.96518	0	2	75	3.1058	4.2473	-1	-5.8942	3.2474	0	-7.3438	3	-1	1	1	0	0	0
8	528.39	1.7494	-0.64345	1.7494	-0.64345	0	2	75	3.1058	4.2473	-1	-5.8942	3.2474	0	-7.3438	3	-1	1	1	0	1	0
8	544.95	2.1113	0.032173	2.1113	0.032173	0	2	75	3.1058	4.2473	-1	-5.8942	3.2474	0	-7.3438	3	-1	1	1	0	0	0
8	561.6	2.5135	0.73997	2.5135	0.73997	0	2	75	3.1058	4.2473	-1	-5.8942	3.2474	0	-7.3438	3	-1	1	1	0	0	0
8	578.13	2.9358	1.4156	2.9358	1.4156	0	2	75	3.1058	4.2473	-1	-5.8942	3.2474	0	-7.3438	3	-1	1	1	0	0	0
8	594.77	3.1569	1.7373	3.1569	1.7373	0	2	75	3.1058	4.2473	-1	-5.8942	3.2474	0	-7.3438	3	-1	1	1	0	0	0
8	611.36	3.5591	2.3164	3.5591	2.3164	0	2	75	3.1058	4.2473	-1	-5.8942	3.2474	0	-7.3438	3	-1	1	1	0	0	0
8	627.92	3.7602	2.5738	3.7602	2.5738	0	2	75	3.1058	4.2473	-1	-5.8942	3.2474	0	-7.3438	3	-1	1	1	0	0	0
8	644.51	4.102	3.0242	4.102	3.0242	0	2	75	3.1058	4.2473	-1	-5.8942	3.2474	0	-7.3438	3	-1	1	1	0	0	0
8	661.09	4.4237	3.4425	4.4237	3.4425	0	2	75	3.1058	4.2473	-1	-5.8942	3.2474	0	-7.3438	3	-1	1	1	0	0	0
8	677.7	4.5846	3.6355	4.5846	3.6355	0	2	75	3.1058	4.2473	-1	-5.8942	3.2474	0	-7.3438	3	-1	1	1	0	0	0
8	694.3	4.8661	3.9572	4.8661	3.9572	0	2	75	3.1058	4.2473	-1	-5.8942	3.2474	0	-7.3438	3	-1	1	1	0	0	0
8	710.95	5.1074	4.2146	5.1074	4.2146	0	2	75	3.1058	4.2473	-1	-5.8942	3.2474	0	-7.3438	3	-1	1	1	0	0	0
8	727.51	5.2079	4.3111	5.2079	4.3111	0	2	75	3.1058	4.2473	-1	-5.8942	3.2474	0	-7.3438	3	-1	1	1	0	0	0
8	744.05	5.3688	4.472	5.3688	4.472	0	2	75	3.1058	4.2473	-1	-5.8942	3.2474	0	-7.3438	3	-1	1	1	0	0	0
8	760.68	5.4693	4.5685	5.4693	4.5685	0	2	75	3.1058	4.2473	-1	-5.8942	3.2474	0	-7.3438	3	-1	1	0	0	0	0
8	777.3	5.5096	4.6007	5.5096	4.6007	0	2	75	3.1058	4.2473	-1	-5.8942	3.2474	0	-7.3438	3	-1	1	0	0	0	0
8	793.87	5.5699	4.665	5.5699	4.665	0	2	75	3.1058	4.2473	-1	-5.8942	3.2474	0	-7.3438	3	-1	1	0	0	0	0
8	810.44	5.5699	4.665	5.5699	4.665	0	2	75	3.1058	4.2473	-1	-5.8942	3.2474	0	-7.3438	3	-1	1	0	0	0	0
8	827.07	5.59	4.6972	5.59	4.6972	0	2	75	3.1058	4.2473	-1	-5.8942	3.2474	0	-7.3438	3	-1	1	0	0	0	0
8	843.66	5.59	4.6972	5.59	4.6972	0	2	75	3.1058	4.2473	-1	-5.8942	3.2474	0	-7.3438	3	-1	1	0	0	0	0
8	860.24	5.59	4.6972	5.59	4.6972	0	2	75	3.1058	4.2473	-1	-5.8942	3.2474	0	-7.3438	3	-1	1	0	0	0	0
8	876.81	5.59	4.6972	5.59	4.6972	0	3	75	3.1058	4.2473	-1	-5.8942	3.2474	0	-7.3438	3	-1	1	0	0	0	0
9	30.008	-0.68367	-7.3032	-0.68367	-7.3032	0	1	105	-3.1058	4.2473	-1	-12.106	3.2474	0	-7.3438	3	-1	1	0	0	0	0
9	46.689	-0.68367	-7.3032	-0.68367	-7.3032	0	1	105	-3.1058	4.2473	-1	-12.106	3.2474	0	-7.3438	3	-1	1	0	0	0	0
9	63.209	-0.68367	-7.3032	-0.68367	-7.3032	0	1	105	-3.1058	4.2473	-1	-12.106	3.2474	0	-7.3438	3	-1	1	0	0	0	0
9	79.784	-0.68367	-7.3354	-0.68367	-7.3354	0	1	105	-3.1058	4.2473	-1	-12.106	3.2474	0	-7.3438	3	-1	1	0	0	0	0
9	96.397	-0.66356	-7.3354	-0.66356	-7.3354	0	1	105	-3.1058	4.2473	-1	-12.106	3.2474	0	-7.3438	3	-1	1	0	0	0	0
9	112.96	-0.66356	-7.3354	-0.66356	-7.3354	0	1	105	-3.1058	4.2473	-1	-12.106	3.2474	0	-7.3438	3	-1	1	0	0	0	0
9	129.56	-0.66356	-7.3354	-0.66356	-7.3354	0	1	105	-3.1058	4.2473	-1	-12.106	3.2474	0	-7.3438	3	-1	1	0	0	0	0
9	146.2	-0.66356	-7.3354	-0.66356	-7.3354	0	1	105	-3.1058	4.2473	-1	-12.106	3.2474	0	-7.3438	3	-1	1	0	0	0	0
9	162.8	-0.66356	-7.3354	-0.66356	-7.3354	0	1	105	-3.1058	4.2473	-1	-12.106	3.2474	0	-7.3438	3	-1	1	0	0	0	0
9	179.38	-0.66356	-7.3354	-0.66356	-7.3354	0	1	105	-3.1058	4.2473	-1	-12.106	3.2474	0	-7.3438	3	-1	1	0	0	0	0
9	195.96	-0.66356	-7.3354	-0.66356	-7.3354	0	1	105	-3.1058	4.2473	-1	-12.106	3.2474	0	-7.3438	3	-1	1	0	0	0	0
9	212.63	-0.66356	-7.3354	-0.66356	-7.3354	0	1	105	-3.1058	4.2473	-1	-12.106	3.2474	0	-7.3438	3	-1	1	0	0	0	0
9	229.21	-0.66356	-7.3354	-0.66356	-7.3354	0	1	105	-3.1058	4.2473	-1	-12.106	3.2474	0	-7.3438	3	-1	1	0	0	0	0
9	245.76	-0.66356	-7.3354	-0.66356	-7.3354	0	1	105	-3.1058	4.2473	-1	-12.106	3.2474	0	-7.3438	3	-1	1	0	0	0	0
9	262.4	-0.66356	-7.3354	-0.66356	-7.3354	0	1	105	-3.1058	4.2473	-1	-12.106	3.2474	0	-7.3438	3	-1	1	0	0	0	0
9	278.99	-0.66356	-7.3354	-0.66356	-7.3354	0	1	105	-3.1058	4.2473	-1	-12.106	3.2474	0	-7.3438	3	-1	1	0	0	0	0
9	295.54	-0.66356	-7.3354	-0.66356	-7.3354	0	1	105	-3.1058	4.2473	-1	-12.106	3.2474	0	-7.3438	3	-1	1	0	0	0	0
9	312.14	-0.66356	-7.3354	-0.66356	-7.3354	0	1	105	-3.1058	4.2473	-1	-12.106	3.2474	0	-7.3438	3	-1	1	0	0	0	0
9	328.74	-0.66356	-7.3354	-0.66356	-7.3354	0	1	105	-3.1058	4.2473	-1	-12.106	3.2474	0	-7.3438	3	-1	1	0	0	0	0
9	345.37	-0.66356	-7.3354	-0.66356	-7.3354	0	1	105	-3.1058	4.2473	-1	-12.106	3.2474	0	-7.3438	3	-1	1	0	0	0	0
9	361.89	-0.66356	-7.3354	-0.66356	-7.3354	0	1	105	-3.1058	4.2473	-1	-12.106	3.2474	0	-7.3438	3	-1	1	1	0	0	0
9	378.53	-0.68367	-7.3032	-0.68367	-7.3032	0	1	105	-3.1058	4.2473	-1	-12.106	3.2474	0	-7.3438	3	-1	1	1	0	0	0
9	395.07	-0.7641	-7.2067	-0.7641	-7.2067	0	1	105	-3.1058	4.2473	-1	-12.106	3.2474	0	-7.3438	3	-1	1	1	0	0	0
9	411.69	-0.88475	-7.078	-0.88475	-7.078	0	1	105	-3.1058	4.2473	-1	-12.106	3.2474	0	-7.3438	3	-1	1	1	0	0	0
9	428.21	-1.2065	-6.6276	-1.2065	-6.6276	0	1	105	-3.1058	4.2473	-1	-12.106	3.2474	0	-7.3438	3	-1	1	1	0	0	0
9	444.9	-1.5081	-6.0163	-1.5081	-6.0163	0	1	105	-3.1058	4.2473	-1	-12.106	3.2474	0	-7.3438	3	-1	1	1	0	0	0
9	461.49	-1.7494	-5.3728	-1.7494	-5.3728	0	2	105	-3.1058	4.2473	-1	-12.106	3.2474	0	-7.3438	3	-1	1	1	0	0	0
9	478.14	-1.8499	-5.0189	-1.8499	-5.0189	0	2	105	-3.1058	4.2473	-1	-12.106	3.2474	0	-7.3438	3	-1	1	1	0	0	0
9	494.66	-2.051	-4.2468	-2.051	-4.2468	0	2	105	-3.1058	4.2473	-1	-12.106	3.2474	0	-7.3438	3	-1	1	1	0	0	0
9	511.26	-2.1515	-3.7964	-2.1515	-3.7964	0	2	105	-3.1058	4.2473	-1	-12.106	3.2474	0	-7.3438	3	-1	1	1	0	1	0
9	527.83	-2.3124	-2.9599	-2.3124	-2.9599	0	2	105	-3.1058	4.2473	-1	-12.106	3.2474	0	-7.3438	3	-1	1	1	0	0	0
9	544.45	-2.4532	-2.2199	-2.4532	-2.2199	0	2	105	-3.1058	4.2473	-1	-12.106	3.2474	0	-7.3438	3	-1	1	1	0	0	0
9	561.06	-2.5738	-1.5765	-2.5738	-1.5765	0	2	105	-3.1058	4.2473	-1	-12.106	3.2474	0	-7.3438	3	-1	1	1	0	0	0
9	577.61	-2.6341	-1.2869	-2.6341	-1.2869	0	2	105	-3.1058	4.2473	-1	-12.106	3.2474	0	-7.3438	3	-1	1	1	0	0	0
9	594.24	-2.7749	-0.64345	-2.7749	-0.64345	0	2	105	-3.1058	4.2473	-1	-12.106	3.2474	0	-7.3438	3	-1	1	1	0	0	0
9	610.79	-2.8151	-0.3539	-2.8151	-0.3539	0	2	105	-3.1058	4.2473	-1	-12.106	3.2474	0	-7.3438	3	-1	1	1	0	0	0
9	627.44	-2.9358	0.19304	-2.9358	0.19304	0	2	105	-3.1058	4.2473	-1	-12.106	3.2474	0	-7.3438	3	-1	1	1	0	0	0
9	644.04	-3.0966	0.64345	-3.0966	0.64345	0	2	105	-3.1058	4.2473	-1	-12.106	3.2474	0	-7.3438	3	-1	1	1	0	0	0
9	660.61	-3.177	0.83649	-3.177	0.83649	0	2	105	-3.1058	4.2473	-1	-12.106	3.2474	0	-7.3438	3	-1	1	1	0	0	0
9	677.18	-3.3379	1.1904	-3.3379	1.1904	0	2	105	-3.1058	4.2473	-1	-12.106	3.2474	0	-7.3438	3	-1	1	1	0	0	0
9	693.78	-3.4988	1.5121	-3.4988	1.5121	0	2	105	-3.1058	4.2473	-1	-12.106	3.2474	0	-7.3438	3	-1	1	1	0	0	0
9	710.4	-3.5792	1.673	-3.5792	1.673	0	2	105	-3.1058	4.2473	-1	-12.106	3.2474	0	-7.3438	3	-1	1	1	0	0	0
9	727	-3.6999	1.9947	-3.6999	1.9947	0	2	105	-3.1058	4.2473	-1	-12.106	3.2474	0	-7.3438	3	-1	1	1	0	0	0
9	743.55	-3.7803	2.3808	-3.7803	2.3808	0	2	105	-3.1058	4.2473	-1	-12.106	3.2474	0	-7.3438	3	-1	1	1	0	0	0
9	760.18	-3.8205	2.5416	-3.8205	2.5416	0	2	105	-3.1058	4.2473	-1	-12.106	3.2474	0	-7.3438	3	-1	1	1	0	0	0
9	776.75	-3.9009	2.8955	-3.9009	2.8955	0	2	105	-3.1058	4.2473	-1	-12.106	3.2474	0	-7.3438	3	-1	1	1	0	0	0
9	793.35	-3.9814	3.2494	-3.9814	3.2494	0	2	105	-3.1058	4.2473	-1	-12.106	3.2474	0	-7.3438	3	-1	1	1	0	0	0
9	810.01	-4.0015	3.3781	-4.0015	3.3781	0	2	105	-3.1058	4.2473	-1	-12.106	3.2474	0	-7.3438	3	-1	1	1	0	0	0
9	826.57	-4.0819	3.6677	-4.0819	3.6677	0	2	105	-3.1058	4.2473	-1	-12.106	3.2474	0	-7.3438	3	-1	1	1	0	0	0
9	843.12	-4.1422	3.8607	-4.1422	3.8607	0	2	105	-3.1058	4.2473	-1	-12.106	3.2474	0	-7.3438	3	-1	1	1	0	0	0
9	859.72	-4.1824	3.9572	-4.1824	3.9572	0	2	105	-3.1058	4.2473	-1	-12.106	3.2474	0	-7.3438	3	-1	1	1	0	0	0
9	876.31	-4.2428	4.0859	-4.2428	4.0859	0	2	105	-3.1058	4.2473	-1	-12.106	3.2474	0	-7.3438	3	-1	1	1	0	0	0
9	892.97	-4.3031	4.1824	-4.3031	4.1824	0	2	105	-3.1058	4.2473	-1	-12.106	3.2474	0	-7.3438	3	-1	1	0	0	0	0
9	909.51	-4.3232	4.2146	-4.3232	4.2146	0	2	105	-3.1058	4.2473	-1	-12.106	3.2474	0	-7.3438	3	-1	1	0	0	0	0
9	926.09	-4.3835	4.3111	-4.3835	4.3111	0	2	105	-3.1058	4.2473	-1	-12.106	3.2474	0	-7.3438	3	-1	1	0	0	0	0
9	942.73	-4.4036	4.3433	-4.4036	4.3433	0	2	105	-3.1058	4.2473	-1	-12.106	3.2474	0	-7.3438	3	-1	1	0	0	0	0
9	959.29	-4.4237	4.3433	-4.4237	4.3433	0	2	105	-3.1058	4.2473	-1	-12.106	3.2474	0	-7.3438	3	-1	1	0	0	0	0
9	975.88	-4.4237	4.3755	-4.4237	4.3755	0	3	105	-3.1058	4.2473	-1	-12.106	3.2474	0	-7.3438	3	-1	1	0	0	0	0
10	30.144	0.14076	-7.1101	0.14076	-7.1101	0	1	90	0	4.6562	-1	-9	3.6562	0	-7.3438	3	-1	1	0	0	0	0
10	46.81	0.18097	-7.3354	0.18097	-7.3354	0	1	90	0	4.6562	-1	-9	3.6562	0	-7.3438	3	-1	1	0	0	0	0
10	63.333	0.22119	-7.5284	0.22119	-7.5284	0	1	90	0	4.6562	-1	-9	3.6562	0	-7.3438	3	-1	1	0	0	0	0
10	79.919	0.22119	-7.5606	0.22119	-7.5606	0	1	90	0	4.6562	-1	-9	3.6562	0	-7.3438	3	-1	1	0	0	0	0
10	96.521	0.22119	-7.5927	0.22119	-7.5927	0	1	90	0	4.6562	-1	-9	3.6562	0	-7.3438	3	-1	1	0	0	0	0
10	113.14	0.22119	-7.5927	0.22119	-7.5927	0	1	90	0	4.6562	-1	-9	3.6562	0	-7.3438	3	-1	1	0	0	0	0
10	129.75	0.22119	-7.5927	0.22119	-7.5927	0	1	90	0	4.6562	-1	-9	3.6562	0	-7.3438	3	-1	1	0	0	0	0
10	146.3	0.22119	-7.5927	0.22119	-7.5927	0	1	90	0	4.6562	-1	-9	3.6562	0	-7.3438	3	-1	1	0	0	0	0
10	162.89	0.22119	-7.5927	0.22119	-7.5927	0	1	90	0	4.6562	-1	-9	3.6562	0	-7.3438	3	-1	1	0	0	0	0
10	179.5	0.22119	-7.6249	0.22119	-7.6249	0	1	90	0	4.6562	-1	-9	3.6562	0	-7.3438	3	-1	1	0	0	0	0
10	196.09	0.22119	-7.6249	0.22119	-7.6249	0	1	90	0	4.6562	-1	-9	3.6562	0	-7.3438	3	-1	1	0	0	0	0
10	212.69	0.22119	-7.6249	0.22119	-7.6249	0	1	90	0	4.6562	-1	-9	3.6562	0	-7.3438	3	-1	1	0	0	0	0
10	229.37	0.22119	-7.6249	0.22119	-7.6249	0	1	90	0	4.6562	-1	-9	3.6562	0	-7.3438	3	-1	1	0	0	0	0
10	245.89	0.22119	-7.6249	0.22119	-7.6249	0	1	90	0	4.6562	-1	-9	3.6562	0	-7.3438	3	-1	1	0	0	0	0
10	262.44	0.22119	-7.6249	0.22119	-7.6249	0	1	90	0	4.6562	-1	-9	3.6562	0	-7.3438	3	-1	1	1	0	0	0
10	279.04	0.22119	-7.6249	0.22119	-7.6249	0	1	90	0	4.6562	-1	-9	3.6562	0	-7.3438	3	-1	1	1	0	0	0
10	295.73	0.22119	-7.5927	0.22119	-7.5927	0	1	90	0	4.6562	-1	-9	3.6562	0	-7.3438	3	-1	1	1	0	0	0
10	312.3	0.22119	-7.5927	0.22119	-7.5927	0	1	90	0	4.6562	-1	-9	3.6562	0	-7.3438	3	-1	1	1	0	0	0
10	328.89	0.22119	-7.5927	0.22119	-7.5927	0	1	90	0	4.6562	-1	-9	3.6562	0	-7.3438	3	-1	1	1	0	0	0
10	345.43	0.20108	-7.4962	0.20108	-7.4962	0	1	90	0	4.6562	-1	-9	3.6562	0	-7.3438	3	-1	1	1	0	0	0
10	362.06	0.18097	-7.3997	0.18097	-7.3997	0	1	90	0	4.6562	-1	-9	3.6562	0	-7.3438	3	-1	1	1	0	0	0
10	378.67	0.080432	-7.0458	0.080432	-7.0458	0	1	90	0	4.6562	-1	-9	3.6562	0	-7.3438	3	-1	1	1	0	0	0
10	395.23	0	-6.4667	0	-6.4667	0	1	90	0	4.6562	-1	-9	3.6562	0	-7.3438	3	-1	1	1	0	0	0
10	411.81	-0.020108	-6.145	-0.020108	-6.145	0	1	90	0	4.6562	-1	-9	3.6562	0	-7.3438	3	-1	1	1	0	0	0
10	428.41	0.080432	-5.4372	0.080432	-5.4372	0	1	90	0	4.6562	-1	-9	3.6562	0	-7.3438	3	-1	1	1	0	0	0
10	445	0.2614	-4.7615	0.2614	-4.7615	0	1	90	0	4.6562	-1	-9	3.6562	0	-7.3438	3	-1	1	1	0	0	0
10	461.56	0.36194	-4.4398	0.36194	-4.4398	0	2	90	0	4.6562	-1	-9	3.6562	0	-7.3438	3	-1	1	1	0	0	0
10	478.19	0.54291	-3.6999	0.54291	-3.6999	0	2	90	0	4.6562	-1	-9	3.6562	0	-7.3438	3	-1	1	1	0	1	0
10	494.89	0.66356	-2.9599	0.66356	-2.9599	0	2	90	0	4.6562	-1	-9	3.6562	0	-7.3438	3	-1	1	1	0	0	0
10	511.43	0.72388	-2.606	0.72388	-2.606	0	2	90	0	4.6562	-1	-9	3.6562	0	-7.3438	3	-1	1	1	0	0	0
10	527.97	0.82442	-1.9947	0.82442	-1.9947	0	2	90	0	4.6562	-1	-9	3.6562	0	-7.3438	3	-1	1	1	0	0	0
10	544.56	0.82442	-1.4478	0.82442	-1.4478	0	2	90	0	4.6562	-1	-9	3.6562	0	-7.3438	3	-1	1	1	0	0	0
10	561.26	0.78421	-1.1904	0.78421	-1.1904	0	2	90	0	4.6562	-1	-9	3.6562	0	-7.3438	3	-1	1	1	0	0	0
10	577.75	0.66356	-0.57911	0.66356	-0.57911	0	2	90	0	4.6562	-1	-9	3.6562	0	-7.3438	3	-1	1	1	0	0	0
10	594.35	0.48259	0.12869	0.48259	0.12869	0	2	90	0	4.6562	-1	-9	3.6562	0	-7.3438	3	-1	1	1	0	0	0
10	610.93	0.38205	0.48259	0.38205	0.48259	0	2	90	0	4.6562	-1	-9	3.6562	0	-7.3438	3	-1	1	1	0	0	0
10	627.56	0.20108	1.0939	0.20108	1.0939	0	2	90	0	4.6562	-1	-9	3.6562	0	-7.3438	3	-1	1	1	0	0	0
10	644.15	0.040216	1.673	0.040216	1.673	0	2	90	0	4.6562	-1	-9	3.6562	0	-7.3438	3	-1	1	1	0	0	0
10	660.72	-0.020108	1.9947	-0.020108	1.9947	0	2	90	0	4.6562	-1	-9	3.6562	0	-7.3438	3	-1	1	1	0	0	0
10	677.37	-0.12065	2.5416	-0.12065	2.5416	0	2	90	0	4.6562	-1	-9	3.6562	0	-7.3438	3	-1	1	1	0	0	0
10	693.94	-0.16086	2.8312	-0.16086	2.8312	0	2	90	0	4.6562	-1	-9	3.6562	0	-7.3438	3	-1	1	1	0	0	0
10	710.58	-0.2614	3.3138	-0.2614	3.3138	0	2	90	0	4.6562	-1	-9	3.6562	0	-7.3438	3	-1	1	1	0	0	0
10	727.13	-0.38205	3.732	-0.38205	3.732	0	2	90	0	4.6562	-1	-9	3.6562	0	-7.3438	3	-1	1	1	0	0	0
10	743.72	-0.52281	4.0538	-0.52281	4.0537	0	2	90	0	4.6562	-1	-9	3.6562	0	-7.3438	3	-1	1	1	0	0	0
10	760.27	-0.60324	4.1824	-0.60324	4.1824	0	2	90	0	4.6562	-1	-9	3.6562	0	-7.3438	3	-1	1	1	0	0	0
10	776.9	-0.78421	4.4076	-0.78421	4.4076	0	2	90	0	4.6562	-1	-9	3.6562	0	-7.3438	3	-1	1	1	0	0	0
10	793.51	-0.86464	4.5042	-0.86464	4.5042	0	2	90	0	4.6562	-1	-9	3.6562	0	-7.3438	3	-1	1	1	0	0	0
10	810.11	-1.0054	4.6329	-1.0054	4.6329	0	2	90	0	4.6562	-1	-9	3.6562	0	-7.3438	3	-1	1	1	0	0	0
10	826.69	-1.0858	4.7615	-1.0858	4.7615	0	2	90	0	4.6562	-1	-9	3.6562	0	-7.3438	3	-1	1	1	0	0	0
10	843.25	-1.1461	4.8581	-1.1461	4.8581	0	2	90	0	4.6562	-1	-9	3.6562	0	-7.3438	3	-1	1	1	0	0	0
10	859.83	-1.1864	4.8902	-1.1864	4.8902	0	2	90	0	4.6562	-1	-9	3.6562	0	-7.3438	3	-1	1	0	0	0	0
10	876.42	-1.2266	4.9546	-1.2266	4.9546	0	2	90	0	4.6562	-1	-9	3.6562	0	-7.3438	3	-1	1	0	0	0	0
10	893.02	-1.2467	4.9868	-1.2467	4.9868	0	2	90	0	4.6562	-1	-9	3.6562	0	-7.3438	3	-1	1	0	0	0	0
10	909.6	-1.2668	5.0189	-1.2668	5.0189	0	2	90	0	4.6562	-1	-9	3.6562	0	-7.3438	3	-1	1	0	0	0	0
10	926.27	-1.2869	5.0511	-1.2869	5.0511	0	3	90	0	4.6562	-1	-9	3.6562	0	-7.3438	3	-1	1	0	0	0	0
11	30.714	0.40216	-7.1745	0.40216	-7.1745	0	1	75	3.1058	4.2473	-1	-5.8942	3.2474	0	-7.3438	3	-1	1	0	0	0	0
11	47.284	0.42227	-7.271	0.42227	-7.271	0	1	75	3.1058	4.2473	-1	-5.8942	3.2474	0	-7.3438	3	-1	1	0	0	0	0
11	63.841	0.44237	-7.464	0.44237	-7.464	0	1	75	3.1058	4.2473	-1	-5.8942	3.2474	0	-7.3438	3	-1	1	0	0	0	0
11	80.46	0.44237	-7.5606	0.44237	-7.5606	0	1	75	3.1058	4.2473	-1	-5.8942	3.2474	0	-7.3438	3	-1	1	0	0	0	0
11	97.015	0.44237	-7.5606	0.44237	-7.5606	0	1	75	3.1058	4.2473	-1	-5.8942	3.2474	0	-7.3438	3	-1	1	0	0	0	0
11	113.63	0.44237	-7.5606	0.44237	-7.5606	0	1	75	3.1058	4.2473	-1	-5.8942	3.2474	0	-7.3438	3	-1	1	0	0	0	0
11	130.2	0.44237	-7.5606	0.44237	-7.5606	0	1	75	3.1058	4.2473	-1	-5.8942	3.2474	0	-7.3438	3	-1	1	0	0	0	0
11	146.79	0.44237	-7.5606	0.44237	-7.5606	0	1	75	3.1058	4.2473	-1	-5.8942	3.2474	0	-7.3438	3	-1	1	0	0	0	0
11	163.43	0.44237	-7.5927	0.44237	-7.5927	0	1	75	3.1058	4.2473	-1	-5.8942	3.2474	0	-7.3438	3	-1	1	0	0	0	0
11	179.97	0.44237	-7.5927	0.44237	-7.5927	0	1	75	3.1058	4.2473	-1	-5.8942	3.2474	0	-7.3438	3	-1	1	0	0	0	0
11	196.54	0.44237	-7.5927	0.44237	-7.5927	0	1	75	3.1058	4.2473	-1	-5.8942	3.2474	0	-7.3438	3	-1	1	0	0	0	0
11	213.16	0.44237	-7.5927	0.44237	-7.5927	0	1	75	3.1058	4.2473	-1	-5.8942	3.2474	0	-7.3438	3	-1	1	0	0	0	0
11	229.83	0.44237	-7.5927	0.44237	-7.5927	0	1	75	3.1058	4.2473	-1	-5.8942	3.2474	0	-7.3438	3	-1	1	0	0	0	0
11	246.38	0.44237	-7.5927	0.44237	-7.5927	0	1	75	3.1058	4.2473	-1	-5.8942	3.2474	0	-7.3438	3	-1	1	1	0	0	0
11	262.94	0.44237	-7.5927	0.44237	-7.5927	0	1	75	3.1058	4.2473	-1	-5.8942	3.2474	0	-7.3438	3	-1	1	1	0	0	0
11	279.62	0.44237	-7.5927	0.44237	-7.5927	0	1	75	3.1058	4.2473	-1	-5.8942	3.2474	0	-7.3438	3	-1	1	1	0	0	0
11	296.15	0.44237	-7.5927	0.44237	-7.5927	0	1	75	3.1058	4.2473	-1	-5.8942	3.2474	0	-7.3438	3	-1	1	1	0	0	0
11	312.72	0.44237	-7.5606	0.44237	-7.5606	0	1	75	3.1058	4.2473	-1	-5.8942	3.2474	0	-7.3438	3	-1	1	1	0	0	0
11	329.29	0.44237	-7.5284	0.44237	-7.5284	0	1	75	3.1058	4.2473	-1	-5.8942	3.2474	0	-7.3438	3	-1	1	1	0	0	0
11	345.99	0.44237	-7.464	0.44237	-7.464	0	1	75	3.1058	4.2473	-1	-5.8942	3.2474	0	-7.3438	3	-1	1	1	0	0	0
11	362.49	0.42227	-7.2067	0.42227	-7.2067	0	1	75	3.1058	4.2473	-1	-5.8942	3.2474	0	-7.3438	3	-1	1	1	0	0	0
11	379.12	0.36194	-6.7562	0.36194	-6.7562	0	1	75	3.1058	4.2473	-1	-5.8942	3.2474	0	-7.3438	3	-1	1	1	0	0	0
11	395.76	0.34183	-6.4345	0.34183	-6.4345	0	1	75	3.1058	4.2473	-1	-5.8942	3.2474	0	-7.3438	3	-1	1	1	0	0	0
11	412.3	0.32173	-5.7267	0.32173	-5.7267	0	1	75	3.1058	4.2473	-1	-5.8942	3.2474	0	-7.3438	3	-1	1	1	0	0	0
11	428.91	0.38205	-4.8902	0.38205	-4.8902	0	1	75	3.1058	4.2473	-1	-5.8942	3.2474	0	-7.3438	3	-1	1	1	0	0	0
11	445.48	0.46248	-4.472	0.46248	-4.472	0	2	75	3.1058	4.2473	-1	-5.8942	3.2474	0	-7.3438	3	-1	1	1	0	0	0
11	462.1	0.64345	-3.6033	0.64345	-3.6033	0	2	75	3.1058	4.2473	-1	-5.8942	3.2474	0	-7.3438	3	-1	1	1	0	1	0
11	478.63	0.86464	-2.7668	0.86464	-2.7668	0	2	75	3.1058	4.2473	-1	-5.8942	3.2474	0	-7.3438	3	-1	1	1	0	0	0
11	495.27	0.98529	-2.3486	0.98529	-2.3486	0	2	75	3.1058	4.2473	-1	-5.8942	3.2474	0	-7.3438	3	-1	1	1	0	0	0
11	511.87	1.2266	-1.5765	1.2266	-1.5765	0	2	75	3.1058	4.2473	-1	-5.8942	3.2474	0	-7.3438	3	-1	1	1	0	0	0
11	528.43	1.3472	-1.2226	1.3472	-1.2226	0	2	75	3.1058	4.2473	-1	-5.8942	3.2474	0	-7.3438	3	-1	1	1	0	0	0
11	545.06	1.6086	-0.57911	1.6086	-0.57911	0	2	75	3.1058	4.2473	-1	-5.8942	3.2474	0	-7.3438	3	-1	1	1	0	0	0
11	561.68	1.8499	0	1.8499	0	0	2	75	3.1058	4.2473	-1	-5.8942	3.2474	0	-7.3438	3	-1	1	1	0	0	0
11	578.21	2.0912	0.57911	2.0912	0.57911	0	2	75	3.1058	4.2473	-1	-5.8942	3.2474	0	-7.3438	3	-1	1	1	0	0	0
11	594.83	2.2119	0.86866	2.2119	0.86866	0	2	75	3.1058	4.2473	-1	-5.8942	3.2474	0	-7.3438	3	-1	1	1	0	0	0
11	611.49	2.4532	1.4156	2.4532	1.4156	0	2	75	3.1058	4.2473	-1	-5.8942	3.2474	0	-7.3438	3	-1	1	1	0	0	0
11	628.01	2.5939	1.7051	2.5939	1.7051	0	2	75	3.1058	4.2473	-1	-5.8942	3.2474	0	-7.3438	3	-1	1	1	0	0	0
11	644.61	2.8754	2.2521	2.8754	2.2521	0	2	75	3.1058	4.2473	-1	-5.8942	3.2474	0	-7.3438	3	-1	1	1	0	0	0
11	661.2	3.1972	2.799	3.1972	2.799	0	2	75	3.1058	4.2473	-1	-5.8942	3.2474	0	-7.3438	3	-1	1	1	0	0	0
11	677.78	3.4988	3.346	3.4988	3.346	0	2	75	3.1058	4.2473	-1	-5.8942	3.2474	0	-7.3438	3	-1	1	1	0	0	0
11	694.43	3.6194	3.6033	3.6194	3.6033	0	2	75	3.1058	4.2473	-1	-5.8942	3.2474	0	-7.3438	3	-1	1	1	0	0	0
11	711	3.8808	4.0859	3.8808	4.0859	0	2	75	3.1058	4.2473	-1	-5.8942	3.2474	0	-7.3438	3	-1	1	1	0	0	0
11	727.57	4.0216	4.3111	4.0216	4.3111	0	2	75	3.1058	4.2473	-1	-5.8942	3.2474	0	-7.3438	3	-1	1	1	0	0	0
11	744.2	4.2629	4.665	4.2629	4.665	0	2	75	3.1058	4.2473	-1	-5.8942	3.2474	0	-7.3438	3	-1	1	1	0	0	0
11	760.8	4.4438	4.9546	4.4438	4.9546	0	2	75	3.1058	4.2473	-1	-5.8942	3.2474	0	-7.3438	3	-1	1	1	0	0	0
11	777.36	4.5846	5.1154	4.5846	5.1154	0	2	75	3.1058	4.2473	-1	-5.8942	3.2474	0	-7.3438	3	-1	1	1	0	0	0
11	793.93	4.6449	5.212	4.6449	5.212	0	2	75	3.1058	4.2473	-1	-5.8942	3.2474	0	-7.3438	3	-1	1	1	0	0	0
11	810.51	4.7052	5.3407	4.7052	5.3407	0	2	75	3.1058	4.2473	-1	-5.8942	3.2474	0	-7.3438	3	-1	1	0	0	0	0
11	827.1	4.7254	5.3728	4.7254	5.3728	0	2	75	3.1058	4.2473	-1	-5.8942	3.2474	0	-7.3438	3	-1	1	0	0	0	0
11	843.79	4.7455	5.4372	4.7455	5.4372	0	2	75	3.1058	4.2473	-1	-5.8942	3.2474	0	-7.3438	3	-1	1	0	0	0	0
11	860.39	4.7656	5.4693	4.7656	5.4693	0	2	75	3.1058	4.2473	-1	-5.8942	3.2474	0	-7.3438	3	-1	1	0	0	0	0
11	876.92	4.7656	5.4693	4.7656	5.4693	0	2	75	3.1058	4.2473	-1	-5.8942	3.2474	0	-7.3438	3	-1	1	0	0	0	0
11	893.58	4.7656	5.4693	4.7656	5.4693	0	2	75	3.1058	4.2473	-1	-5.8942	3.2474	0	-7.3438	3	-1	1	0	0	0	0
11	910.12	4.7656	5.5015	4.7656	5.5015	0	2	75	3.1058	4.2473	-1	-5.8942	3.2474	0	-7.3438	3	-1	1	0	0	0	0
11	926.68	4.7656	5.5015	4.7656	5.5015	0	3	75	3.1058	4.2473	-1	-5.8942	3.2474	0	-7.3438	3	-1	1	0	0	0	0
