0	8.8029	16.388	-16.858	16.388	-16.858	0	1	105	-3.1058	4.2473	1	5.8942	3.2474	0	-7.3438	3	-1	0	0	0	0	0
0	25.397	16.388	-16.858	16.388	-16.858	0	1	105	-3.1058	4.2473	1	5.8942	3.2474	0	-7.3438	3	-1	0	0	0	0	0
0	42.017	16.388	-16.858	16.388	-16.858	0	1	105	-3.1058	4.2473	1	5.8942	3.2474	0	-7.3438	3	-1	0	0	0	0	0
0	58.741	16.388	-16.858	16.388	-16.858	0	1	105	-3.1058	4.2473	1	5.8942	3.2474	0	-7.3438	3	-1	0	0	0	0	0
0	75.302	16.388	-16.858	16.388	-16.858	0	1	105	-3.1058	4.2473	1	5.8942	3.2474	0	-7.3438	3	-1	0	0	0	0	0
0	92.089	16.388	-16.858	16.388	-16.858	0	1	105	-3.1058	4.2473	1	5.8942	3.2474	0	-7.3438	3	-1	0	0	0	0	0
0	108.7	16.388	-16.858	16.388	-16.858	0	1	105	-3.1058	4.2473	1	5.8942	3.2474	0	-7.3438	3	-1	0	0	0	0	0
0	125.21	16.388	-16.858	16.388	-16.858	0	1	105	-3.1058	4.2473	1	5.8942	3.2474	0	-7.3438	3	-1	0	0	0	0	0
0	141.8	16.388	-16.858	16.388	-16.858	0	1	105	-3.1058	4.2473	1	5.8942	3.2474	0	-7.3438	3	-1	0	0	0	0	0
0	158.37	16.388	-16.858	16.388	-16.858	0	1	105	-3.1058	4.2473	1	5.8942	3.2474	0	-7.3438	3	-1	0	0	0	0	0
0	174.94	16.388	-16.858	16.388	-16.858	0	1	105	-3.1058	4.2473	1	5.8942	3.2474	0	-7.3438	3	-1	0	0	0	0	0
0	191.57	16.388	-16.858	16.388	-16.858	0	1	105	-3.1058	4.2473	1	5.8942	3.2474	0	-7.3438	3	-1	0	0	0	0	0
0	208.13	16.388	-16.858	16.388	-16.858	0	1	105	-3.1058	4.2473	1	5.8942	3.2474	0	-7.3438	3	-1	0	0	0	0	0
0	224.69	16.388	-16.858	16.388	-16.858	0	1	105	-3.1058	4.2473	1	5.8942	3.2474	0	-7.3438	3	-1	0	0	0	0	0
0	241.34	16.388	-16.858	16.388	-16.858	0	1	105	-3.1058	4.2473	1	5.8942	3.2474	0	-7.3438	3	-1	0	0	0	0	0
0	257.93	16.388	-16.858	16.388	-16.858	0	1	105	-3.1058	4.2473	1	5.8942	3.2474	0	-7.3438	3	-1	0	0	0	0	0
0	274.52	16.388	-16.858	16.388	-16.858	0	1	105	-3.1058	4.2473	1	5.8942	3.2474	0	-7.3438	3	-1	0	0	0	0	0
0	291.09	16.388	-16.858	16.388	-16.858	0	1	105	-3.1058	4.2473	1	5.8942	3.2474	0	-7.3438	3	-1	0	0	0	0	0
0	307.69	16.388	-16.858	16.388	-16.858	0	1	105	-3.1058	4.2473	1	5.8942	3.2474	0	-7.3438	3	-1	0	0	0	0	0
0	324.37	16.388	-16.858	16.388	-16.858	0	1	105	-3.1058	4.2473	1	5.8942	3.2474	0	-7.3438	3	-1	0	0	0	0	0
0	340.97	16.388	-16.858	16.388	-16.858	0	1	105	-3.1058	4.2473	1	5.8942	3.2474	0	-7.3438	3	-1	0	0	0	0	0
0	357.48	16.388	-16.858	16.388	-16.858	0	1	105	-3.1058	4.2473	1	5.8942	3.2474	0	-7.3438	3	-1	0	0	0	0	0
0	374.08	16.388	-16.858	16.388	-16.858	0	1	105	-3.1058	4.2473	1	5.8942	3.2474	0	-7.3438	3	-1	0	0	0	0	0
0	390.66	16.388	-16.858	16.388	-16.858	0	1	105	-3.1058	4.2473	1	5.8942	3.2474	0	-7.3438	3	-1	0	0	0	0	0
0	407.28	16.388	-16.858	16.388	-16.858	0	1	105	-3.1058	4.2473	1	5.8942	3.2474	0	-7.3438	3	-1	0	0	0	0	0
0	423.87	16.388	-16.858	16.388	-16.858	0	1	105	-3.1058	4.2473	1	5.8942	3.2474	0	-7.3438	3	-1	0	0	0	0	0
0	440.48	16.388	-16.858	16.388	-16.858	0	1	105	-3.1058	4.2473	1	5.8942	3.2474	0	-7.3438	3	-1	0	0	0	0	0
0	457.08	16.388	-16.858	16.388	-16.858	0	1	105	-3.1058	4.2473	1	5.8942	3.2474	0	-7.3438	3	-1	0	0	0	0	0
0	473.68	16.388	-16.858	16.388	-16.858	0	1	105	-3.1058	4.2473	1	5.8942	3.2474	0	-7.3438	3	-1	0	0	0	0	0
0	490.24	16.388	-16.858	16.388	-16.858	0	1	105	-3.1058	4.2473	1	5.8942	3.2474	0	-7.3438	3	-1	0	0	0	0	0
0	506.84	16.388	-16.858	16.388	-16.858	0	1	105	-3.1058	4.2473	1	5.8942	3.2474	0	-7.3438	3	-1	0	0	0	0	0
0	523.43	16.388	-16.858	16.388	-16.858	0	1	105	-3.1058	4.2473	1	5.8942	3.2474	0	-7.3438	3	-1	0	0	0	0	0
0	540.07	16.388	-16.858	16.388	-16.858	0	1	105	-3.1058	4.2473	1	5.8942	3.2474	0	-7.3438	3	-1	0	0	0	0	0
0	556.67	16.388	-16.858	16.388	-16.858	0	1	105	-3.1058	4.2473	1	5.8942	3.2474	0	-7.3438	3	-1	0	0	0	0	0
0	573.23	16.388	-16.858	16.388	-16.858	0	1	105	-3.1058	4.2473	1	5.8942	3.2474	0	-7.3438	3	-1	0	0	0	0	0
0	589.87	16.388	-16.858	16.388	-16.858	0	1	105	-3.1058	4.2473	1	5.8942	3.2474	0	-7.3438	3	-1	0	0	0	0	0
0	606.41	16.388	-16.858	16.388	-16.858	0	1	105	-3.1058	4.2473	1	5.8942	3.2474	0	-7.3438	3	-1	0	0	0	0	0
0	623.01	16.388	-16.858	16.388	-16.858	0	1	105	-3.1058	4.2473	1	5.8942	3.2474	0	-7.3438	3	-1	0	0	0	0	0
0	639.62	16.388	-16.858	16.388	-16.858	0	1	105	-3.1058	4.2473	1	5.8942	3.2474	0	-7.3438	3	-1	0	0	0	0	0
0	656.19	16.388	-16.858	16.388	-16.858	0	1	105	-3.1058	4.2473	1	5.8942	3.2474	0	-7.3438	3	-1	0	0	0	0	0
0	672.89	16.388	-16.858	16.388	-16.858	0	1	105	-3.1058	4.2473	1	5.8942	3.2474	0	-7.3438	3	-1	0	0	0	0	0
0	689.41	16.388	-16.858	16.388	-16.858	0	1	105	-3.1058	4.2473	1	5.8942	3.2474	0	-7.3438	3	-1	0	0	0	0	0
0	705.97	16.388	-16.858	16.388	-16.858	0	1	105	-3.1058	4.2473	1	5.8942	3.2474	0	-7.3438	3	-1	0	0	0	0	0
0	722.6	16.388	-16.858	16.388	-16.858	0	1	105	-3.1058	4.2473	1	5.8942	3.2474	0	-7.3438	3	-1	0	0	0	0	0
0	739.18	16.388	-16.858	16.388	-16.858	0	1	105	-3.1058	4.2473	1	5.8942	3.2474	0	-7.3438	3	-1	0	0	0	0	0
0	755.78	16.388	-16.858	16.388	-16.858	0	1	105	-3.1058	4.2473	1	5.8942	3.2474	0	-7.3438	3	-1	0	0	0	0	0
0	772.4	16.388	-16.858	16.388	-16.858	0	1	105	-3.1058	4.2473	1	5.8942	3.2474	0	-7.3438	3	-1	0	0	0	0	0
0	789.01	16.388	-16.858	16.388	-16.858	0	1	105	-3.1058	4.2473	1	5.8942	3.2474	0	-7.3438	3	-1	0	0	0	0	0
0	805.6	16.388	-16.858	16.388	-16.858	0	1	105	-3.1058	4.2473	1	5.8942	3.2474	0	-7.3438	3	-1	0	0	0	0	0
0	822.19	16.388	-16.858	16.388	-16.858	0	1	105	-3.1058	4.2473	1	5.8942	3.2474	0	-7.3438	3	-1	0	0	0	0	0
0	838.75	16.388	-16.858	16.388	-16.858	0	1	105	-3.1058	4.2473	1	5.8942	3.2474	0	-7.3438	3	-1	0	0	0	0	0
0	855.32	16.388	-16.858	16.388	-16.858	0	1	105	-3.1058	4.2473	1	5.8942	3.2474	0	-7.3438	3	-1	0	0	0	0	0
0	871.91	16.388	-16.858	16.388	-16.858	0	1	105	-3.1058	4.2473	1	5.8942	3.2474	0	-7.3438	3	-1	0	0	0	0	0
0	888.57	16.388	-16.858	16.388	-16.858	0	1	105	-3.1058	4.2473	1	5.8942	3.2474	0	-7.3438	3	-1	0	0	0	0	0
0	905.15	16.388	-16.858	16.388	-16.858	0	1	105	-3.1058	4.2473	1	5.8942	3.2474	0	-7.3438	3	-1	0	0	0	0	0
0	921.73	16.388	-16.858	16.388	-16.858	0	1	105	-3.1058	4.2473	1	5.8942	3.2474	0	-7.3438	3	-1	0	0	0	0	0
0	938.31	16.388	-16.858	16.388	-16.858	0	1	105	-3.1058	4.2473	1	5.8942	3.2474	0	-7.3438	3	-1	0	0	0	0	0
0	955	16.388	-16.858	16.388	-16.858	0	1	105	-3.1058	4.2473	1	5.8942	3.2474	0	-7.3438	3	-1	0	0	0	0	0
0	971.51	16.388	-16.858	16.388	-16.858	0	1	105	-3.1058	4.2473	1	5.8942	3.2474	0	-7.3438	3	-1	0	0	0	0	0
0	988.22	16.388	-16.858	16.388	-16.858	0	1	105	-3.1058	4.2473	1	5.8942	3.2474	0	-7.3438	3	-1	0	1	0	0	0
0	1004.7	16.388	-16.858	16.388	-16.858	0	1	105	-3.1058	4.2473	1	5.8942	3.2474	0	-7.3438	3	-1	0	1	0	0	0
0	1021.3	16.388	-16.858	16.388	-16.858	0	1	105	-3.1058	4.2473	1	5.8942	3.2474	0	-7.3438	3	-1	0	1	0	0	0
0	1037.9	16.388	-16.858	16.388	-16.858	0	1	105	-3.1058	4.2473	1	5.8942	3.2474	0	-7.3438	3	-1	0	1	0	0	0
0	1054.4	16.388	-16.858	16.388	-16.858	0	1	105	-3.1058	4.2473	1	5.8942	3.2474	0	-7.3438	3	-1	0	1	0	0	0
0	1071	16.388	-16.858	16.388	-16.858	0	1	105	-3.1058	4.2473	1	5.8942	3.2474	0	-7.3438	3	-1	0	1	0	0	0
0	1087.7	16.388	-16.858	16.388	-16.858	0	1	105	-3.1058	4.2473	1	5.8942	3.2474	0	-7.3438	3	-1	0	1	0	0	0
0	1104.3	16.388	-16.858	16.388	-16.858	0	1	105	-3.1058	4.2473	1	5.8942	3.2474	0	-7.3438	3	-1	0	1	0	0	0
0	1120.9	16.388	-16.858	16.388	-16.858	0	1	105	-3.1058	4.2473	1	5.8942	3.2474	0	-7.3438	3	-1	0	1	0	0	0
0	1137.4	16.388	-16.858	16.388	-16.858	0	1	105	-3.1058	4.2473	1	5.8942	3.2474	0	-7.3438	3	-1	0	1	0	0	0
0	1154	16.388	-16.858	16.388	-16.858	0	1	105	-3.1058	4.2473	1	5.8942	3.2474	0	-7.3438	3	-1	0	1	0	0	0
0	1170.6	16.388	-16.858	16.388	-16.858	0	1	105	-3.1058	4.2473	1	5.8942	3.2474	0	-7.3438	3	-1	0	1	0	0	0
0	1187.2	16.388	-16.858	16.388	-16.858	0	1	105	-3.1058	4.2473	1	5.8942	3.2474	0	-7.3438	3	-1	0	1	0	0	0
0	1203.8	16.388	-16.858	16.388	-16.858	0	1	105	-3.1058	4.2473	1	5.8942	3.2474	0	-7.3438	3	-1	0	1	0	0	0
0	1220.4	16.388	-16.858	16.388	-16.858	0	1	105	-3.1058	4.2473	1	5.8942	3.2474	0	-7.3438	3	-1	0	1	0	0	0
0	1236.9	16.388	-16.858	16.388	-16.858	0	1	105	-3.1058	4.2473	1	5.8942	3.2474	0	-7.3438	3	-1	0	1	0	0	0
0	1253.6	16.388	-16.858	16.388	-16.858	0	1	105	-3.1058	4.2473	1	5.8942	3.2474	0	-7.3438	3	-1	0	1	0	0	0
0	1270.2	16.388	-16.858	16.388	-16.858	0	1	105	-3.1058	4.2473	1	5.8942	3.2474	0	-7.3438	3	-1	0	1	0	0	0
0	1286.8	16.388	-16.858	16.388	-16.858	0	1	105	-3.1058	4.2473	1	5.8942	3.2474	0	-7.3438	3	-1	0	1	0	1	0
0	1303.3	5.6704	-3.732	5.6704	-3.732	0	1	105	-3.1058	4.2473	1	5.8942	3.2474	0	-7.3438	3	-1	0	1	0	0	0
0	1320	5.6704	-3.6033	5.6704	-3.6033	0	1	105	-3.1058	4.2473	1	5.8942	3.2474	0	-7.3438	3	-1	0	1	0	0	0
0	1336.7	5.6704	-3.4425	5.6704	-3.4425	0	1	105	-3.1058	4.2473	1	5.8942	3.2474	0	-7.3438	3	-1	0	1	0	0	0
0	1353.2	5.7106	-3.0564	5.7106	-3.0564	0	1	105	-3.1058	4.2473	1	5.8942	3.2474	0	-7.3438	3	-1	0	1	0	0	0
0	1369.7	5.7307	-2.7025	5.7307	-2.7025	0	1	105	-3.1058	4.2473	1	5.8942	3.2474	0	-7.3438	3	-1	0	1	0	0	0
0	1386.3	5.7106	-2.3164	5.7106	-2.3164	0	1	105	-3.1058	4.2473	1	5.8942	3.2474	0	-7.3438	3	-1	0	1	0	0	0
0	1403	5.6503	-2.1556	5.6503	-2.1556	0	1	105	-3.1058	4.2473	1	5.8942	3.2474	0	-7.3438	3	-1	0	1	0	0	0
0	1419.6	5.5297	-1.8017	5.5297	-1.8017	0	1	105	-3.1058	4.2473	1	5.8942	3.2474	0	-7.3438	3	-1	0	1	0	0	0
0	1436.2	5.4492	-1.6408	5.4492	-1.6408	0	1	105	-3.1058	4.2473	1	5.8942	3.2474	0	-7.3438	3	-1	0	1	0	0	0
0	1452.8	5.2884	-1.3834	5.2884	-1.3834	0	1	105	-3.1058	4.2473	1	5.8942	3.2474	0	-7.3438	3	-1	0	1	0	0	0
0	1469.4	5.1476	-1.2547	5.1476	-1.2547	0	1	105	-3.1058	4.2473	1	5.8942	3.2474	0	-7.3438	3	-1	0	1	0	0	0
0	1485.9	5.027	-1.2226	5.027	-1.2226	0	1	105	-3.1058	4.2473	1	5.8942	3.2474	0	-7.3438	3	-1	0	1	0	0	0
0	1502.5	4.9465	-1.2547	4.9465	-1.2547	0	1	105	-3.1058	4.2473	1	5.8942	3.2474	0	-7.3438	3	-1	0	1	0	0	0
0	1519.1	4.7656	-1.4799	4.7656	-1.4799	0	1	105	-3.1058	4.2473	1	5.8942	3.2474	0	-7.3438	3	-1	0	1	0	0	0
0	1535.6	4.6449	-1.673	4.6449	-1.673	0	1	105	-3.1058	4.2473	1	5.8942	3.2474	0	-7.3438	3	-1	0	1	0	0	0
0	1552.3	4.3634	-2.2521	4.3634	-2.2521	0	1	105	-3.1058	4.2473	1	5.8942	3.2474	0	-7.3438	3	-1	0	1	0	0	0
0	1568.9	4.0417	-2.9921	4.0417	-2.9921	0	1	105	-3.1058	4.2473	1	5.8942	3.2474	0	-7.3438	3	-1	0	1	0	0	0
0	1585.5	3.8808	-3.4103	3.8808	-3.4103	0	1	105	-3.1058	4.2473	1	5.8942	3.2474	0	-7.3438	3	-1	0	1	0	0	0
0	1602.1	3.6194	-4.279	3.6194	-4.279	0	1	105	-3.1058	4.2473	1	5.8942	3.2474	0	-7.3438	3	-1	0	1	0	0	0
0	1618.7	3.4183	-5.0511	3.4183	-5.0511	0	1	105	-3.1058	4.2473	1	5.8942	3.2474	0	-7.3438	3	-1	0	1	0	0	0
0	1635.2	3.3379	-5.3407	3.3379	-5.3407	0	1	105	-3.1058	4.2473	1	5.8942	3.2474	0	-7.3438	3	-1	0	1	0	0	0
0	1651.8	3.2173	-5.7589	3.2173	-5.7589	0	1	105	-3.1058	4.2473	1	5.8942	3.2474	0	-7.3438	3	-1	0	1	0	0	0
0	1668.5	3.177	-5.9198	3.177	-5.9198	0	1	105	-3.1058	4.2473	1	5.8942	3.2474	0	-7.3438	3	-1	0	1	0	0	0
0	1685.1	3.1167	-6.145	3.1167	-6.145	0	1	105	-3.1058	4.2473	1	5.8942	3.2474	0	-7.3438	3	-1	0	1	0	0	0
0	1701.7	3.0765	-6.2415	3.0765	-6.2415	0	1	105	-3.1058	4.2473	1	5.8942	3.2474	0	-7.3438	3	-1	0	1	0	0	0
0	1718.3	3.0564	-6.2737	3.0564	-6.2737	0	1	105	-3.1058	4.2473	1	5.8942	3.2474	0	-7.3438	3	-1	0	1	0	0	0
0	1734.8	3.0564	-6.2737	3.0564	-6.2737	0	1	105	-3.1058	4.2473	1	5.8942	3.2474	0	-7.3438	3	-1	0	1	0	0	0
0	1751.4	3.0363	-6.3058	3.0363	-6.3058	0	1	105	-3.1058	4.2473	1	5.8942	3.2474	0	-7.3438	3	-1	0	1	0	0	0
0	1768	3.0162	-6.3058	3.0162	-6.3058	0	1	105	-3.1058	4.2473	1	5.8942	3.2474	0	-7.3438	3	-1	0	1	0	0	0
0	1784.6	2.9156	-6.3058	2.9156	-6.3058	0	1	105	-3.1058	4.2473	1	5.8942	3.2474	0	-7.3438	3	-1	0	0	0	0	0
0	1801.2	2.7749	-6.3058	2.7749	-6.3058	0	1	105	-3.1058	4.2473	1	5.8942	3.2474	0	-7.3438	3	-1	0	0	0	0	0
0	1817.8	2.5738	-6.338	2.5738	-6.338	0	1	105	-3.1058	4.2473	1	5.8942	3.2474	0	-7.3438	3	-1	0	0	0	0	0
0	1834.4	2.4532	-6.3702	2.4532	-6.3702	0	1	105	-3.1058	4.2473	1	5.8942	3.2474	0	-7.3438	3	-1	0	0	0	0	0
0	1851	2.1515	-6.4345	2.1515	-6.4345	0	1	105	-3.1058	4.2473	1	5.8942	3.2474	0	-7.3438	3	-1	0	0	0	0	0
0	1867.5	2.0108	-6.4667	2.0108	-6.4667	0	1	105	-3.1058	4.2473	1	5.8942	3.2474	0	-7.3438	3	-1	0	0	0	0	0
0	1884.2	1.7494	-6.4989	1.7494	-6.4989	0	1	105	-3.1058	4.2473	1	5.8942	3.2474	0	-7.3438	3	-1	0	0	0	0	0
0	1900.8	1.5081	-6.4667	1.5081	-6.4667	0	1	105	-3.1058	4.2473	1	5.8942	3.2474	0	-7.3438	3	-1	0	0	0	0	0
0	1917.4	1.2869	-6.4989	1.2869	-6.4989	0	1	105	-3.1058	4.2473	1	5.8942	3.2474	0	-7.3438	3	-1	0	0	0	0	0
0	1934	1.1864	-6.4989	1.1864	-6.4989	0	1	105	-3.1058	4.2473	1	5.8942	3.2474	0	-7.3438	3	-1	0	0	0	0	0
0	1950.5	1.0054	-6.5632	1.0054	-6.5632	0	1	105	-3.1058	4.2473	1	5.8942	3.2474	0	-7.3438	3	-1	0	0	0	0	0
0	1967.1	0.90485	-6.5632	0.90485	-6.5632	0	1	105	-3.1058	4.2473	1	5.8942	3.2474	0	-7.3438	3	-1	0	0	0	0	0
0	1983.7	0.74399	-6.5632	0.74399	-6.5632	0	1	105	-3.1058	4.2473	1	5.8942	3.2474	0	-7.3438	3	-1	0	0	0	0	0
0	2000.3	0.62334	-6.4667	0.62334	-6.4667	0	1	105	-3.1058	4.2473	1	5.8942	3.2474	0	-7.3438	3	-1	0	0	0	0	0
0	2016.9	0.56302	-6.3702	0.56302	-6.3702	0	1	105	-3.1058	4.2473	1	5.8942	3.2474	0	-7.3438	3	-1	0	0	0	0	0
0	2033.5	0.46248	-6.2093	0.46248	-6.2093	0	1	105	-3.1058	4.2473	1	5.8942	3.2474	0	-7.3438	3	-1	0	0	0	0	0
0	2050.1	0.38205	-6.0806	0.38205	-6.0806	0	1	105	-3.1058	4.2473	1	5.8942	3.2474	0	-7.3438	3	-1	0	0	0	0	0
0	2066.7	0.36194	-6.0485	0.36194	-6.0485	0	1	105	-3.1058	4.2473	1	5.8942	3.2474	0	-7.3438	3	-1	0	0	0	0	0
0	2083.3	0.28151	-6.0163	0.28151	-6.0163	0	1	105	-3.1058	4.2473	1	5.8942	3.2474	0	-7.3438	3	-1	0	0	0	0	0
0	2099.9	0.20108	-6.0163	0.20108	-6.0163	0	1	105	-3.1058	4.2473	1	5.8942	3.2474	0	-7.3438	3	-1	0	0	0	0	0
0	2116.5	0.16086	-6.0485	0.16086	-6.0485	0	1	105	-3.1058	4.2473	1	5.8942	3.2474	0	-7.3438	3	-1	0	0	0	0	0
0	2133.1	0.040216	-6.2415	0.040216	-6.2415	0	1	105	-3.1058	4.2473	1	5.8942	3.2474	0	-7.3438	3	-1	0	0	0	0	0
0	2149.7	-0.10054	-6.6276	-0.10054	-6.6276	0	1	105	-3.1058	4.2473	1	5.8942	3.2474	0	-7.3438	3	-1	0	0	0	0	0
0	2166.3	-0.20108	-6.8528	-0.20108	-6.8528	0	1	105	-3.1058	4.2473	1	5.8942	3.2474	0	-7.3438	3	-1	0	0	0	0	0
0	2182.9	-0.34183	-7.271	-0.34183	-7.271	0	1	105	-3.1058	4.2473	1	5.8942	3.2474	0	-7.3438	3	-1	0	0	0	0	0
0	2199.4	-0.42227	-7.4319	-0.42227	-7.4319	0	1	105	-3.1058	4.2473	1	5.8942	3.2474	0	-7.3438	3	-1	0	0	0	0	0
0	2216.1	-0.42227	-7.4319	-0.42227	-7.4319	0	1	105	-3.1058	4.2473	1	5.8942	3.2474	0	-7.3438	3	-1	0	0	0	0	0
0	2232.6	-0.40216	-7.4319	-0.40216	-7.4319	0	1	105	-3.1058	4.2473	1	5.8942	3.2474	0	-7.3438	3	-1	0	0	0	0	0
0	2249.2	-0.32173	-7.4319	-0.32173	-7.4319	0	1	105	-3.1058	4.2473	1	5.8942	3.2474	0	-7.3438	3	-1	0	0	0	0	0
0	2265.8	-0.2614	-7.3997	-0.2614	-7.3997	0	1	105	-3.1058	4.2473	1	5.8942	3.2474	0	-7.3438	3	-1	0	0	0	0	0
0	2282.4	-0.14076	-7.3354	-0.14076	-7.3354	0	1	105	-3.1058	4.2473	1	5.8942	3.2474	0	-7.3438	3	-1	0	0	0	0	0
0	2299	0	-7.271	0	-7.271	0	1	105	-3.1058	4.2473	1	5.8942	3.2474	0	-7.3438	3	-1	0	0	0	0	0
0	2315.6	0.060324	-7.2388	0.060324	-7.2388	0	1	105	-3.1058	4.2473	1	5.8942	3.2474	0	-7.3438	3	-1	0	0	0	0	0
0	2332.2	0.14076	-7.1423	0.14076	-7.1423	0	1	105	-3.1058	4.2473	1	5.8942	3.2474	0	-7.3438	3	-1	0	0	0	0	0
0	2348.8	0.16086	-7.1101	0.16086	-7.1101	0	1	105	-3.1058	4.2473	1	5.8942	3.2474	0	-7.3438	3	-1	0	0	0	0	0
0	2365.4	0.20108	-6.9815	0.20108	-6.9815	0	1	105	-3.1058	4.2473	1	5.8942	3.2474	0	-7.3438	3	-1	0	0	0	0	0
0	2382	0.24129	-6.7884	0.24129	-6.7884	0	1	105	-3.1058	4.2473	1	5.8942	3.2474	0	-7.3438	3	-1	0	0	0	0	0
0	2398.6	0.2614	-6.5632	0.2614	-6.5632	0	1	105	-3.1058	4.2473	1	5.8942	3.2474	0	-7.3438	3	-1	0	0	0	0	0
0	2415.1	0.28151	-6.4667	0.28151	-6.4667	0	1	105	-3.1058	4.2473	1	5.8942	3.2474	0	-7.3438	3	-1	0	0	0	0	0
0	2431.8	0.28151	-6.3058	0.28151	-6.3058	0	1	105	-3.1058	4.2473	1	5.8942	3.2474	0	-7.3438	3	-1	0	0	0	0	0
0	2448.4	0.28151	-6.2737	0.28151	-6.2737	0	1	105	-3.1058	4.2473	1	5.8942	3.2474	0	-7.3438	3	-1	0	0	0	0	0
0	2465	0.2614	-6.2415	0.2614	-6.2415	0	1	105	-3.1058	4.2473	1	5.8942	3.2474	0	-7.3438	3	-1	0	0	0	0	0
0	2481.6	0.18097	-6.1771	0.18097	-6.1771	0	1	105	-3.1058	4.2473	1	5.8942	3.2474	0	-7.3438	3	-1	0	0	0	0	0
0	2498.2	0.060324	-6.0485	0.060324	-6.0485	0	1	105	-3.1058	4.2473	1	5.8942	3.2474	0	-7.3438	3	-1	0	0	0	0	0
0	2514.8	-0.020108	-5.9841	-0.020108	-5.9841	0	1	105	-3.1058	4.2473	1	5.8942	3.2474	0	-7.3438	3	-1	0	0	0	0	0
0	2531.3	-0.18097	-5.7911	-0.18097	-5.7911	0	1	105	-3.1058	4.2473	1	5.8942	3.2474	0	-7.3438	3	-1	0	0	0	0	0
0	2548	-0.28151	-5.6946	-0.28151	-5.6946	0	1	105	-3.1058	4.2473	1	5.8942	3.2474	0	-7.3438	3	-1	0	0	0	0	0
0	2564.5	-0.5027	-5.4372	-0.5027	-5.4372	0	1	105	-3.1058	4.2473	1	5.8942	3.2474	0	-7.3438	3	-1	0	0	0	0	0
0	2581.2	-0.70378	-5.0511	-0.70378	-5.0511	0	1	105	-3.1058	4.2473	1	5.8942	3.2474	0	-7.3438	3	-1	0	0	0	0	0
0	2597.7	-0.90485	-4.5363	-0.90485	-4.5363	0	2	105	-3.1058	4.2473	1	5.8942	3.2474	0	-7.3438	3	-1	0	0	0	0	0
0	2614.3	-1.0054	-4.2468	-1.0054	-4.2468	0	2	105	-3.1058	4.2473	1	5.8942	3.2474	0	-7.3438	3	-1	0	0	0	0	0
0	2630.9	-1.1663	-3.6033	-1.1663	-3.6033	0	2	105	-3.1058	4.2473	1	5.8942	3.2474	0	-7.3438	3	-1	0	0	0	0	0
0	2647.5	-1.2668	-3.2494	-1.2668	-3.2494	0	2	105	-3.1058	4.2473	1	5.8942	3.2474	0	-7.3438	3	-1	0	0	0	0	0
0	2664.1	-1.4478	-2.6382	-1.4478	-2.6382	0	2	105	-3.1058	4.2473	1	5.8942	3.2474	0	-7.3438	3	-1	0	0	0	0	0
0	2680.7	-1.6287	-2.0912	-1.6287	-2.0912	0	2	105	-3.1058	4.2473	1	5.8942	3.2474	0	-7.3438	3	-1	0	0	0	0	0
0	2697.3	-1.8499	-1.6086	-1.8499	-1.6086	0	2	105	-3.1058	4.2473	1	5.8942	3.2474	0	-7.3438	3	-1	0	0	0	0	0
0	2713.9	-1.9505	-1.3834	-1.9505	-1.3834	0	2	105	-3.1058	4.2473	1	5.8942	3.2474	0	-7.3438	3	-1	0	0	0	0	0
0	2730.5	-2.1918	-0.96518	-2.1918	-0.96518	0	2	105	-3.1058	4.2473	1	5.8942	3.2474	0	-7.3438	3	-1	0	0	0	0	0
0	2747	-2.2923	-0.77214	-2.2923	-0.77214	0	2	105	-3.1058	4.2473	1	5.8942	3.2474	0	-7.3438	3	-1	0	0	0	0	0
0	2763.7	-2.5537	-0.32173	-2.5537	-0.32173	0	2	105	-3.1058	4.2473	1	5.8942	3.2474	0	-7.3438	3	-1	0	0	0	0	0
0	2780.3	-2.6743	-0.096518	-2.6743	-0.096518	0	2	105	-3.1058	4.2473	1	5.8942	3.2474	0	-7.3438	3	-1	0	0	0	0	0
0	2796.9	-2.9358	0.32173	-2.9358	0.32173	0	2	105	-3.1058	4.2473	1	5.8942	3.2474	0	-7.3438	3	-1	0	0	0	0	0
0	2813.4	-3.1972	0.80432	-3.1972	0.80432	0	2	105	-3.1058	4.2473	1	5.8942	3.2474	0	-7.3438	3	-1	0	0	0	0	0
0	2830	-3.4384	1.2869	-3.4384	1.2869	0	2	105	-3.1058	4.2473	1	5.8942	3.2474	0	-7.3438	3	-1	0	0	0	0	0
0	2846.6	-3.5591	1.5443	-3.5591	1.5443	0	2	105	-3.1058	4.2473	1	5.8942	3.2474	0	-7.3438	3	-1	0	0	0	0	0
0	2863.2	-3.8004	1.9947	-3.8004	1.9947	0	2	105	-3.1058	4.2473	1	5.8942	3.2474	0	-7.3438	3	-1	0	0	0	0	0
0	2879.8	-3.921	2.2199	-3.921	2.2199	0	2	105	-3.1058	4.2473	1	5.8942	3.2474	0	-7.3438	3	-1	0	0	0	0	0
0	2896.4	-4.1623	2.7347	-4.1623	2.7347	0	2	105	-3.1058	4.2473	1	5.8942	3.2474	0	-7.3438	3	-1	0	0	0	0	0
0	2913	-4.3835	3.2173	-4.3835	3.2173	0	2	105	-3.1058	4.2473	1	5.8942	3.2474	0	-7.3438	3	-1	0	0	0	0	0
0	2929.6	-4.5444	3.732	-4.5444	3.732	0	2	105	-3.1058	4.2473	1	5.8942	3.2474	0	-7.3438	3	-1	0	0	0	0	0
0	2946.2	-4.6047	3.9572	-4.6047	3.9572	0	2	105	-3.1058	4.2473	1	5.8942	3.2474	0	-7.3438	3	-1	0	0	0	0	0
0	2962.8	-4.7254	4.3433	-4.7254	4.3433	0	2	105	-3.1058	4.2473	1	5.8942	3.2474	0	-7.3438	3	-1	0	0	0	0	0
0	2979.3	-4.7857	4.5042	-4.7857	4.5042	0	2	105	-3.1058	4.2473	1	5.8942	3.2474	0	-7.3438	3	-1	0	0	0	0	0
0	2996	-4.8862	4.7294	-4.8862	4.7294	0	2	105	-3.1058	4.2473	1	5.8942	3.2474	0	-7.3438	3	-1	0	0	0	0	0
0	3012.6	-4.9465	4.8259	-4.9465	4.8259	0	2	105	-3.1058	4.2473	1	5.8942	3.2474	0	-7.3438	3	-1	0	0	0	0	0
0	3029.2	-4.9666	4.8902	-4.9666	4.8902	0	2	105	-3.1058	4.2473	1	5.8942	3.2474	0	-7.3438	3	-1	0	0	0	0	0
0	3045.8	-4.9666	4.8902	-4.9666	4.8902	0	2	105	-3.1058	4.2473	1	5.8942	3.2474	0	-7.3438	3	-1	0	0	0	0	0
0	3062.4	-4.9666	4.8902	-4.9666	4.8902	0	2	105	-3.1058	4.2473	1	5.8942	3.2474	0	-7.3438	3	-1	0	0	0	0	0
0	3078.9	-4.9666	4.8581	-4.9666	4.8581	0	2	105	-3.1058	4.2473	1	5.8942	3.2474	0	-7.3438	3	-1	0	0	0	0	0
0	3095.5	-4.9465	4.8581	-4.9465	4.8581	0	2	105	-3.1058	4.2473	1	5.8942	3.2474	0	-7.3438	3	-1	0	0	0	0	0
0	3112.1	-4.9264	4.8259	-4.9264	4.8259	0	2	105	-3.1058	4.2473	1	5.8942	3.2474	0	-7.3438	3	-1	0	0	0	0	0
0	3128.8	-4.9063	4.7937	-4.9063	4.7937	0	3	105	-3.1058	4.2473	1	5.8942	3.2474	0	-7.3438	3	-1	0	0	0	0	0
1	28.133	-0.10054	-7.2388	-0.10054	-7.2388	0	1	90	0	4.6562	1	9	3.6562	0	-7.3438	3	-1	1	0	0	0	0
1	44.77	-0.16086	-7.4962	-0.16086	-7.4962	0	1	90	0	4.6562	1	9	3.6562	0	-7.3438	3	-1	1	0	0	0	0
1	61.312	-0.22119	-7.6249	-0.22119	-7.6249	0	1	90	0	4.6562	1	9	3.6562	0	-7.3438	3	-1	1	0	0	0	0
1	77.897	-0.22119	-7.6571	-0.22119	-7.6571	0	1	90	0	4.6562	1	9	3.6562	0	-7.3438	3	-1	1	0	0	0	0
1	94.492	-0.24129	-7.6571	-0.24129	-7.6571	0	1	90	0	4.6562	1	9	3.6562	0	-7.3438	3	-1	1	0	0	0	0
1	111.14	-0.24129	-7.6571	-0.24129	-7.6571	0	1	90	0	4.6562	1	9	3.6562	0	-7.3438	3	-1	1	0	0	0	0
1	127.7	-0.24129	-7.6571	-0.24129	-7.6571	0	1	90	0	4.6562	1	9	3.6562	0	-7.3438	3	-1	1	0	0	0	0
1	144.27	-0.24129	-7.6571	-0.24129	-7.6571	0	1	90	0	4.6562	1	9	3.6562	0	-7.3438	3	-1	1	0	0	0	0
1	160.84	-0.24129	-7.6571	-0.24129	-7.6571	0	1	90	0	4.6562	1	9	3.6562	0	-7.3438	3	-1	1	0	0	0	0
1	177.47	-0.24129	-7.6571	-0.24129	-7.6571	0	1	90	0	4.6562	1	9	3.6562	0	-7.3438	3	-1	1	1	0	0	0
1	194.06	-0.24129	-7.6571	-0.24129	-7.6571	0	1	90	0	4.6562	1	9	3.6562	0	-7.3438	3	-1	1	1	0	0	0
1	210.67	-0.24129	-7.6571	-0.24129	-7.6571	0	1	90	0	4.6562	1	9	3.6562	0	-7.3438	3	-1	1	1	0	0	0
1	227.27	-0.24129	-7.6571	-0.24129	-7.6571	0	1	90	0	4.6562	1	9	3.6562	0	-7.3438	3	-1	1	1	0	0	0
1	243.87	-0.24129	-7.6571	-0.24129	-7.6571	0	1	90	0	4.6562	1	9	3.6562	0	-7.3438	3	-1	1	1	0	0	0
1	260.46	-0.24129	-7.6571	-0.24129	-7.6571	0	1	90	0	4.6562	1	9	3.6562	0	-7.3438	3	-1	1	1	0	0	0
1	277.03	-0.24129	-7.6571	-0.24129	-7.6571	0	1	90	0	4.6562	1	9	3.6562	0	-7.3438	3	-1	1	1	0	0	0
1	293.58	-0.24129	-7.6571	-0.24129	-7.6571	0	1	90	0	4.6562	1	9	3.6562	0	-7.3438	3	-1	1	1	0	0	0
1	310.2	-0.24129	-7.6571	-0.24129	-7.6571	0	1	90	0	4.6562	1	9	3.6562	0	-7.3438	3	-1	1	1	0	0	0
1	326.86	-0.24129	-7.6571	-0.24129	-7.6571	0	1	90	0	4.6562	1	9	3.6562	0	-7.3438	3	-1	1	1	0	0	0
1	343.43	-0.24129	-7.6571	-0.24129	-7.6571	0	1	90	0	4.6562	1	9	3.6562	0	-7.3438	3	-1	1	1	0	0	0
1	360	-0.24129	-7.6571	-0.24129	-7.6571	0	1	90	0	4.6562	1	9	3.6562	0	-7.3438	3	-1	1	1	0	0	0
1	376.61	-0.24129	-7.6249	-0.24129	-7.6249	0	1	90	0	4.6562	1	9	3.6562	0	-7.3438	3	-1	1	1	0	0	0
1	393.19	-0.32173	-7.464	-0.32173	-7.464	0	1	90	0	4.6562	1	9	3.6562	0	-7.3438	3	-1	1	1	0	0	0
1	409.78	-0.40216	-7.271	-0.40216	-7.271	0	1	90	0	4.6562	1	9	3.6562	0	-7.3438	3	-1	1	1	0	0	0
1	426.4	-0.66356	-6.6919	-0.66356	-6.6919	0	1	90	0	4.6562	1	9	3.6562	0	-7.3438	3	-1	1	1	0	0	0
1	443.01	-0.92496	-5.8232	-0.92496	-5.8232	0	1	90	0	4.6562	1	9	3.6562	0	-7.3438	3	-1	1	1	0	0	0
1	459.6	-1.0657	-4.8902	-1.0657	-4.8902	0	1	90	0	4.6562	1	9	3.6562	0	-7.3438	3	-1	1	1	0	0	0
1	476.21	-1.0858	-4.472	-1.0858	-4.472	0	2	90	0	4.6562	1	9	3.6562	0	-7.3438	3	-1	1	1	0	0	0
1	492.75	-1.0858	-3.732	-1.0858	-3.732	0	2	90	0	4.6562	1	9	3.6562	0	-7.3438	3	-1	1	1	0	0	0
1	509.29	-1.0657	-3.4103	-1.0657	-3.4103	0	2	90	0	4.6562	1	9	3.6562	0	-7.3438	3	-1	1	1	0	0	0
1	526	-1.0657	-2.7668	-1.0657	-2.7668	0	2	90	0	4.6562	1	9	3.6562	0	-7.3438	3	-1	1	1	0	1	0
1	542.59	-1.0657	-2.1234	-1.0657	-2.1234	0	2	90	0	4.6562	1	9	3.6562	0	-7.3438	3	-1	1	1	0	0	0
1	559.15	-1.0858	-1.4478	-1.0858	-1.4478	0	2	90	0	4.6562	1	9	3.6562	0	-7.3438	3	-1	1	1	0	0	0
1	575.76	-1.0858	-1.126	-1.0858	-1.126	0	2	90	0	4.6562	1	9	3.6562	0	-7.3438	3	-1	1	1	0	0	0
1	592.34	-1.0858	-0.51476	-1.0858	-0.51476	0	2	90	0	4.6562	1	9	3.6562	0	-7.3438	3	-1	1	1	0	0	0
1	608.92	-1.1059	-0.22521	-1.1059	-0.22521	0	2	90	0	4.6562	1	9	3.6562	0	-7.3438	3	-1	1	1	0	0	0
1	625.47	-1.1461	0.45042	-1.1461	0.45042	0	2	90	0	4.6562	1	9	3.6562	0	-7.3438	3	-1	1	1	0	0	0
1	642.09	-1.1663	1.1904	-1.1663	1.1904	0	2	90	0	4.6562	1	9	3.6562	0	-7.3438	3	-1	1	1	0	0	0
1	658.7	-1.1461	1.9947	-1.1461	1.9947	0	2	90	0	4.6562	1	9	3.6562	0	-7.3438	3	-1	1	1	0	0	0
1	675.28	-1.126	2.3808	-1.126	2.3808	0	2	90	0	4.6562	1	9	3.6562	0	-7.3438	3	-1	1	1	0	0	0
1	691.9	-1.1059	3.0886	-1.1059	3.0886	0	2	90	0	4.6562	1	9	3.6562	0	-7.3438	3	-1	1	1	0	0	0
1	708.45	-1.1059	3.3781	-1.1059	3.3781	0	2	90	0	4.6562	1	9	3.6562	0	-7.3438	3	-1	1	1	0	0	0
1	725.07	-1.0657	3.8607	-1.0657	3.8607	0	2	90	0	4.6562	1	9	3.6562	0	-7.3438	3	-1	1	1	0	0	0
1	741.67	-1.0255	4.0538	-1.0255	4.0537	0	2	90	0	4.6562	1	9	3.6562	0	-7.3438	3	-1	1	1	0	0	0
1	758.25	-0.96518	4.4398	-0.96518	4.4398	0	2	90	0	4.6562	1	9	3.6562	0	-7.3438	3	-1	1	1	0	0	0
1	774.88	-0.86464	4.7294	-0.86464	4.7294	0	2	90	0	4.6562	1	9	3.6562	0	-7.3438	3	-1	1	1	0	0	0
1	791.5	-0.78421	4.9546	-0.78421	4.9546	0	2	90	0	4.6562	1	9	3.6562	0	-7.3438	3	-1	1	1	0	0	0
1	808.08	-0.74399	5.0189	-0.74399	5.0189	0	2	90	0	4.6562	1	9	3.6562	0	-7.3438	3	-1	1	1	0	0	0
1	824.63	-0.70378	5.1154	-0.70378	5.1154	0	2	90	0	4.6562	1	9	3.6562	0	-7.3438	3	-1	1	0	0	0	0
1	841.2	-0.70378	5.1476	-0.70378	5.1476	0	2	90	0	4.6562	1	9	3.6562	0	-7.3438	3	-1	1	0	0	0	0
1	857.87	-0.68367	5.1476	-0.68367	5.1476	0	2	90	0	4.6562	1	9	3.6562	0	-7.3438	3	-1	1	0	0	0	0
1	874.42	-0.68367	5.1476	-0.68367	5.1476	0	2	90	0	4.6562	1	9	3.6562	0	-7.3438	3	-1	1	0	0	0	0
1	891.02	-0.70378	5.1476	-0.70378	5.1476	0	2	90	0	4.6562	1	9	3.6562	0	-7.3438	3	-1	1	0	0	0	0
1	907.63	-0.70378	5.1476	-0.70378	5.1476	0	2	90	0	4.6562	1	9	3.6562	0	-7.3438	3	-1	1	0	0	0	0
1	924.24	-0.70378	5.1476	-0.70378	5.1476	0	3	90	0	4.6562	1	9	3.6562	0	-7.3438	3	-1	1	0	0	0	0
2	30.7	-0.44237	-7.6249	-0.44237	-7.6249	0	1	75	3.1058	4.2473	1	12.106	3.2474	0	-7.3438	3	-1	1	0	0	0	0
2	47.269	-0.38205	-7.6249	-0.38205	-7.6249	0	1	75	3.1058	4.2473	1	12.106	3.2474	0	-7.3438	3	-1	1	0	0	0	0
2	63.833	-0.32173	-7.6571	-0.32173	-7.6571	0	1	75	3.1058	4.2473	1	12.106	3.2474	0	-7.3438	3	-1	1	0	0	0	0
2	80.49	-0.24129	-7.6893	-0.24129	-7.6893	0	1	75	3.1058	4.2473	1	12.106	3.2474	0	-7.3438	3	-1	1	0	0	0	0
2	97.074	-0.24129	-7.6893	-0.24129	-7.6893	0	1	75	3.1058	4.2473	1	12.106	3.2474	0	-7.3438	3	-1	1	0	0	0	0
2	113.69	-0.22119	-7.6893	-0.22119	-7.6893	0	1	75	3.1058	4.2473	1	12.106	3.2474	0	-7.3438	3	-1	1	0	0	0	0
2	130.29	-0.22119	-7.6893	-0.22119	-7.6893	0	1	75	3.1058	4.2473	1	12.106	3.2474	0	-7.3438	3	-1	1	0	0	0	0
2	146.84	-0.22119	-7.6893	-0.22119	-7.6893	0	1	75	3.1058	4.2473	1	12.106	3.2474	0	-7.3438	3	-1	1	0	0	0	0
2	163.39	-0.20108	-7.6893	-0.20108	-7.6893	0	1	75	3.1058	4.2473	1	12.106	3.2474	0	-7.3438	3	-1	1	0	0	0	0
2	179.97	-0.20108	-7.6893	-0.20108	-7.6893	0	1	75	3.1058	4.2473	1	12.106	3.2474	0	-7.3438	3	-1	1	0	0	0	0
2	196.66	-0.20108	-7.6893	-0.20108	-7.6893	0	1	75	3.1058	4.2473	1	12.106	3.2474	0	-7.3438	3	-1	1	0	0	0	0
2	213.26	-0.20108	-7.6893	-0.20108	-7.6893	0	1	75	3.1058	4.2473	1	12.106	3.2474	0	-7.3438	3	-1	1	0	0	0	0
2	229.83	-0.18097	-7.6893	-0.18097	-7.6893	0	1	75	3.1058	4.2473	1	12.106	3.2474	0	-7.3438	3	-1	1	0	0	0	0
2	246.44	-0.18097	-7.6893	-0.18097	-7.6893	0	1	75	3.1058	4.2473	1	12.106	3.2474	0	-7.3438	3	-1	1	0	0	0	0
2	263.08	-0.18097	-7.6893	-0.18097	-7.6893	0	1	75	3.1058	4.2473	1	12.106	3.2474	0	-7.3438	3	-1	1	1	0	0	0
2	279.6	-0.18097	-7.6893	-0.18097	-7.6893	0	1	75	3.1058	4.2473	1	12.106	3.2474	0	-7.3438	3	-1	1	1	0	0	0
2	296.19	-0.18097	-7.6893	-0.18097	-7.6893	0	1	75	3.1058	4.2473	1	12.106	3.2474	0	-7.3438	3	-1	1	1	0	0	0
2	312.79	-0.18097	-7.6571	-0.18097	-7.6571	0	1	75	3.1058	4.2473	1	12.106	3.2474	0	-7.3438	3	-1	1	1	0	0	0
2	329.35	-0.16086	-7.6571	-0.16086	-7.6571	0	1	75	3.1058	4.2473	1	12.106	3.2474	0	-7.3438	3	-1	1	1	0	0	0
2	345.96	-0.10054	-7.6571	-0.10054	-7.6571	0	1	75	3.1058	4.2473	1	12.106	3.2474	0	-7.3438	3	-1	1	1	0	0	0
2	362.56	-0.060324	-7.6249	-0.060324	-7.6249	0	1	75	3.1058	4.2473	1	12.106	3.2474	0	-7.3438	3	-1	1	1	0	0	0
2	379.18	0.060324	-7.5927	0.060324	-7.5927	0	1	75	3.1058	4.2473	1	12.106	3.2474	0	-7.3438	3	-1	1	1	0	0	0
2	395.7	0.12065	-7.5284	0.12065	-7.5284	0	1	75	3.1058	4.2473	1	12.106	3.2474	0	-7.3438	3	-1	1	1	0	0	0
2	412.42	0.18097	-7.3675	0.18097	-7.3675	0	1	75	3.1058	4.2473	1	12.106	3.2474	0	-7.3438	3	-1	1	1	0	0	0
2	428.96	0.20108	-6.9815	0.20108	-6.9815	0	1	75	3.1058	4.2473	1	12.106	3.2474	0	-7.3438	3	-1	1	1	0	0	0
2	445.57	0.20108	-6.4667	0.20108	-6.4667	0	1	75	3.1058	4.2473	1	12.106	3.2474	0	-7.3438	3	-1	1	1	0	0	0
2	462.16	0.20108	-6.145	0.20108	-6.145	0	1	75	3.1058	4.2473	1	12.106	3.2474	0	-7.3438	3	-1	1	1	0	0	0
2	478.71	0.22119	-5.4372	0.22119	-5.4372	0	1	75	3.1058	4.2473	1	12.106	3.2474	0	-7.3438	3	-1	1	1	0	0	0
2	495.28	0.2614	-5.0833	0.2614	-5.0833	0	1	75	3.1058	4.2473	1	12.106	3.2474	0	-7.3438	3	-1	1	1	0	0	0
2	511.92	0.40216	-4.4076	0.40216	-4.4076	0	2	75	3.1058	4.2473	1	12.106	3.2474	0	-7.3438	3	-1	1	1	0	0	0
2	528.52	0.62334	-3.7964	0.62334	-3.7964	0	2	75	3.1058	4.2473	1	12.106	3.2474	0	-7.3438	3	-1	1	1	0	0	0
2	545.05	0.88475	-3.2816	0.88475	-3.2816	0	2	75	3.1058	4.2473	1	12.106	3.2474	0	-7.3438	3	-1	1	1	0	0	0
2	561.74	1.0255	-3.0564	1.0255	-3.0564	0	2	75	3.1058	4.2473	1	12.106	3.2474	0	-7.3438	3	-1	1	1	0	0	0
2	578.3	1.2668	-2.5416	1.2668	-2.5416	0	2	75	3.1058	4.2473	1	12.106	3.2474	0	-7.3438	3	-1	1	1	0	0	0
2	594.91	1.3874	-2.2199	1.3874	-2.2199	0	2	75	3.1058	4.2473	1	12.106	3.2474	0	-7.3438	3	-1	1	1	0	0	0
2	611.47	1.5885	-1.4799	1.5885	-1.4799	0	2	75	3.1058	4.2473	1	12.106	3.2474	0	-7.3438	3	-1	1	1	0	1	0
2	628.07	1.8097	-0.61128	1.8097	-0.61128	0	2	75	3.1058	4.2473	1	12.106	3.2474	0	-7.3438	3	-1	1	1	0	0	0
2	644.67	1.9304	-0.22521	1.9304	-0.22521	0	2	75	3.1058	4.2473	1	12.106	3.2474	0	-7.3438	3	-1	1	1	0	0	0
2	661.26	2.1515	0.54693	2.1515	0.54693	0	2	75	3.1058	4.2473	1	12.106	3.2474	0	-7.3438	3	-1	1	1	0	0	0
2	677.86	2.3526	1.2226	2.3526	1.2226	0	2	75	3.1058	4.2473	1	12.106	3.2474	0	-7.3438	3	-1	1	1	0	0	0
2	694.46	2.4331	1.5765	2.4331	1.5765	0	2	75	3.1058	4.2473	1	12.106	3.2474	0	-7.3438	3	-1	1	1	0	0	0
2	711.32	2.5939	2.2521	2.5939	2.2521	0	2	75	3.1058	4.2473	1	12.106	3.2474	0	-7.3438	3	-1	1	1	0	0	0
2	727.59	2.7749	2.9277	2.7749	2.9277	0	2	75	3.1058	4.2473	1	12.106	3.2474	0	-7.3438	3	-1	1	1	0	0	0
2	744.23	2.8754	3.2494	2.8754	3.2494	0	2	75	3.1058	4.2473	1	12.106	3.2474	0	-7.3438	3	-1	1	1	0	0	0
2	760.8	3.1368	3.8607	3.1368	3.8607	0	2	75	3.1058	4.2473	1	12.106	3.2474	0	-7.3438	3	-1	1	1	0	0	0
2	777.4	3.358	4.3111	3.358	4.3111	0	2	75	3.1058	4.2473	1	12.106	3.2474	0	-7.3438	3	-1	1	1	0	0	0
2	794.04	3.4384	4.4398	3.4384	4.4398	0	2	75	3.1058	4.2473	1	12.106	3.2474	0	-7.3438	3	-1	1	1	0	0	0
2	810.62	3.539	4.6007	3.539	4.6007	0	2	75	3.1058	4.2473	1	12.106	3.2474	0	-7.3438	3	-1	1	1	0	0	0
2	827.18	3.5591	4.6329	3.5591	4.6329	0	2	75	3.1058	4.2473	1	12.106	3.2474	0	-7.3438	3	-1	1	1	0	0	0
2	843.74	3.5792	4.6329	3.5792	4.6329	0	2	75	3.1058	4.2473	1	12.106	3.2474	0	-7.3438	3	-1	1	1	0	0	0
2	860.39	3.5792	4.6329	3.5792	4.6329	0	2	75	3.1058	4.2473	1	12.106	3.2474	0	-7.3438	3	-1	1	1	0	0	0
2	876.95	3.5993	4.6329	3.5993	4.6329	0	2	75	3.1058	4.2473	1	12.106	3.2474	0	-7.3438	3	-1	1	0	0	0	0
2	893.61	3.6194	4.6329	3.6194	4.6329	0	2	75	3.1058	4.2473	1	12.106	3.2474	0	-7.3438	3	-1	1	0	0	0	0
2	910.18	3.6596	4.6007	3.6596	4.6007	0	2	75	3.1058	4.2473	1	12.106	3.2474	0	-7.3438	3	-1	1	0	0	0	0
2	926.74	3.6797	4.6007	3.6797	4.6007	0	2	75	3.1058	4.2473	1	12.106	3.2474	0	-7.3438	3	-1	1	0	0	0	0
2	943.31	3.72	4.5685	3.72	4.5685	0	3	75	3.1058	4.2473	1	12.106	3.2474	0	-7.3438	3	-1	1	0	0	0	0
3	30.473	-0.40216	-7.6571	-0.40216	-7.6571	0	1	90	0	4.6562	1	9	3.6562	0	-7.3438	3	-1	1	0	0	0	0
3	47.129	-0.28151	-7.6571	-0.28151	-7.6571	0	1	90	0	4.6562	1	9	3.6562	0	-7.3438	3	-1	1	0	0	0	0
3	63.723	-0.24129	-7.6893	-0.24129	-7.6893	0	1	90	0	4.6562	1	9	3.6562	0	-7.3438	3	-1	1	0	0	0	0
3	80.32	-0.22119	-7.6893	-0.22119	-7.6893	0	1	90	0	4.6562	1	9	3.6562	0	-7.3438	3	-1	1	0	0	0	0
3	96.859	-0.20108	-7.6893	-0.20108	-7.6893	0	1	90	0	4.6562	1	9	3.6562	0	-7.3438	3	-1	1	0	0	0	0
3	113.43	-0.20108	-7.6893	-0.20108	-7.6893	0	1	90	0	4.6562	1	9	3.6562	0	-7.3438	3	-1	1	0	0	0	0
3	130.1	-0.20108	-7.6893	-0.20108	-7.6893	0	1	90	0	4.6562	1	9	3.6562	0	-7.3438	3	-1	1	0	0	0	0
3	146.73	-0.18097	-7.6893	-0.18097	-7.6893	0	1	90	0	4.6562	1	9	3.6562	0	-7.3438	3	-1	1	0	0	0	0
3	163.32	-0.14076	-7.6571	-0.14076	-7.6571	0	1	90	0	4.6562	1	9	3.6562	0	-7.3438	3	-1	1	1	0	0	0
3	179.91	-0.080432	-7.6571	-0.080432	-7.6571	0	1	90	0	4.6562	1	9	3.6562	0	-7.3438	3	-1	1	1	0	0	0
3	196.47	-0.040216	-7.6571	-0.040216	-7.6571	0	1	90	0	4.6562	1	9	3.6562	0	-7.3438	3	-1	1	1	0	0	0
3	213.06	0.060324	-7.6249	0.060324	-7.6249	0	1	90	0	4.6562	1	9	3.6562	0	-7.3438	3	-1	1	1	0	0	0
3	229.66	0.080432	-7.6249	0.080432	-7.6249	0	1	90	0	4.6562	1	9	3.6562	0	-7.3438	3	-1	1	1	0	0	0
3	246.25	0.12065	-7.6249	0.12065	-7.6249	0	1	90	0	4.6562	1	9	3.6562	0	-7.3438	3	-1	1	1	0	0	0
3	262.84	0.14076	-7.6249	0.14076	-7.6249	0	1	90	0	4.6562	1	9	3.6562	0	-7.3438	3	-1	1	1	0	0	0
3	279.44	0.14076	-7.5927	0.14076	-7.5927	0	1	90	0	4.6562	1	9	3.6562	0	-7.3438	3	-1	1	1	0	0	0
3	296	0.16086	-7.5927	0.16086	-7.5927	0	1	90	0	4.6562	1	9	3.6562	0	-7.3438	3	-1	1	1	0	0	0
3	312.59	0.18097	-7.5606	0.18097	-7.5606	0	1	90	0	4.6562	1	9	3.6562	0	-7.3438	3	-1	1	1	0	0	0
3	329.21	0.18097	-7.4962	0.18097	-7.4962	0	1	90	0	4.6562	1	9	3.6562	0	-7.3438	3	-1	1	1	0	0	0
3	345.75	0.14076	-7.3354	0.14076	-7.3354	0	1	90	0	4.6562	1	9	3.6562	0	-7.3438	3	-1	1	1	0	0	0
3	362.42	0.020108	-6.9815	0.020108	-6.9815	0	1	90	0	4.6562	1	9	3.6562	0	-7.3438	3	-1	1	1	0	0	0
3	379.01	-0.18097	-6.4024	-0.18097	-6.4024	0	1	90	0	4.6562	1	9	3.6562	0	-7.3438	3	-1	1	1	0	0	0
3	395.61	-0.28151	-6.0163	-0.28151	-6.0163	0	1	90	0	4.6562	1	9	3.6562	0	-7.3438	3	-1	1	1	0	0	0
3	412.21	-0.5027	-5.1476	-0.5027	-5.1476	0	1	90	0	4.6562	1	9	3.6562	0	-7.3438	3	-1	1	1	0	0	0
3	428.79	-0.56302	-4.665	-0.56302	-4.665	0	2	90	0	4.6562	1	9	3.6562	0	-7.3438	3	-1	1	1	0	0	0
3	445.36	-0.64345	-3.732	-0.64345	-3.732	0	2	90	0	4.6562	1	9	3.6562	0	-7.3438	3	-1	1	1	0	1	0
3	461.95	-0.66356	-2.8634	-0.66356	-2.8634	0	2	90	0	4.6562	1	9	3.6562	0	-7.3438	3	-1	1	1	0	0	0
3	478.5	-0.64345	-2.0269	-0.64345	-2.0269	0	2	90	0	4.6562	1	9	3.6562	0	-7.3438	3	-1	1	1	0	0	0
3	495.2	-0.62334	-1.6408	-0.62334	-1.6408	0	2	90	0	4.6562	1	9	3.6562	0	-7.3438	3	-1	1	1	0	0	0
3	511.93	-0.60324	-0.86866	-0.60324	-0.86866	0	2	90	0	4.6562	1	9	3.6562	0	-7.3438	3	-1	1	1	0	0	0
3	528.34	-0.58313	-0.51476	-0.58313	-0.51476	0	2	90	0	4.6562	1	9	3.6562	0	-7.3438	3	-1	1	1	0	0	0
3	544.92	-0.5027	0.19304	-0.5027	0.19304	0	2	90	0	4.6562	1	9	3.6562	0	-7.3438	3	-1	1	1	0	0	0
3	561.56	-0.40216	0.86866	-0.40216	0.86866	0	2	90	0	4.6562	1	9	3.6562	0	-7.3438	3	-1	1	1	0	0	0
3	578.18	-0.32173	1.1904	-0.32173	1.1904	0	2	90	0	4.6562	1	9	3.6562	0	-7.3438	3	-1	1	1	0	0	0
3	594.76	-0.14076	1.8338	-0.14076	1.8338	0	2	90	0	4.6562	1	9	3.6562	0	-7.3438	3	-1	1	1	0	0	0
3	611.32	0.080432	2.4129	0.080432	2.4129	0	2	90	0	4.6562	1	9	3.6562	0	-7.3438	3	-1	1	1	0	0	0
3	627.92	0.22119	2.6703	0.22119	2.6703	0	2	90	0	4.6562	1	9	3.6562	0	-7.3438	3	-1	1	1	0	0	0
3	644.58	0.44237	3.1207	0.44237	3.1207	0	2	90	0	4.6562	1	9	3.6562	0	-7.3438	3	-1	1	1	0	0	0
3	661.11	0.62334	3.4746	0.62334	3.4746	0	2	90	0	4.6562	1	9	3.6562	0	-7.3438	3	-1	1	1	0	0	0
3	677.76	0.68367	3.6033	0.68367	3.6033	0	2	90	0	4.6562	1	9	3.6562	0	-7.3438	3	-1	1	1	0	0	0
3	694.25	0.78421	3.8285	0.78421	3.8285	0	2	90	0	4.6562	1	9	3.6562	0	-7.3438	3	-1	1	1	0	0	0
3	710.95	0.84453	3.9572	0.84453	3.9572	0	2	90	0	4.6562	1	9	3.6562	0	-7.3438	3	-1	1	1	0	0	0
3	727.5	0.86464	3.9894	0.86464	3.9894	0	2	90	0	4.6562	1	9	3.6562	0	-7.3438	3	-1	1	1	0	0	0
3	744.1	0.86464	4.0216	0.86464	4.0216	0	2	90	0	4.6562	1	9	3.6562	0	-7.3438	3	-1	1	0	0	0	0
3	760.61	0.86464	4.0216	0.86464	4.0216	0	2	90	0	4.6562	1	9	3.6562	0	-7.3438	3	-1	1	0	0	0	0
3	777.26	0.86464	4.0216	0.86464	4.0216	0	2	90	0	4.6562	1	9	3.6562	0	-7.3438	3	-1	1	0	0	0	0
3	793.87	0.86464	4.0216	0.86464	4.0216	0	2	90	0	4.6562	1	9	3.6562	0	-7.3438	3	-1	1	0	0	0	0
3	810.47	0.86464	3.9894	0.86464	3.9894	0	2	90	0	4.6562	1	9	3.6562	0	-7.3438	3	-1	1	0	0	0	0
3	827.09	0.86464	3.9894	0.86464	3.9894	0	3	90	0	4.6562	1	9	3.6562	0	-7.3438	3	-1	1	0	0	0	0
4	31.111	-0.46248	-7.5927	-0.46248	-7.5927	0	1	105	-3.1058	4.2473	1	5.8942	3.2474	0	-7.3438	3	-1	1	0	0	0	0
4	47.702	-0.46248	-7.5927	-0.46248	-7.5927	0	1	105	-3.1058	4.2473	1	5.8942	3.2474	0	-7.3438	3	-1	1	0	0	0	0
4	64.33	-0.46248	-7.5927	-0.46248	-7.5927	0	1	105	-3.1058	4.2473	1	5.8942	3.2474	0	-7.3438	3	-1	1	0	0	0	0
4	80.944	-0.46248	-7.5927	-0.46248	-7.5927	0	1	105	-3.1058	4.2473	1	5.8942	3.2474	0	-7.3438	3	-1	1	0	0	0	0
4	97.505	-0.46248	-7.5927	-0.46248	-7.5927	0	1	105	-3.1058	4.2473	1	5.8942	3.2474	0	-7.3438	3	-1	1	0	0	0	0
4	114.08	-0.46248	-7.6249	-0.46248	-7.6249	0	1	105	-3.1058	4.2473	1	5.8942	3.2474	0	-7.3438	3	-1	1	0	0	0	0
4	130.69	-0.46248	-7.6249	-0.46248	-7.6249	0	1	105	-3.1058	4.2473	1	5.8942	3.2474	0	-7.3438	3	-1	1	0	0	0	0
4	147.17	-0.46248	-7.6249	-0.46248	-7.6249	0	1	105	-3.1058	4.2473	1	5.8942	3.2474	0	-7.3438	3	-1	1	0	0	0	0
4	163.82	-0.46248	-7.6249	-0.46248	-7.6249	0	1	105	-3.1058	4.2473	1	5.8942	3.2474	0	-7.3438	3	-1	1	0	0	0	0
4	180.47	-0.46248	-7.6249	-0.46248	-7.6249	0	1	105	-3.1058	4.2473	1	5.8942	3.2474	0	-7.3438	3	-1	1	0	0	0	0
4	197.04	-0.44237	-7.6249	-0.44237	-7.6249	0	1	105	-3.1058	4.2473	1	5.8942	3.2474	0	-7.3438	3	-1	1	0	0	0	0
4	213.68	-0.42227	-7.6249	-0.42227	-7.6249	0	1	105	-3.1058	4.2473	1	5.8942	3.2474	0	-7.3438	3	-1	1	0	0	0	0
4	230.25	-0.40216	-7.6571	-0.40216	-7.6571	0	1	105	-3.1058	4.2473	1	5.8942	3.2474	0	-7.3438	3	-1	1	0	0	0	0
4	246.81	-0.34183	-7.6571	-0.34183	-7.6571	0	1	105	-3.1058	4.2473	1	5.8942	3.2474	0	-7.3438	3	-1	1	1	0	0	0
4	263.39	-0.30162	-7.6571	-0.30162	-7.6571	0	1	105	-3.1058	4.2473	1	5.8942	3.2474	0	-7.3438	3	-1	1	1	0	0	0
4	279.98	-0.28151	-7.6571	-0.28151	-7.6571	0	1	105	-3.1058	4.2473	1	5.8942	3.2474	0	-7.3438	3	-1	1	1	0	0	0
4	296.63	-0.28151	-7.6571	-0.28151	-7.6571	0	1	105	-3.1058	4.2473	1	5.8942	3.2474	0	-7.3438	3	-1	1	1	0	0	0
4	313.18	-0.28151	-7.6571	-0.28151	-7.6571	0	1	105	-3.1058	4.2473	1	5.8942	3.2474	0	-7.3438	3	-1	1	1	0	0	0
4	329.8	-0.28151	-7.6571	-0.28151	-7.6571	0	1	105	-3.1058	4.2473	1	5.8942	3.2474	0	-7.3438	3	-1	1	1	0	0	0
4	346.41	-0.28151	-7.6571	-0.28151	-7.6571	0	1	105	-3.1058	4.2473	1	5.8942	3.2474	0	-7.3438	3	-1	1	1	0	0	0
4	362.97	-0.30162	-7.5927	-0.30162	-7.5927	0	1	105	-3.1058	4.2473	1	5.8942	3.2474	0	-7.3438	3	-1	1	1	0	0	0
4	379.55	-0.34183	-7.4962	-0.34183	-7.4962	0	1	105	-3.1058	4.2473	1	5.8942	3.2474	0	-7.3438	3	-1	1	1	0	0	0
4	396.19	-0.56302	-7.1101	-0.56302	-7.1101	0	1	105	-3.1058	4.2473	1	5.8942	3.2474	0	-7.3438	3	-1	1	1	0	0	0
4	412.72	-0.74399	-6.7241	-0.74399	-6.7241	0	1	105	-3.1058	4.2473	1	5.8942	3.2474	0	-7.3438	3	-1	1	1	0	0	0
4	429.37	-1.126	-5.7589	-1.126	-5.7589	0	1	105	-3.1058	4.2473	1	5.8942	3.2474	0	-7.3438	3	-1	1	1	0	0	0
4	445.99	-1.3874	-4.6329	-1.3874	-4.6329	0	1	105	-3.1058	4.2473	1	5.8942	3.2474	0	-7.3438	3	-1	1	1	0	1	0
4	462.57	-1.5282	-3.5712	-1.5282	-3.5712	0	2	105	-3.1058	4.2473	1	5.8942	3.2474	0	-7.3438	3	-1	1	1	0	0	0
4	479.15	-1.5483	-3.0886	-1.5483	-3.0886	0	2	105	-3.1058	4.2473	1	5.8942	3.2474	0	-7.3438	3	-1	1	1	0	0	0
4	495.74	-1.6086	-2.1877	-1.6086	-2.1877	0	2	105	-3.1058	4.2473	1	5.8942	3.2474	0	-7.3438	3	-1	1	1	0	0	0
4	512.29	-1.6488	-1.7373	-1.6488	-1.7373	0	2	105	-3.1058	4.2473	1	5.8942	3.2474	0	-7.3438	3	-1	1	1	0	0	0
4	528.93	-1.7293	-0.99735	-1.7293	-0.99735	0	2	105	-3.1058	4.2473	1	5.8942	3.2474	0	-7.3438	3	-1	1	1	0	0	0
4	545.58	-1.8499	-0.38607	-1.8499	-0.38607	0	2	105	-3.1058	4.2473	1	5.8942	3.2474	0	-7.3438	3	-1	1	1	0	0	0
4	562.16	-2.0108	0.19304	-2.0108	0.19304	0	2	105	-3.1058	4.2473	1	5.8942	3.2474	0	-7.3438	3	-1	1	1	0	0	0
4	578.71	-2.1113	0.45042	-2.1113	0.45042	0	2	105	-3.1058	4.2473	1	5.8942	3.2474	0	-7.3438	3	-1	1	1	0	0	0
4	595.3	-2.2923	0.90083	-2.2923	0.90083	0	2	105	-3.1058	4.2473	1	5.8942	3.2474	0	-7.3438	3	-1	1	1	0	0	0
4	611.85	-2.3928	1.0617	-2.3928	1.0617	0	2	105	-3.1058	4.2473	1	5.8942	3.2474	0	-7.3438	3	-1	1	1	0	0	0
4	628.46	-2.5537	1.3834	-2.5537	1.3834	0	2	105	-3.1058	4.2473	1	5.8942	3.2474	0	-7.3438	3	-1	1	1	0	0	0
4	645.1	-2.6743	1.673	-2.6743	1.673	0	2	105	-3.1058	4.2473	1	5.8942	3.2474	0	-7.3438	3	-1	1	1	0	0	0
4	661.7	-2.7749	1.9625	-2.7749	1.9625	0	2	105	-3.1058	4.2473	1	5.8942	3.2474	0	-7.3438	3	-1	1	1	0	0	0
4	678.43	-2.8151	2.0912	-2.8151	2.0912	0	2	105	-3.1058	4.2473	1	5.8942	3.2474	0	-7.3438	3	-1	1	1	0	0	0
4	694.89	-2.8553	2.3808	-2.8553	2.3808	0	2	105	-3.1058	4.2473	1	5.8942	3.2474	0	-7.3438	3	-1	1	1	0	0	0
4	711.45	-2.8754	2.5416	-2.8754	2.5416	0	2	105	-3.1058	4.2473	1	5.8942	3.2474	0	-7.3438	3	-1	1	1	0	0	0
4	728.09	-2.8754	2.7668	-2.8754	2.7668	0	2	105	-3.1058	4.2473	1	5.8942	3.2474	0	-7.3438	3	-1	1	0	0	0	0
4	744.7	-2.8955	2.8955	-2.8955	2.8955	0	2	105	-3.1058	4.2473	1	5.8942	3.2474	0	-7.3438	3	-1	1	0	0	0	0
4	761.29	-2.8955	2.9921	-2.8955	2.9921	0	2	105	-3.1058	4.2473	1	5.8942	3.2474	0	-7.3438	3	-1	1	0	0	0	0
4	777.87	-2.9156	3.0242	-2.9156	3.0242	0	2	105	-3.1058	4.2473	1	5.8942	3.2474	0	-7.3438	3	-1	1	0	0	0	0
4	794.45	-2.9156	3.0564	-2.9156	3.0564	0	2	105	-3.1058	4.2473	1	5.8942	3.2474	0	-7.3438	3	-1	1	0	0	0	0
4	811.01	-2.9156	3.0564	-2.9156	3.0564	0	2	105	-3.1058	4.2473	1	5.8942	3.2474	0	-7.3438	3	-1	1	0	0	0	0
4	827.59	-2.9156	3.0564	-2.9156	3.0564	0	2	105	-3.1058	4.2473	1	5.8942	3.2474	0	-7.3438	3	-1	1	0	0	0	0
4	844.22	-2.9156	3.0564	-2.9156	3.0564	0	3	105	-3.1058	4.2473	1	5.8942	3.2474	0	-7.3438	3	-1	1	0	0	0	0
5	31.079	0.30162	-7.3354	0.30162	-7.3354	0	1	75	3.1058	4.2473	1	12.106	3.2474	0	-7.3438	3	-1	1	0	0	0	0
5	47.607	0.32173	-7.5284	0.32173	-7.5284	0	1	75	3.1058	4.2473	1	12.106	3.2474	0	-7.3438	3	-1	1	0	0	0	0
5	64.254	0.32173	-7.5284	0.32173	-7.5284	0	1	75	3.1058	4.2473	1	12.106	3.2474	0	-7.3438	3	-1	1	0	0	0	0
5	80.812	0.32173	-7.5606	0.32173	-7.5606	0	1	75	3.1058	4.2473	1	12.106	3.2474	0	-7.3438	3	-1	1	0	0	0	0
5	97.342	0.32173	-7.5606	0.32173	-7.5606	0	1	75	3.1058	4.2473	1	12.106	3.2474	0	-7.3438	3	-1	1	0	0	0	0
5	113.97	0.32173	-7.5606	0.32173	-7.5606	0	1	75	3.1058	4.2473	1	12.106	3.2474	0	-7.3438	3	-1	1	0	0	0	0
5	130.63	0.30162	-7.5606	0.30162	-7.5606	0	1	75	3.1058	4.2473	1	12.106	3.2474	0	-7.3438	3	-1	1	0	0	0	0
5	147.22	0.30162	-7.5606	0.30162	-7.5606	0	1	75	3.1058	4.2473	1	12.106	3.2474	0	-7.3438	3	-1	1	0	0	0	0
5	163.81	0.30162	-7.5606	0.30162	-7.5606	0	1	75	3.1058	4.2473	1	12.106	3.2474	0	-7.3438	3	-1	1	0	0	0	0
5	180.41	0.30162	-7.5606	0.30162	-7.5606	0	1	75	3.1058	4.2473	1	12.106	3.2474	0	-7.3438	3	-1	1	0	0	0	0
5	197.05	0.30162	-7.5606	0.30162	-7.5606	0	1	75	3.1058	4.2473	1	12.106	3.2474	0	-7.3438	3	-1	1	0	0	0	0
5	213.55	0.30162	-7.5606	0.30162	-7.5606	0	1	75	3.1058	4.2473	1	12.106	3.2474	0	-7.3438	3	-1	1	0	0	0	0
5	230.18	0.30162	-7.5606	0.30162	-7.5606	0	1	75	3.1058	4.2473	1	12.106	3.2474	0	-7.3438	3	-1	1	0	0	0	0
5	246.76	0.30162	-7.5606	0.30162	-7.5606	0	1	75	3.1058	4.2473	1	12.106	3.2474	0	-7.3438	3	-1	1	0	0	0	0
5	263.39	0.30162	-7.5606	0.30162	-7.5606	0	1	75	3.1058	4.2473	1	12.106	3.2474	0	-7.3438	3	-1	1	0	0	0	0
5	279.95	0.30162	-7.5927	0.30162	-7.5927	0	1	75	3.1058	4.2473	1	12.106	3.2474	0	-7.3438	3	-1	1	1	0	0	0
5	296.56	0.28151	-7.5927	0.28151	-7.5927	0	1	75	3.1058	4.2473	1	12.106	3.2474	0	-7.3438	3	-1	1	1	0	0	0
5	313.12	0.28151	-7.5927	0.28151	-7.5927	0	1	75	3.1058	4.2473	1	12.106	3.2474	0	-7.3438	3	-1	1	1	0	0	0
5	329.72	0.28151	-7.5927	0.28151	-7.5927	0	1	75	3.1058	4.2473	1	12.106	3.2474	0	-7.3438	3	-1	1	1	0	0	0
5	346.29	0.28151	-7.5606	0.28151	-7.5606	0	1	75	3.1058	4.2473	1	12.106	3.2474	0	-7.3438	3	-1	1	1	0	0	0
5	362.89	0.28151	-7.5606	0.28151	-7.5606	0	1	75	3.1058	4.2473	1	12.106	3.2474	0	-7.3438	3	-1	1	1	0	0	0
5	379.57	0.28151	-7.5284	0.28151	-7.5284	0	1	75	3.1058	4.2473	1	12.106	3.2474	0	-7.3438	3	-1	1	1	0	0	0
5	396.14	0.28151	-7.3997	0.28151	-7.3997	0	1	75	3.1058	4.2473	1	12.106	3.2474	0	-7.3438	3	-1	1	1	0	0	0
5	412.68	0.20108	-7.0136	0.20108	-7.0136	0	1	75	3.1058	4.2473	1	12.106	3.2474	0	-7.3438	3	-1	1	1	0	0	0
5	429.19	0.12065	-6.7241	0.12065	-6.7241	0	1	75	3.1058	4.2473	1	12.106	3.2474	0	-7.3438	3	-1	1	1	0	0	0
5	445.88	-0.020108	-5.9198	-0.020108	-5.9198	0	1	75	3.1058	4.2473	1	12.106	3.2474	0	-7.3438	3	-1	1	1	0	0	0
5	462.42	-0.080432	-5.4372	-0.080432	-5.4372	0	1	75	3.1058	4.2473	1	12.106	3.2474	0	-7.3438	3	-1	1	1	0	0	0
5	479.07	-0.10054	-4.4076	-0.10054	-4.4076	0	1	75	3.1058	4.2473	1	12.106	3.2474	0	-7.3438	3	-1	1	1	0	1	0
5	495.71	0	-3.5068	0	-3.5068	0	2	75	3.1058	4.2473	1	12.106	3.2474	0	-7.3438	3	-1	1	1	0	0	0
5	512.3	0.18097	-2.7347	0.18097	-2.7347	0	2	75	3.1058	4.2473	1	12.106	3.2474	0	-7.3438	3	-1	1	1	0	0	0
5	528.87	0.28151	-2.4129	0.28151	-2.4129	0	2	75	3.1058	4.2473	1	12.106	3.2474	0	-7.3438	3	-1	1	1	0	0	0
5	545.41	0.52281	-1.8338	0.52281	-1.8338	0	2	75	3.1058	4.2473	1	12.106	3.2474	0	-7.3438	3	-1	1	1	0	0	0
5	562	0.64345	-1.5765	0.64345	-1.5765	0	2	75	3.1058	4.2473	1	12.106	3.2474	0	-7.3438	3	-1	1	1	0	0	0
5	578.64	0.90485	-1.0295	0.90485	-1.0295	0	2	75	3.1058	4.2473	1	12.106	3.2474	0	-7.3438	3	-1	1	1	0	0	0
5	595.22	1.2065	-0.54693	1.2065	-0.54693	0	2	75	3.1058	4.2473	1	12.106	3.2474	0	-7.3438	3	-1	1	1	0	0	0
5	611.86	1.3673	-0.32173	1.3673	-0.32173	0	2	75	3.1058	4.2473	1	12.106	3.2474	0	-7.3438	3	-1	1	1	0	0	0
5	628.42	1.669	0.096518	1.669	0.096518	0	2	75	3.1058	4.2473	1	12.106	3.2474	0	-7.3438	3	-1	1	1	0	0	0
5	645	1.9706	0.48259	1.9706	0.48259	0	2	75	3.1058	4.2473	1	12.106	3.2474	0	-7.3438	3	-1	1	1	0	0	0
5	661.6	2.1113	0.73997	2.1113	0.73997	0	2	75	3.1058	4.2473	1	12.106	3.2474	0	-7.3438	3	-1	1	1	0	0	0
5	678.17	2.4129	1.2226	2.4129	1.2226	0	2	75	3.1058	4.2473	1	12.106	3.2474	0	-7.3438	3	-1	1	1	0	0	0
5	694.76	2.5939	1.4799	2.5939	1.4799	0	2	75	3.1058	4.2473	1	12.106	3.2474	0	-7.3438	3	-1	1	1	0	0	0
5	711.42	2.9156	1.9304	2.9156	1.9304	0	2	75	3.1058	4.2473	1	12.106	3.2474	0	-7.3438	3	-1	1	1	0	0	0
5	728.02	3.1972	2.2521	3.1972	2.2521	0	2	75	3.1058	4.2473	1	12.106	3.2474	0	-7.3438	3	-1	1	1	0	0	0
5	744.57	3.4183	2.4451	3.4183	2.4451	0	2	75	3.1058	4.2473	1	12.106	3.2474	0	-7.3438	3	-1	1	1	0	0	0
5	761.15	3.4988	2.5095	3.4988	2.5095	0	2	75	3.1058	4.2473	1	12.106	3.2474	0	-7.3438	3	-1	1	1	0	0	0
5	777.75	3.6596	2.606	3.6596	2.606	0	2	75	3.1058	4.2473	1	12.106	3.2474	0	-7.3438	3	-1	1	1	0	0	0
5	794.36	3.7401	2.6382	3.7401	2.6382	0	2	75	3.1058	4.2473	1	12.106	3.2474	0	-7.3438	3	-1	1	1	0	0	0
5	810.95	3.8205	2.7025	3.8205	2.7025	0	2	75	3.1058	4.2473	1	12.106	3.2474	0	-7.3438	3	-1	1	0	0	0	0
5	827.55	3.8406	2.7025	3.8406	2.7025	0	2	75	3.1058	4.2473	1	12.106	3.2474	0	-7.3438	3	-1	1	0	0	0	0
5	844.18	3.8406	2.7025	3.8406	2.7025	0	2	75	3.1058	4.2473	1	12.106	3.2474	0	-7.3438	3	-1	1	0	0	0	0
5	860.75	3.8406	2.7025	3.8406	2.7025	0	2	75	3.1058	4.2473	1	12.106	3.2474	0	-7.3438	3	-1	1	0	0	0	0
5	877.31	3.8406	2.7025	3.8406	2.7025	0	2	75	3.1058	4.2473	1	12.106	3.2474	0	-7.3438	3	-1	1	0	0	0	0
5	893.86	3.8406	2.7025	3.8406	2.7025	0	2	75	3.1058	4.2473	1	12.106	3.2474	0	-7.3438	3	-1	1	0	0	0	0
5	910.55	3.8406	2.7025	3.8406	2.7025	0	3	75	3.1058	4.2473	1	12.106	3.2474	0	-7.3438	3	-1	1	0	0	0	0
6	30.78	-0.60324	-7.464	-0.60324	-7.464	0	1	75	3.1058	4.2473	1	12.106	3.2474	0	-7.3438	3	-1	1	0	0	0	0
6	47.406	-0.54291	-7.5284	-0.54291	-7.5284	0	1	75	3.1058	4.2473	1	12.106	3.2474	0	-7.3438	3	-1	1	0	0	0	0
6	64.01	-0.46248	-7.5927	-0.46248	-7.5927	0	1	75	3.1058	4.2473	1	12.106	3.2474	0	-7.3438	3	-1	1	0	0	0	0
6	80.536	-0.46248	-7.5927	-0.46248	-7.5927	0	1	75	3.1058	4.2473	1	12.106	3.2474	0	-7.3438	3	-1	1	0	0	0	0
6	97.136	-0.46248	-7.5927	-0.46248	-7.5927	0	1	75	3.1058	4.2473	1	12.106	3.2474	0	-7.3438	3	-1	1	0	0	0	0
6	113.73	-0.46248	-7.5927	-0.46248	-7.5927	0	1	75	3.1058	4.2473	1	12.106	3.2474	0	-7.3438	3	-1	1	0	0	0	0
6	130.34	-0.46248	-7.5927	-0.46248	-7.5927	0	1	75	3.1058	4.2473	1	12.106	3.2474	0	-7.3438	3	-1	1	0	0	0	0
6	146.98	-0.46248	-7.5927	-0.46248	-7.5927	0	1	75	3.1058	4.2473	1	12.106	3.2474	0	-7.3438	3	-1	1	0	0	0	0
6	163.52	-0.46248	-7.5927	-0.46248	-7.5927	0	1	75	3.1058	4.2473	1	12.106	3.2474	0	-7.3438	3	-1	1	0	0	0	0
6	180.16	-0.46248	-7.5927	-0.46248	-7.5927	0	1	75	3.1058	4.2473	1	12.106	3.2474	0	-7.3438	3	-1	1	0	0	0	0
6	196.73	-0.46248	-7.5927	-0.46248	-7.5927	0	1	75	3.1058	4.2473	1	12.106	3.2474	0	-7.3438	3	-1	1	0	0	0	0
6	213.28	-0.46248	-7.5927	-0.46248	-7.5927	0	1	75	3.1058	4.2473	1	12.106	3.2474	0	-7.3438	3	-1	1	0	0	0	0
6	229.91	-0.46248	-7.5927	-0.46248	-7.5927	0	1	75	3.1058	4.2473	1	12.106	3.2474	0	-7.3438	3	-1	1	1	0	0	0
6	246.51	-0.44237	-7.6249	-0.44237	-7.6249	0	1	75	3.1058	4.2473	1	12.106	3.2474	0	-7.3438	3	-1	1	1	0	0	0
6	263.11	-0.42227	-7.6249	-0.42227	-7.6249	0	1	75	3.1058	4.2473	1	12.106	3.2474	0	-7.3438	3	-1	1	1	0	0	0
6	279.71	-0.40216	-7.6249	-0.40216	-7.6249	0	1	75	3.1058	4.2473	1	12.106	3.2474	0	-7.3438	3	-1	1	1	0	0	0
6	296.3	-0.34183	-7.6249	-0.34183	-7.6249	0	1	75	3.1058	4.2473	1	12.106	3.2474	0	-7.3438	3	-1	1	1	0	0	0
6	312.89	-0.32173	-7.6249	-0.32173	-7.6249	0	1	75	3.1058	4.2473	1	12.106	3.2474	0	-7.3438	3	-1	1	1	0	0	0
6	329.42	-0.30162	-7.6249	-0.30162	-7.6249	0	1	75	3.1058	4.2473	1	12.106	3.2474	0	-7.3438	3	-1	1	1	0	0	0
6	346.02	-0.28151	-7.6249	-0.28151	-7.6249	0	1	75	3.1058	4.2473	1	12.106	3.2474	0	-7.3438	3	-1	1	1	0	0	0
6	362.7	-0.24129	-7.5927	-0.24129	-7.5927	0	1	75	3.1058	4.2473	1	12.106	3.2474	0	-7.3438	3	-1	1	1	0	0	0
6	379.26	-0.18097	-7.4962	-0.18097	-7.4962	0	1	75	3.1058	4.2473	1	12.106	3.2474	0	-7.3438	3	-1	1	1	0	0	0
6	395.88	-0.18097	-7.2067	-0.18097	-7.2067	0	1	75	3.1058	4.2473	1	12.106	3.2474	0	-7.3438	3	-1	1	1	0	0	0
6	412.45	-0.18097	-6.9815	-0.18097	-6.9815	0	1	75	3.1058	4.2473	1	12.106	3.2474	0	-7.3438	3	-1	1	1	0	0	0
6	429.07	-0.22119	-6.338	-0.22119	-6.338	0	1	75	3.1058	4.2473	1	12.106	3.2474	0	-7.3438	3	-1	1	1	0	0	0
6	445.63	-0.18097	-5.6624	-0.18097	-5.6624	0	1	75	3.1058	4.2473	1	12.106	3.2474	0	-7.3438	3	-1	1	1	0	0	0
6	462.23	-0.12065	-5.3085	-0.12065	-5.3085	0	1	75	3.1058	4.2473	1	12.106	3.2474	0	-7.3438	3	-1	1	1	0	0	0
6	478.86	0.040216	-4.665	0.040216	-4.665	0	2	75	3.1058	4.2473	1	12.106	3.2474	0	-7.3438	3	-1	1	1	0	0	0
6	495.41	0.22119	-4.0537	0.22119	-4.0537	0	2	75	3.1058	4.2473	1	12.106	3.2474	0	-7.3438	3	-1	1	1	0	0	0
6	512.01	0.34183	-3.7642	0.34183	-3.7642	0	2	75	3.1058	4.2473	1	12.106	3.2474	0	-7.3438	3	-1	1	1	0	0	0
6	528.63	0.56302	-3.2173	0.56302	-3.2173	0	2	75	3.1058	4.2473	1	12.106	3.2474	0	-7.3438	3	-1	1	1	0	1	0
6	545.17	0.82442	-2.6703	0.82442	-2.6703	0	2	75	3.1058	4.2473	1	12.106	3.2474	0	-7.3438	3	-1	1	1	0	0	0
6	561.73	0.96518	-2.4129	0.96518	-2.4129	0	2	75	3.1058	4.2473	1	12.106	3.2474	0	-7.3438	3	-1	1	1	0	0	0
6	578.35	1.2467	-1.8017	1.2467	-1.8017	0	2	75	3.1058	4.2473	1	12.106	3.2474	0	-7.3438	3	-1	1	1	0	0	0
6	594.94	1.5684	-1.2226	1.5684	-1.2226	0	2	75	3.1058	4.2473	1	12.106	3.2474	0	-7.3438	3	-1	1	1	0	0	0
6	611.6	1.7293	-0.96518	1.7293	-0.96518	0	2	75	3.1058	4.2473	1	12.106	3.2474	0	-7.3438	3	-1	1	1	0	0	0
6	628.2	2.0711	-0.48259	2.0711	-0.48259	0	2	75	3.1058	4.2473	1	12.106	3.2474	0	-7.3438	3	-1	1	1	0	0	0
6	644.76	2.4331	-0.096518	2.4331	-0.096518	0	2	75	3.1058	4.2473	1	12.106	3.2474	0	-7.3438	3	-1	1	1	0	0	0
6	661.31	2.5939	0.096518	2.5939	0.096518	0	2	75	3.1058	4.2473	1	12.106	3.2474	0	-7.3438	3	-1	1	1	0	0	0
6	677.94	2.8955	0.45042	2.8955	0.45042	0	2	75	3.1058	4.2473	1	12.106	3.2474	0	-7.3438	3	-1	1	1	0	0	0
6	694.49	3.0363	0.64345	3.0363	0.64345	0	2	75	3.1058	4.2473	1	12.106	3.2474	0	-7.3438	3	-1	1	1	0	0	0
6	711.13	3.3379	0.99735	3.3379	0.99735	0	2	75	3.1058	4.2473	1	12.106	3.2474	0	-7.3438	3	-1	1	1	0	0	0
6	727.76	3.5792	1.3191	3.5792	1.3191	0	2	75	3.1058	4.2473	1	12.106	3.2474	0	-7.3438	3	-1	1	1	0	0	0
6	744.34	3.72	1.4799	3.72	1.4799	0	2	75	3.1058	4.2473	1	12.106	3.2474	0	-7.3438	3	-1	1	1	0	0	0
6	760.9	3.7602	1.5121	3.7602	1.5121	0	2	75	3.1058	4.2473	1	12.106	3.2474	0	-7.3438	3	-1	1	1	0	0	0
6	777.46	3.7803	1.5443	3.7803	1.5443	0	2	75	3.1058	4.2473	1	12.106	3.2474	0	-7.3438	3	-1	1	1	0	0	0
6	794.11	3.7803	1.5443	3.7803	1.5443	0	2	75	3.1058	4.2473	1	12.106	3.2474	0	-7.3438	3	-1	1	1	0	0	0
6	810.73	3.7803	1.5443	3.7803	1.5443	0	2	75	3.1058	4.2473	1	12.106	3.2474	0	-7.3438	3	-1	1	1	0	0	0
6	827.25	3.7803	1.5443	3.7803	1.5443	0	2	75	3.1058	4.2473	1	12.106	3.2474	0	-7.3438	3	-1	1	1	0	0	0
6	843.93	3.7803	1.5443	3.7803	1.5443	0	2	75	3.1058	4.2473	1	12.106	3.2474	0	-7.3438	3	-1	1	0	0	0	0
6	860.47	3.7803	1.5443	3.7803	1.5443	0	2	75	3.1058	4.2473	1	12.106	3.2474	0	-7.3438	3	-1	1	0	0	0	0
6	877.04	3.7803	1.5443	3.7803	1.5443	0	3	75	3.1058	4.2473	1	12.106	3.2474	0	-7.3438	3	-1	1	0	0	0	0
7	30.628	-0.48259	-7.6249	-0.48259	-7.6249	0	1	105	-3.1058	4.2473	1	5.8942	3.2474	0	-7.3438	3	-1	1	0	0	0	0
7	47.296	-0.48259	-7.6249	-0.48259	-7.6249	0	1	105	-3.1058	4.2473	1	5.8942	3.2474	0	-7.3438	3	-1	1	0	0	0	0
7	63.843	-0.48259	-7.6249	-0.48259	-7.6249	0	1	105	-3.1058	4.2473	1	5.8942	3.2474	0	-7.3438	3	-1	1	0	0	0	0
7	80.451	-0.48259	-7.6249	-0.48259	-7.6249	0	1	105	-3.1058	4.2473	1	5.8942	3.2474	0	-7.3438	3	-1	1	0	0	0	0
7	97.015	-0.46248	-7.6249	-0.46248	-7.6249	0	1	105	-3.1058	4.2473	1	5.8942	3.2474	0	-7.3438	3	-1	1	0	0	0	0
7	113.63	-0.46248	-7.6249	-0.46248	-7.6249	0	1	105	-3.1058	4.2473	1	5.8942	3.2474	0	-7.3438	3	-1	1	0	0	0	0
7	130.23	-0.44237	-7.6249	-0.44237	-7.6249	0	1	105	-3.1058	4.2473	1	5.8942	3.2474	0	-7.3438	3	-1	1	0	0	0	0
7	146.83	-0.38205	-7.6571	-0.38205	-7.6571	0	1	105	-3.1058	4.2473	1	5.8942	3.2474	0	-7.3438	3	-1	1	0	0	0	0
7	163.43	-0.30162	-7.6571	-0.30162	-7.6571	0	1	105	-3.1058	4.2473	1	5.8942	3.2474	0	-7.3438	3	-1	1	0	0	0	0
7	180.05	-0.2614	-7.6893	-0.2614	-7.6893	0	1	105	-3.1058	4.2473	1	5.8942	3.2474	0	-7.3438	3	-1	1	0	0	0	0
7	196.58	-0.24129	-7.6571	-0.24129	-7.6571	0	1	105	-3.1058	4.2473	1	5.8942	3.2474	0	-7.3438	3	-1	1	0	0	0	0
7	213.13	-0.22119	-7.6571	-0.22119	-7.6571	0	1	105	-3.1058	4.2473	1	5.8942	3.2474	0	-7.3438	3	-1	1	0	0	0	0
7	229.81	-0.20108	-7.6571	-0.20108	-7.6571	0	1	105	-3.1058	4.2473	1	5.8942	3.2474	0	-7.3438	3	-1	1	0	0	0	0
7	246.35	-0.20108	-7.6571	-0.20108	-7.6571	0	1	105	-3.1058	4.2473	1	5.8942	3.2474	0	-7.3438	3	-1	1	0	0	0	0
7	263.01	-0.16086	-7.6249	-0.16086	-7.6249	0	1	105	-3.1058	4.2473	1	5.8942	3.2474	0	-7.3438	3	-1	1	1	0	0	0
7	279.58	-0.12065	-7.6249	-0.12065	-7.6249	0	1	105	-3.1058	4.2473	1	5.8942	3.2474	0	-7.3438	3	-1	1	1	0	0	0
7	296.17	-0.020108	-7.5927	-0.020108	-7.5927	0	1	105	-3.1058	4.2473	1	5.8942	3.2474	0	-7.3438	3	-1	1	1	0	0	0
7	312.76	0.020108	-7.5606	0.020108	-7.5606	0	1	105	-3.1058	4.2473	1	5.8942	3.2474	0	-7.3438	3	-1	1	1	0	0	0
7	329.36	0.040216	-7.4962	0.040216	-7.4962	0	1	105	-3.1058	4.2473	1	5.8942	3.2474	0	-7.3438	3	-1	1	1	0	0	0
7	345.95	-0.040216	-7.3032	-0.040216	-7.3032	0	1	105	-3.1058	4.2473	1	5.8942	3.2474	0	-7.3438	3	-1	1	1	0	0	0
7	362.55	-0.12065	-7.1423	-0.12065	-7.1423	0	1	105	-3.1058	4.2473	1	5.8942	3.2474	0	-7.3438	3	-1	1	1	0	0	0
7	379.18	-0.40216	-6.6276	-0.40216	-6.6276	0	1	105	-3.1058	4.2473	1	5.8942	3.2474	0	-7.3438	3	-1	1	1	0	0	0
7	395.78	-0.7641	-5.8876	-0.7641	-5.8876	0	1	105	-3.1058	4.2473	1	5.8942	3.2474	0	-7.3438	3	-1	1	1	0	0	0
7	412.31	-0.92496	-5.4693	-0.92496	-5.4693	0	1	105	-3.1058	4.2473	1	5.8942	3.2474	0	-7.3438	3	-1	1	1	0	0	0
7	428.89	-1.1864	-4.6329	-1.1864	-4.6329	0	2	105	-3.1058	4.2473	1	5.8942	3.2474	0	-7.3438	3	-1	1	1	0	0	0
7	445.53	-1.4076	-3.7642	-1.4076	-3.7642	0	2	105	-3.1058	4.2473	1	5.8942	3.2474	0	-7.3438	3	-1	1	1	0	0	0
7	462.15	-1.5081	-3.3138	-1.5081	-3.3138	0	2	105	-3.1058	4.2473	1	5.8942	3.2474	0	-7.3438	3	-1	1	1	0	1	0
7	478.75	-1.6488	-2.4129	-1.6488	-2.4129	0	2	105	-3.1058	4.2473	1	5.8942	3.2474	0	-7.3438	3	-1	1	1	0	0	0
7	495.3	-1.7695	-1.5121	-1.7695	-1.5121	0	2	105	-3.1058	4.2473	1	5.8942	3.2474	0	-7.3438	3	-1	1	1	0	0	0
7	511.92	-1.8298	-1.0939	-1.8298	-1.0939	0	2	105	-3.1058	4.2473	1	5.8942	3.2474	0	-7.3438	3	-1	1	1	0	0	0
7	528.5	-1.9102	-0.32173	-1.9102	-0.32173	0	2	105	-3.1058	4.2473	1	5.8942	3.2474	0	-7.3438	3	-1	1	1	0	0	0
7	545.08	-2.0108	0.32173	-2.0108	0.32173	0	2	105	-3.1058	4.2473	1	5.8942	3.2474	0	-7.3438	3	-1	1	1	0	0	0
7	561.65	-2.051	0.54693	-2.051	0.54693	0	2	105	-3.1058	4.2473	1	5.8942	3.2474	0	-7.3438	3	-1	1	1	0	0	0
7	578.32	-2.1515	0.96518	-2.1515	0.96518	0	2	105	-3.1058	4.2473	1	5.8942	3.2474	0	-7.3438	3	-1	1	1	0	0	0
7	594.9	-2.2521	1.2869	-2.2521	1.2869	0	2	105	-3.1058	4.2473	1	5.8942	3.2474	0	-7.3438	3	-1	1	1	0	0	0
7	611.5	-2.2923	1.4156	-2.2923	1.4156	0	2	105	-3.1058	4.2473	1	5.8942	3.2474	0	-7.3438	3	-1	1	1	0	0	0
7	628.05	-2.3928	1.7051	-2.3928	1.7051	0	2	105	-3.1058	4.2473	1	5.8942	3.2474	0	-7.3438	3	-1	1	1	0	0	0
7	644.64	-2.5135	1.9304	-2.5135	1.9304	0	2	105	-3.1058	4.2473	1	5.8942	3.2474	0	-7.3438	3	-1	1	1	0	0	0
7	661.24	-2.5537	2.059	-2.5537	2.059	0	2	105	-3.1058	4.2473	1	5.8942	3.2474	0	-7.3438	3	-1	1	1	0	0	0
7	677.78	-2.6542	2.2521	-2.6542	2.2521	0	2	105	-3.1058	4.2473	1	5.8942	3.2474	0	-7.3438	3	-1	1	1	0	0	0
7	694.44	-2.7347	2.4129	-2.7347	2.4129	0	2	105	-3.1058	4.2473	1	5.8942	3.2474	0	-7.3438	3	-1	1	0	0	0	0
7	711.04	-2.7548	2.4773	-2.7548	2.4773	0	2	105	-3.1058	4.2473	1	5.8942	3.2474	0	-7.3438	3	-1	1	0	0	0	0
7	727.64	-2.795	2.5738	-2.795	2.5738	0	2	105	-3.1058	4.2473	1	5.8942	3.2474	0	-7.3438	3	-1	1	0	0	0	0
7	744.22	-2.8352	2.6382	-2.8352	2.6382	0	2	105	-3.1058	4.2473	1	5.8942	3.2474	0	-7.3438	3	-1	1	0	0	0	0
7	760.77	-2.8352	2.6382	-2.8352	2.6382	0	2	105	-3.1058	4.2473	1	5.8942	3.2474	0	-7.3438	3	-1	1	0	0	0	0
7	777.4	-2.8553	2.6703	-2.8553	2.6703	0	2	105	-3.1058	4.2473	1	5.8942	3.2474	0	-7.3438	3	-1	1	0	0	0	0
7	794	-2.8553	2.6703	-2.8553	2.6703	0	3	105	-3.1058	4.2473	1	5.8942	3.2474	0	-7.3438	3	-1	1	0	0	0	0
8	31.289	0.14076	-7.6249	0.14076	-7.6249	0	1	90	0	4.6562	1	9	3.6562	0	-7.3438	3	-1	1	0	0	0	0
8	47.88	0.10054	-7.6571	0.10054	-7.6571	0	1	90	0	4.6562	1	9	3.6562	0	-7.3438	3	-1	1	0	0	0	0
8	64.475	0.10054	-7.6571	0.10054	-7.6571	0	1	90	0	4.6562	1	9	3.6562	0	-7.3438	3	-1	1	0	0	0	0
8	81.117	0.10054	-7.6571	0.10054	-7.6571	0	1	90	0	4.6562	1	9	3.6562	0	-7.3438	3	-1	1	0	0	0	0
8	97.694	0.10054	-7.6571	0.10054	-7.6571	0	1	90	0	4.6562	1	9	3.6562	0	-7.3438	3	-1	1	0	0	0	0
8	114.28	0.10054	-7.6571	0.10054	-7.6571	0	1	90	0	4.6562	1	9	3.6562	0	-7.3438	3	-1	1	0	0	0	0
8	130.82	0.10054	-7.6571	0.10054	-7.6571	0	1	90	0	4.6562	1	9	3.6562	0	-7.3438	3	-1	1	0	0	0	0
8	147.46	0.10054	-7.6571	0.10054	-7.6571	0	1	90	0	4.6562	1	9	3.6562	0	-7.3438	3	-1	1	0	0	0	0
8	164.07	0.10054	-7.6571	0.10054	-7.6571	0	1	90	0	4.6562	1	9	3.6562	0	-7.3438	3	-1	1	0	0	0	0
8	180.67	0.10054	-7.6571	0.10054	-7.6571	0	1	90	0	4.6562	1	9	3.6562	0	-7.3438	3	-1	1	0	0	0	0
8	197.26	0.12065	-7.6571	0.12065	-7.6571	0	1	90	0	4.6562	1	9	3.6562	0	-7.3438	3	-1	1	0	0	0	0
8	213.85	0.12065	-7.6571	0.12065	-7.6571	0	1	90	0	4.6562	1	9	3.6562	0	-7.3438	3	-1	1	0	0	0	0
8	230.33	0.12065	-7.6571	0.12065	-7.6571	0	1	90	0	4.6562	1	9	3.6562	0	-7.3438	3	-1	1	0	0	0	0
8	247.01	0.12065	-7.6571	0.12065	-7.6571	0	1	90	0	4.6562	1	9	3.6562	0	-7.3438	3	-1	1	0	0	0	0
8	263.62	0.12065	-7.6571	0.12065	-7.6571	0	1	90	0	4.6562	1	9	3.6562	0	-7.3438	3	-1	1	0	0	0	0
8	280.39	0.12065	-7.6571	0.12065	-7.6571	0	1	90	0	4.6562	1	9	3.6562	0	-7.3438	3	-1	1	0	0	0	0
8	296.84	0.12065	-7.6571	0.12065	-7.6571	0	1	90	0	4.6562	1	9	3.6562	0	-7.3438	3	-1	1	0	0	0	0
8	313.4	0.12065	-7.6249	0.12065	-7.6249	0	1	90	0	4.6562	1	9	3.6562	0	-7.3438	3	-1	1	1	0	0	0
8	329.99	0.12065	-7.5927	0.12065	-7.5927	0	1	90	0	4.6562	1	9	3.6562	0	-7.3438	3	-1	1	1	0	0	0
8	346.55	0.040216	-7.4319	0.040216	-7.4319	0	1	90	0	4.6562	1	9	3.6562	0	-7.3438	3	-1	1	1	0	0	0
8	363.18	-0.060324	-7.2067	-0.060324	-7.2067	0	1	90	0	4.6562	1	9	3.6562	0	-7.3438	3	-1	1	1	0	0	0
8	379.75	-0.42227	-6.4667	-0.42227	-6.4667	0	1	90	0	4.6562	1	9	3.6562	0	-7.3438	3	-1	1	1	0	0	0
8	396.32	-0.80432	-5.3407	-0.80432	-5.3407	0	1	90	0	4.6562	1	9	3.6562	0	-7.3438	3	-1	1	1	0	0	0
8	412.98	-1.0255	-4.0537	-1.0255	-4.0537	0	2	90	0	4.6562	1	9	3.6562	0	-7.3438	3	-1	1	1	0	1	0
8	429.58	-1.0657	-3.4425	-1.0657	-3.4425	0	2	90	0	4.6562	1	9	3.6562	0	-7.3438	3	-1	1	1	0	0	0
8	446.12	-1.0657	-2.3808	-1.0657	-2.3808	0	2	90	0	4.6562	1	9	3.6562	0	-7.3438	3	-1	1	1	0	0	0
8	462.7	-1.0255	-1.9304	-1.0255	-1.9304	0	2	90	0	4.6562	1	9	3.6562	0	-7.3438	3	-1	1	1	0	0	0
8	479.3	-0.96518	-1.1582	-0.96518	-1.1582	0	2	90	0	4.6562	1	9	3.6562	0	-7.3438	3	-1	1	1	0	0	0
8	495.95	-0.88475	-0.45042	-0.88475	-0.45042	0	2	90	0	4.6562	1	9	3.6562	0	-7.3438	3	-1	1	1	0	0	0
8	512.48	-0.7641	0.22521	-0.7641	0.22521	0	2	90	0	4.6562	1	9	3.6562	0	-7.3438	3	-1	1	1	0	0	0
8	529.15	-0.70378	0.57911	-0.70378	0.57911	0	2	90	0	4.6562	1	9	3.6562	0	-7.3438	3	-1	1	1	0	0	0
8	545.71	-0.54291	1.1904	-0.54291	1.1904	0	2	90	0	4.6562	1	9	3.6562	0	-7.3438	3	-1	1	1	0	0	0
8	562.32	-0.46248	1.4799	-0.46248	1.4799	0	2	90	0	4.6562	1	9	3.6562	0	-7.3438	3	-1	1	1	0	0	0
8	578.89	-0.34183	1.9625	-0.34183	1.9625	0	2	90	0	4.6562	1	9	3.6562	0	-7.3438	3	-1	1	1	0	0	0
8	595.46	-0.22119	2.3808	-0.22119	2.3808	0	2	90	0	4.6562	1	9	3.6562	0	-7.3438	3	-1	1	1	0	0	0
8	612.08	-0.14076	2.5738	-0.14076	2.5738	0	2	90	0	4.6562	1	9	3.6562	0	-7.3438	3	-1	1	1	0	0	0
8	628.7	0	2.9277	0	2.9277	0	2	90	0	4.6562	1	9	3.6562	0	-7.3438	3	-1	1	1	0	0	0
8	645.25	0.12065	3.2173	0.12065	3.2173	0	2	90	0	4.6562	1	9	3.6562	0	-7.3438	3	-1	1	0	0	0	0
8	661.86	0.16086	3.3138	0.16086	3.3138	0	2	90	0	4.6562	1	9	3.6562	0	-7.3438	3	-1	1	0	0	0	0
8	678.46	0.22119	3.4103	0.22119	3.4103	0	2	90	0	4.6562	1	9	3.6562	0	-7.3438	3	-1	1	0	0	0	0
8	695.05	0.22119	3.4425	0.22119	3.4425	0	2	90	0	4.6562	1	9	3.6562	0	-7.3438	3	-1	1	0	0	0	0
8	711.63	0.22119	3.4425	0.22119	3.4425	0	2	90	0	4.6562	1	9	3.6562	0	-7.3438	3	-1	1	0	0	0	0
8	728.25	0.22119	3.4425	0.22119	3.4425	0	2	90	0	4.6562	1	9	3.6562	0	-7.3438	3	-1	1	0	0	0	0
8	744.85	0.22119	3.4103	0.22119	3.4103	0	2	90	0	4.6562	1	9	3.6562	0	-7.3438	3	-1	1	0	0	0	0
8	761.47	0.20108	3.4103	0.20108	3.4103	0	2	90	0	4.6562	1	9	3.6562	0	-7.3438	3	-1	1	0	0	0	0
8	778.05	0.18097	3.3781	0.18097	3.3781	0	2	90	0	4.6562	1	9	3.6562	0	-7.3438	3	-1	1	0	0	0	0
8	794.57	0.18097	3.346	0.18097	3.346	0	3	90	0	4.6562	1	9	3.6562	0	-7.3438	3	-1	1	0	0	0	0
9	31.204	-0.56302	-7.5284	-0.56302	-7.5284	0	1	90	0	4.6562	1	9	3.6562	0	-7.3438	3	-1	1	0	0	0	0
9	47.833	-0.52281	-7.5606	-0.52281	-7.5606	0	1	90	0	4.6562	1	9	3.6562	0	-7.3438	3	-1	1	0	0	0	0
9	64.413	-0.46248	-7.5927	-0.46248	-7.5927	0	1	90	0	4.6562	1	9	3.6562	0	-7.3438	3	-1	1	0	0	0	0
9	80.962	-0.46248	-7.5927	-0.46248	-7.5927	0	1	90	0	4.6562	1	9	3.6562	0	-7.3438	3	-1	1	0	0	0	0
9	97.587	-0.46248	-7.5927	-0.46248	-7.5927	0	1	90	0	4.6562	1	9	3.6562	0	-7.3438	3	-1	1	0	0	0	0
9	114.14	-0.46248	-7.6249	-0.46248	-7.6249	0	1	90	0	4.6562	1	9	3.6562	0	-7.3438	3	-1	1	0	0	0	0
9	130.77	-0.46248	-7.6249	-0.46248	-7.6249	0	1	90	0	4.6562	1	9	3.6562	0	-7.3438	3	-1	1	0	0	0	0
9	147.42	-0.46248	-7.6249	-0.46248	-7.6249	0	1	90	0	4.6562	1	9	3.6562	0	-7.3438	3	-1	1	0	0	0	0
9	163.98	-0.46248	-7.6249	-0.46248	-7.6249	0	1	90	0	4.6562	1	9	3.6562	0	-7.3438	3	-1	1	0	0	0	0
9	180.59	-0.46248	-7.6249	-0.46248	-7.6249	0	1	90	0	4.6562	1	9	3.6562	0	-7.3438	3	-1	1	0	0	0	0
9	197.16	-0.46248	-7.6249	-0.46248	-7.6249	0	1	90	0	4.6562	1	9	3.6562	0	-7.3438	3	-1	1	0	0	0	0
9	213.72	-0.44237	-7.6249	-0.44237	-7.6249	0	1	90	0	4.6562	1	9	3.6562	0	-7.3438	3	-1	1	1	0	0	0
9	230.29	-0.44237	-7.6249	-0.44237	-7.6249	0	1	90	0	4.6562	1	9	3.6562	0	-7.3438	3	-1	1	1	0	0	0
9	246.98	-0.36194	-7.6571	-0.36194	-7.6571	0	1	90	0	4.6562	1	9	3.6562	0	-7.3438	3	-1	1	1	0	0	0
9	263.56	-0.2614	-7.6571	-0.2614	-7.6571	0	1	90	0	4.6562	1	9	3.6562	0	-7.3438	3	-1	1	1	0	0	0
9	280.15	-0.24129	-7.6571	-0.24129	-7.6571	0	1	90	0	4.6562	1	9	3.6562	0	-7.3438	3	-1	1	1	0	0	0
9	296.68	-0.24129	-7.6571	-0.24129	-7.6571	0	1	90	0	4.6562	1	9	3.6562	0	-7.3438	3	-1	1	1	0	0	0
9	313.32	-0.20108	-7.6571	-0.20108	-7.6571	0	1	90	0	4.6562	1	9	3.6562	0	-7.3438	3	-1	1	1	0	0	0
9	329.91	-0.20108	-7.6571	-0.20108	-7.6571	0	1	90	0	4.6562	1	9	3.6562	0	-7.3438	3	-1	1	1	0	0	0
9	346.47	-0.14076	-7.6249	-0.14076	-7.6249	0	1	90	0	4.6562	1	9	3.6562	0	-7.3438	3	-1	1	1	0	0	0
9	363.14	-0.060324	-7.5927	-0.060324	-7.5927	0	1	90	0	4.6562	1	9	3.6562	0	-7.3438	3	-1	1	1	0	0	0
9	379.72	0	-7.5606	0	-7.5606	0	1	90	0	4.6562	1	9	3.6562	0	-7.3438	3	-1	1	1	0	0	0
9	396.35	0.040216	-7.3997	0.040216	-7.3997	0	1	90	0	4.6562	1	9	3.6562	0	-7.3438	3	-1	1	1	0	0	0
9	412.84	-0.020108	-7.0136	-0.020108	-7.0136	0	1	90	0	4.6562	1	9	3.6562	0	-7.3438	3	-1	1	1	0	0	0
9	429.45	-0.12065	-6.7241	-0.12065	-6.7241	0	1	90	0	4.6562	1	9	3.6562	0	-7.3438	3	-1	1	1	0	0	0
9	446.08	-0.32173	-5.8554	-0.32173	-5.8554	0	1	90	0	4.6562	1	9	3.6562	0	-7.3438	3	-1	1	1	0	0	0
9	462.69	-0.52281	-4.7615	-0.52281	-4.7615	0	1	90	0	4.6562	1	9	3.6562	0	-7.3438	3	-1	1	1	0	0	0
9	479.27	-0.58313	-4.1824	-0.58313	-4.1824	0	2	90	0	4.6562	1	9	3.6562	0	-7.3438	3	-1	1	1	0	1	0
9	495.84	-0.60324	-3.1529	-0.60324	-3.1529	0	2	90	0	4.6562	1	9	3.6562	0	-7.3438	3	-1	1	1	0	0	0
9	512.42	-0.60324	-2.3164	-0.60324	-2.3164	0	2	90	0	4.6562	1	9	3.6562	0	-7.3438	3	-1	1	1	0	0	0
9	529.04	-0.60324	-1.9304	-0.60324	-1.9304	0	2	90	0	4.6562	1	9	3.6562	0	-7.3438	3	-1	1	1	0	0	0
9	545.42	-0.60324	-1.1904	-0.60324	-1.1904	0	2	90	0	4.6562	1	9	3.6562	0	-7.3438	3	-1	1	1	0	0	0
9	562.2	-0.60324	-0.80432	-0.60324	-0.80432	0	2	90	0	4.6562	1	9	3.6562	0	-7.3438	3	-1	1	1	0	0	0
9	578.83	-0.58313	0.032173	-0.58313	0.032173	0	2	90	0	4.6562	1	9	3.6562	0	-7.3438	3	-1	1	1	0	0	0
9	595.43	-0.52281	0.86866	-0.52281	0.86866	0	2	90	0	4.6562	1	9	3.6562	0	-7.3438	3	-1	1	1	0	0	0
9	612.03	-0.42227	1.5765	-0.42227	1.5765	0	2	90	0	4.6562	1	9	3.6562	0	-7.3438	3	-1	1	1	0	0	0
9	628.55	-0.36194	1.866	-0.36194	1.866	0	2	90	0	4.6562	1	9	3.6562	0	-7.3438	3	-1	1	1	0	0	0
9	645.19	-0.22119	2.3486	-0.22119	2.3486	0	2	90	0	4.6562	1	9	3.6562	0	-7.3438	3	-1	1	1	0	0	0
9	661.79	-0.16086	2.5738	-0.16086	2.5738	0	2	90	0	4.6562	1	9	3.6562	0	-7.3438	3	-1	1	1	0	0	0
9	678.36	-0.040216	2.8634	-0.040216	2.8634	0	2	90	0	4.6562	1	9	3.6562	0	-7.3438	3	-1	1	1	0	0	0
9	695	0.020108	3.0886	0.020108	3.0886	0	2	90	0	4.6562	1	9	3.6562	0	-7.3438	3	-1	1	1	0	0	0
9	711.57	0.040216	3.1851	0.040216	3.1851	0	2	90	0	4.6562	1	9	3.6562	0	-7.3438	3	-1	1	1	0	0	0
9	728.19	0.040216	3.2173	0.040216	3.2173	0	2	90	0	4.6562	1	9	3.6562	0	-7.3438	3	-1	1	1	0	0	0
9	744.76	0.040216	3.2173	0.040216	3.2173	0	2	90	0	4.6562	1	9	3.6562	0	-7.3438	3	-1	1	1	0	0	0
9	761.33	0.040216	3.2173	0.040216	3.2173	0	2	90	0	4.6562	1	9	3.6562	0	-7.3438	3	-1	1	1	0	0	0
9	777.91	0.040216	3.2173	0.040216	3.2173	0	2	90	0	4.6562	1	9	3.6562	0	-7.3438	3	-1	1	0	0	0	0
9	794.54	0.040216	3.2173	0.040216	3.2173	0	2	90	0	4.6562	1	9	3.6562	0	-7.3438	3	-1	1	0	0	0	0
9	811.17	0.040216	3.2173	0.040216	3.2173	0	2	90	0	4.6562	1	9	3.6562	0	-7.3438	3	-1	1	0	0	0	0
9	827.74	0.040216	3.2173	0.040216	3.2173	0	3	90	0	4.6562	1	9	3.6562	0	-7.3438	3	-1	1	0	0	0	0
9	1292.3	0.060324	1.4156	0.060324	1.4156	0	2	90	0	4.6562	1	9	3.6562	0	-7.3438	3	-1	1	0	0	0	0
9	1308.8	0.10054	1.126	0.10054	1.126	0	3	90	0	4.6562	1	9	3.6562	0	-7.3438	3	-1	1	0	0	0	0
9	1325.4	0.12065	0.77214	0.12065	0.77214	0	3	90	0	4.6562	1	9	3.6562	0	-7.3438	3	-1	1	0	0	0	0
9	1342.1	0.14076	0.54693	0.14076	0.54693	0	3	90	0	4.6562	1	9	3.6562	0	-7.3438	3	-1	1	0	0	0	0
9	1358.7	0.14076	0.096518	0.14076	0.096518	0	3	90	0	4.6562	1	9	3.6562	0	-7.3438	3	-1	1	0	0	0	0
9	1375.3	0.14076	-0.38607	0.14076	-0.38607	0	3	90	0	4.6562	1	9	3.6562	0	-7.3438	3	-1	1	0	0	0	0
9	1391.8	0.14076	-0.64345	0.14076	-0.64345	0	3	90	0	4.6562	1	9	3.6562	0	-7.3438	3	-1	1	0	0	0	0
9	1408.3	0.12065	-1.1904	0.12065	-1.1904	0	3	90	0	4.6562	1	9	3.6562	0	-7.3438	3	-1	1	0	0	0	0
9	1425	0.080432	-1.8338	0.080432	-1.8338	0	3	90	0	4.6562	1	9	3.6562	0	-7.3438	3	-1	1	0	0	0	0
9	1441.7	0.040216	-2.1556	0.040216	-2.1556	0	3	90	0	4.6562	1	9	3.6562	0	-7.3438	3	-1	1	0	0	0	0
9	1458.3	-0.10054	-2.8634	-0.10054	-2.8634	0	3	90	0	4.6562	1	9	3.6562	0	-7.3438	3	-1	1	0	0	0	0
9	1474.8	-0.28151	-3.539	-0.28151	-3.539	0	3	90	0	4.6562	1	9	3.6562	0	-7.3438	3	-1	1	0	0	0	0
9	1491.4	-0.38205	-3.8285	-0.38205	-3.8285	0	3	90	0	4.6562	1	9	3.6562	0	-7.3438	3	-1	1	0	0	0	0
9	1507.9	-0.56302	-4.3755	-0.56302	-4.3755	0	3	90	0	4.6562	1	9	3.6562	0	-7.3438	3	-1	1	0	0	0	0
9	1524.6	-0.68367	-4.8902	-0.68367	-4.8902	0	3	90	0	4.6562	1	9	3.6562	0	-7.3438	3	-1	1	0	0	0	0
9	1541.2	-0.74399	-5.1476	-0.74399	-5.1476	0	3	90	0	4.6562	1	9	3.6562	0	-7.3438	3	-1	1	0	0	0	0
9	1557.9	-0.78421	-5.6946	-0.78421	-5.6946	0	3	90	0	4.6562	1	9	3.6562	0	-7.3438	3	-1	1	0	0	0	0
9	1574.4	-0.78421	-5.9519	-0.78421	-5.9519	0	3	90	0	4.6562	1	9	3.6562	0	-7.3438	3	-1	1	0	0	0	0
9	1590.9	-0.78421	-6.4667	-0.78421	-6.4667	0	3	90	0	4.6562	1	9	3.6562	0	-7.3438	3	-1	1	0	0	0	0
9	1607.5	-0.78421	-6.8849	-0.78421	-6.8849	0	3	90	0	4.6562	1	9	3.6562	0	-7.3438	3	-1	1	0	0	0	0
9	1624.1	-0.78421	-7.2067	-0.78421	-7.2067	0	3	90	0	4.6562	1	9	3.6562	0	-7.3438	3	-1	1	0	0	0	0
9	1640.7	-0.7641	-7.3354	-0.7641	-7.3354	0	3	90	0	4.6562	1	9	3.6562	0	-7.3438	3	-1	1	0	0	0	0
9	1657.3	-0.7641	-7.3997	-0.7641	-7.3997	0	3	90	0	4.6562	1	9	3.6562	0	-7.3438	3	-1	1	0	0	0	0
9	1673.9	-0.74399	-7.3997	-0.74399	-7.3997	0	3	90	0	4.6562	1	9	3.6562	0	-7.3438	3	-1	1	0	0	0	0
9	1690.6	-0.70378	-7.4319	-0.70378	-7.4319	0	3	90	0	4.6562	1	9	3.6562	0	-7.3438	3	-1	1	0	0	0	0
9	1707.1	-0.62334	-7.4962	-0.62334	-7.4962	0	3	90	0	4.6562	1	9	3.6562	0	-7.3438	3	-1	1	0	0	0	0
9	1723.7	-0.52281	-7.5606	-0.52281	-7.5606	0	3	90	0	4.6562	1	9	3.6562	0	-7.3438	3	-1	1	0	0	0	0
9	1740.3	-0.5027	-7.5927	-0.5027	-7.5927	0	3	90	0	4.6562	1	9	3.6562	0	-7.3438	3	-1	1	0	0	0	0
9	1756.9	-0.48259	-7.5927	-0.48259	-7.5927	0	3	90	0	4.6562	1	9	3.6562	0	-7.3438	3	-1	1	0	0	0	0
9	1773.5	-0.48259	-7.5927	-0.48259	-7.5927	0	3	90	0	4.6562	1	9	3.6562	0	-7.3438	3	-1	1	0	0	0	0
9	1790.2	-0.48259	-7.5927	-0.48259	-7.5927	0	3	90	0	4.6562	1	9	3.6562	0	-7.3438	3	-1	1	0	0	0	0
9	1806.7	-0.48259	-7.5927	-0.48259	-7.5927	0	3	90	0	4.6562	1	9	3.6562	0	-7.3438	3	-1	1	0	0	0	0
9	1823.3	-0.46248	-7.6249	-0.46248	-7.6249	0	3	90	0	4.6562	1	9	3.6562	0	-7.3438	3	-1	1	0	0	0	0
9	1839.9	-0.46248	-7.6249	-0.46248	-7.6249	0	3	90	0	4.6562	1	9	3.6562	0	-7.3438	3	-1	1	0	0	0	0
9	1856.5	-0.42227	-7.6249	-0.42227	-7.6249	0	3	90	0	4.6562	1	9	3.6562	0	-7.3438	3	-1	1	0	0	0	0
9	1873.1	-0.38205	-7.6249	-0.38205	-7.6249	0	3	90	0	4.6562	1	9	3.6562	0	-7.3438	3	-1	1	0	0	0	0
9	1889.8	-0.28151	-7.6571	-0.28151	-7.6571	0	3	90	0	4.6562	1	9	3.6562	0	-7.3438	3	-1	1	0	0	0	0
9	1906.3	-0.24129	-7.6571	-0.24129	-7.6571	0	3	90	0	4.6562	1	9	3.6562	0	-7.3438	3	-1	1	0	0	0	0
9	1922.9	-0.22119	-7.6249	-0.22119	-7.6249	0	3	90	0	4.6562	1	9	3.6562	0	-7.3438	3	-1	1	0	0	0	0
9	1939.4	-0.20108	-7.6249	-0.20108	-7.6249	0	3	90	0	4.6562	1	9	3.6562	0	-7.3438	3	-1	1	0	0	0	0
9	1956	-0.16086	-7.6249	-0.16086	-7.6249	0	3	90	0	4.6562	1	9	3.6562	0	-7.3438	3	-1	1	0	0	0	0
9	1972.7	-0.14076	-7.6249	-0.14076	-7.6249	0	3	90	0	4.6562	1	9	3.6562	0	-7.3438	3	-1	1	0	0	0	0
9	1989.2	-0.10054	-7.5927	-0.10054	-7.5927	0	3	90	0	4.6562	1	9	3.6562	0	-7.3438	3	-1	1	0	0	0	0
9	2005.9	-0.10054	-7.464	-0.10054	-7.464	0	3	90	0	4.6562	1	9	3.6562	0	-7.3438	3	-1	1	0	0	0	0
9	2022.4	-0.16086	-7.3354	-0.16086	-7.3354	0	3	90	0	4.6562	1	9	3.6562	0	-7.3438	3	-1	1	0	0	0	0
9	2039.1	-0.42227	-6.7562	-0.42227	-6.7562	0	3	90	0	4.6562	1	9	3.6562	0	-7.3438	3	-1	1	0	0	0	0
9	2055.6	-0.7641	-5.7911	-0.7641	-5.7911	0	3	90	0	4.6562	1	9	3.6562	0	-7.3438	3	-1	1	0	0	0	0
9	2072.2	-0.90485	-5.212	-0.90485	-5.212	0	3	90	0	4.6562	1	9	3.6562	0	-7.3438	3	-1	1	0	0	0	0
9	2088.8	-1.0456	-3.9251	-1.0456	-3.9251	0	3	90	0	4.6562	1	9	3.6562	0	-7.3438	3	-1	1	0	0	0	0
9	2105.4	-1.0456	-2.6382	-1.0456	-2.6382	0	3	90	0	4.6562	1	9	3.6562	0	-7.3438	3	-1	1	0	0	0	0
9	2122	-0.98529	-2.0269	-0.98529	-2.0269	0	3	90	0	4.6562	1	9	3.6562	0	-7.3438	3	-1	1	0	0	0	0
9	2138.6	-0.84453	-0.80432	-0.84453	-0.80432	0	3	90	0	4.6562	1	9	3.6562	0	-7.3438	3	-1	1	0	0	0	0
9	2155.2	-0.66356	0.32173	-0.66356	0.32173	0	3	90	0	4.6562	1	9	3.6562	0	-7.3438	3	-1	1	0	0	0	0
9	2171.8	-0.56302	0.83649	-0.56302	0.83649	0	3	90	0	4.6562	1	9	3.6562	0	-7.3438	3	-1	1	0	0	0	0
9	2188.3	-0.38205	1.8017	-0.38205	1.8017	0	3	90	0	4.6562	1	9	3.6562	0	-7.3438	3	-1	1	0	0	0	0
9	2205	-0.28151	2.5095	-0.28151	2.5095	0	3	90	0	4.6562	1	9	3.6562	0	-7.3438	3	-1	1	0	0	0	0
9	2221.6	-0.28151	2.799	-0.28151	2.799	0	3	90	0	4.6562	1	9	3.6562	0	-7.3438	3	-1	1	0	0	0	0
9	2238.2	-0.30162	3.2173	-0.30162	3.2173	0	3	90	0	4.6562	1	9	3.6562	0	-7.3438	3	-1	1	0	0	0	0
9	2254.9	-0.36194	3.4425	-0.36194	3.4425	0	3	90	0	4.6562	1	9	3.6562	0	-7.3438	3	-1	1	0	0	0	0
9	2271.4	-0.38205	3.539	-0.38205	3.539	0	3	90	0	4.6562	1	9	3.6562	0	-7.3438	3	-1	1	0	0	0	0
9	2288	-0.44237	3.6355	-0.44237	3.6355	0	3	90	0	4.6562	1	9	3.6562	0	-7.3438	3	-1	1	0	0	0	0
9	2304.6	-0.46248	3.6677	-0.46248	3.6677	0	3	90	0	4.6562	1	9	3.6562	0	-7.3438	3	-1	1	0	0	0	0
9	2321.2	-0.48259	3.6999	-0.48259	3.6999	0	3	90	0	4.6562	1	9	3.6562	0	-7.3438	3	-1	1	0	0	0	0
9	2337.8	-0.52281	3.732	-0.52281	3.732	0	3	90	0	4.6562	1	9	3.6562	0	-7.3438	3	-1	1	0	0	0	0
9	2354.3	-0.54291	3.732	-0.54291	3.732	0	3	90	0	4.6562	1	9	3.6562	0	-7.3438	3	-1	1	0	0	0	0
9	2371	-0.58313	3.7642	-0.58313	3.7642	0	3	90	0	4.6562	1	9	3.6562	0	-7.3438	3	-1	1	0	0	0	0
9	2387.6	-0.64345	3.7642	-0.64345	3.7642	0	3	90	0	4.6562	1	9	3.6562	0	-7.3438	3	-1	1	0	0	0	0
9	2420.8	-0.74399	3.7964	-0.74399	3.7964	0	2	90	0	4.6562	1	9	3.6562	0	-7.3438	3	-1	1	0	0	0	0
9	2437.4	-0.84453	3.7964	-0.84453	3.7964	0	3	90	0	4.6562	1	9	3.6562	0	-7.3438	3	-1	1	0	0	0	0
9	2686.3	-2.4532	3.4103	-2.4532	3.4103	0	2	90	0	4.6562	1	9	3.6562	0	-7.3438	3	-1	1	0	0	0	0
9	2702.9	-2.5336	3.4103	-2.5336	3.4103	0	3	90	0	4.6562	1	9	3.6562	0	-7.3438	3	-1	1	0	0	0	0
10	28.089	0.48259	-7.4962	0.48259	-7.4962	0	1	75	3.1058	4.2473	1	12.106	3.2474	0	-7.3438	3	-1	1	0	0	0	0
10	44.596	0.46248	-7.4962	0.46248	-7.4962	0	1	75	3.1058	4.2473	1	12.106	3.2474	0	-7.3438	3	-1	1	0	0	0	0
10	61.257	0.46248	-7.5284	0.46248	-7.5284	0	1	75	3.1058	4.2473	1	12.106	3.2474	0	-7.3438	3	-1	1	0	0	0	0
10	77.849	0.46248	-7.5284	0.46248	-7.5284	0	1	75	3.1058	4.2473	1	12.106	3.2474	0	-7.3438	3	-1	1	0	0	0	0
10	94.442	0.46248	-7.5284	0.46248	-7.5284	0	1	75	3.1058	4.2473	1	12.106	3.2474	0	-7.3438	3	-1	1	0	0	0	0
10	111.07	0.44237	-7.5284	0.44237	-7.5284	0	1	75	3.1058	4.2473	1	12.106	3.2474	0	-7.3438	3	-1	1	0	0	0	0
10	127.63	0.44237	-7.5284	0.44237	-7.5284	0	1	75	3.1058	4.2473	1	12.106	3.2474	0	-7.3438	3	-1	1	0	0	0	0
10	144.24	0.44237	-7.5284	0.44237	-7.5284	0	1	75	3.1058	4.2473	1	12.106	3.2474	0	-7.3438	3	-1	1	0	0	0	0
10	160.77	0.44237	-7.5284	0.44237	-7.5284	0	1	75	3.1058	4.2473	1	12.106	3.2474	0	-7.3438	3	-1	1	0	0	0	0
10	177.41	0.44237	-7.5284	0.44237	-7.5284	0	1	75	3.1058	4.2473	1	12.106	3.2474	0	-7.3438	3	-1	1	0	0	0	0
10	193.98	0.44237	-7.5284	0.44237	-7.5284	0	1	75	3.1058	4.2473	1	12.106	3.2474	0	-7.3438	3	-1	1	1	0	0	0
10	210.62	0.44237	-7.5284	0.44237	-7.5284	0	1	75	3.1058	4.2473	1	12.106	3.2474	0	-7.3438	3	-1	1	1	0	0	0
10	227.23	0.44237	-7.5284	0.44237	-7.5284	0	1	75	3.1058	4.2473	1	12.106	3.2474	0	-7.3438	3	-1	1	1	0	0	0
10	243.83	0.44237	-7.5284	0.44237	-7.5284	0	1	75	3.1058	4.2473	1	12.106	3.2474	0	-7.3438	3	-1	1	1	0	0	0
10	260.4	0.42227	-7.5284	0.42227	-7.5284	0	1	75	3.1058	4.2473	1	12.106	3.2474	0	-7.3438	3	-1	1	1	0	0	0
10	276.92	0.42227	-7.5284	0.42227	-7.5284	0	1	75	3.1058	4.2473	1	12.106	3.2474	0	-7.3438	3	-1	1	1	0	0	0
10	293.58	0.42227	-7.5284	0.42227	-7.5284	0	1	75	3.1058	4.2473	1	12.106	3.2474	0	-7.3438	3	-1	1	1	0	0	0
10	310.15	0.40216	-7.5284	0.40216	-7.5284	0	1	75	3.1058	4.2473	1	12.106	3.2474	0	-7.3438	3	-1	1	1	0	0	0
10	326.8	0.40216	-7.5284	0.40216	-7.5284	0	1	75	3.1058	4.2473	1	12.106	3.2474	0	-7.3438	3	-1	1	1	0	0	0
10	343.37	0.40216	-7.5284	0.40216	-7.5284	0	1	75	3.1058	4.2473	1	12.106	3.2474	0	-7.3438	3	-1	1	1	0	0	0
10	359.96	0.38205	-7.5284	0.38205	-7.5284	0	1	75	3.1058	4.2473	1	12.106	3.2474	0	-7.3438	3	-1	1	1	0	0	0
10	376.56	0.38205	-7.4962	0.38205	-7.4962	0	1	75	3.1058	4.2473	1	12.106	3.2474	0	-7.3438	3	-1	1	1	0	0	0
10	393.14	0.30162	-7.3997	0.30162	-7.3997	0	1	75	3.1058	4.2473	1	12.106	3.2474	0	-7.3438	3	-1	1	1	0	0	0
10	409.73	0.14076	-7.0458	0.14076	-7.0458	0	1	75	3.1058	4.2473	1	12.106	3.2474	0	-7.3438	3	-1	1	1	0	0	0
10	426.36	0.060324	-6.7562	0.060324	-6.7562	0	1	75	3.1058	4.2473	1	12.106	3.2474	0	-7.3438	3	-1	1	1	0	0	0
10	442.91	-0.10054	-6.0806	-0.10054	-6.0806	0	1	75	3.1058	4.2473	1	12.106	3.2474	0	-7.3438	3	-1	1	1	0	0	0
10	459.53	-0.14076	-5.3407	-0.14076	-5.3407	0	1	75	3.1058	4.2473	1	12.106	3.2474	0	-7.3438	3	-1	1	1	0	0	0
10	476.09	-0.12065	-4.9546	-0.12065	-4.9546	0	2	75	3.1058	4.2473	1	12.106	3.2474	0	-7.3438	3	-1	1	1	0	0	0
10	492.67	-0.040216	-4.2146	-0.040216	-4.2146	0	2	75	3.1058	4.2473	1	12.106	3.2474	0	-7.3438	3	-1	1	1	0	1	0
10	509.3	0.10054	-3.4746	0.10054	-3.4746	0	2	75	3.1058	4.2473	1	12.106	3.2474	0	-7.3438	3	-1	1	1	0	0	0
10	525.88	0.20108	-3.1207	0.20108	-3.1207	0	2	75	3.1058	4.2473	1	12.106	3.2474	0	-7.3438	3	-1	1	1	0	0	0
10	542.47	0.40216	-2.4451	0.40216	-2.4451	0	2	75	3.1058	4.2473	1	12.106	3.2474	0	-7.3438	3	-1	1	1	0	0	0
10	559.1	0.62334	-1.866	0.62334	-1.866	0	2	75	3.1058	4.2473	1	12.106	3.2474	0	-7.3438	3	-1	1	1	0	0	0
10	575.71	0.74399	-1.5765	0.74399	-1.5765	0	2	75	3.1058	4.2473	1	12.106	3.2474	0	-7.3438	3	-1	1	1	0	0	0
10	592.31	0.96518	-1.0617	0.96518	-1.0617	0	2	75	3.1058	4.2473	1	12.106	3.2474	0	-7.3438	3	-1	1	1	0	0	0
10	608.86	1.2065	-0.54693	1.2065	-0.54693	0	2	75	3.1058	4.2473	1	12.106	3.2474	0	-7.3438	3	-1	1	1	0	0	0
10	625.43	1.3271	-0.32173	1.3271	-0.32173	0	2	75	3.1058	4.2473	1	12.106	3.2474	0	-7.3438	3	-1	1	1	0	0	0
10	642.05	1.5684	0.12869	1.5684	0.12869	0	2	75	3.1058	4.2473	1	12.106	3.2474	0	-7.3438	3	-1	1	1	0	0	0
10	658.62	1.8097	0.54693	1.8097	0.54693	0	2	75	3.1058	4.2473	1	12.106	3.2474	0	-7.3438	3	-1	1	1	0	0	0
10	675.28	1.9304	0.77214	1.9304	0.77214	0	2	75	3.1058	4.2473	1	12.106	3.2474	0	-7.3438	3	-1	1	1	0	0	0
10	691.81	2.1717	1.126	2.1717	1.126	0	2	75	3.1058	4.2473	1	12.106	3.2474	0	-7.3438	3	-1	1	1	0	0	0
10	708.44	2.3928	1.4478	2.3928	1.4478	0	2	75	3.1058	4.2473	1	12.106	3.2474	0	-7.3438	3	-1	1	1	0	0	0
10	724.98	2.4934	1.6086	2.4934	1.6086	0	2	75	3.1058	4.2473	1	12.106	3.2474	0	-7.3438	3	-1	1	1	0	0	0
10	741.58	2.6743	1.866	2.6743	1.866	0	2	75	3.1058	4.2473	1	12.106	3.2474	0	-7.3438	3	-1	1	1	0	0	0
10	758.16	2.8352	2.0269	2.8352	2.0269	0	2	75	3.1058	4.2473	1	12.106	3.2474	0	-7.3438	3	-1	1	1	0	0	0
10	774.83	2.8955	2.059	2.8955	2.059	0	2	75	3.1058	4.2473	1	12.106	3.2474	0	-7.3438	3	-1	1	1	0	0	0
10	791.39	2.9961	2.1234	2.9961	2.1234	0	2	75	3.1058	4.2473	1	12.106	3.2474	0	-7.3438	3	-1	1	1	0	0	0
10	807.97	3.0564	2.1556	3.0564	2.1556	0	2	75	3.1058	4.2473	1	12.106	3.2474	0	-7.3438	3	-1	1	1	0	0	0
10	824.55	3.0564	2.1556	3.0564	2.1556	0	2	75	3.1058	4.2473	1	12.106	3.2474	0	-7.3438	3	-1	1	1	0	0	0
10	841.16	3.0765	2.1556	3.0765	2.1556	0	2	75	3.1058	4.2473	1	12.106	3.2474	0	-7.3438	3	-1	1	0	0	0	0
10	857.74	3.0765	2.1556	3.0765	2.1556	0	2	75	3.1058	4.2473	1	12.106	3.2474	0	-7.3438	3	-1	1	0	0	0	0
10	874.31	3.0765	2.1556	3.0765	2.1556	0	2	75	3.1058	4.2473	1	12.106	3.2474	0	-7.3438	3	-1	1	0	0	0	0
10	891	3.0765	2.1556	3.0765	2.1556	0	3	75	3.1058	4.2473	1	12.106	3.2474	0	-7.3438	3	-1	1	0	0	0	0
11	30.57	-0.28151	-7.6571	-0.28151	-7.6571	0	1	105	-3.1058	4.2473	1	5.8942	3.2474	0	-7.3438	3	-1	1	0	0	0	0
11	47.146	-0.24129	-7.6571	-0.24129	-7.6571	0	1	105	-3.1058	4.2473	1	5.8942	3.2474	0	-7.3438	3	-1	1	0	0	0	0
11	63.753	-0.22119	-7.6571	-0.22119	-7.6571	0	1	105	-3.1058	4.2473	1	5.8942	3.2474	0	-7.3438	3	-1	1	0	0	0	0
11	80.389	-0.22119	-7.6571	-0.22119	-7.6571	0	1	105	-3.1058	4.2473	1	5.8942	3.2474	0	-7.3438	3	-1	1	0	0	0	0
11	96.976	-0.22119	-7.6571	-0.22119	-7.6571	0	1	105	-3.1058	4.2473	1	5.8942	3.2474	0	-7.3438	3	-1	1	0	0	0	0
11	113.56	-0.20108	-7.6571	-0.20108	-7.6571	0	1	105	-3.1058	4.2473	1	5.8942	3.2474	0	-7.3438	3	-1	1	0	0	0	0
11	130.13	-0.18097	-7.6571	-0.18097	-7.6571	0	1	105	-3.1058	4.2473	1	5.8942	3.2474	0	-7.3438	3	-1	1	0	0	0	0
11	146.73	-0.16086	-7.6571	-0.16086	-7.6571	0	1	105	-3.1058	4.2473	1	5.8942	3.2474	0	-7.3438	3	-1	1	0	0	0	0
11	163.37	-0.12065	-7.6571	-0.12065	-7.6571	0	1	105	-3.1058	4.2473	1	5.8942	3.2474	0	-7.3438	3	-1	1	0	0	0	0
11	179.96	-0.060324	-7.6571	-0.060324	-7.6571	0	1	105	-3.1058	4.2473	1	5.8942	3.2474	0	-7.3438	3	-1	1	0	0	0	0
11	196.54	-0.020108	-7.6249	-0.020108	-7.6249	0	1	105	-3.1058	4.2473	1	5.8942	3.2474	0	-7.3438	3	-1	1	0	0	0	0
11	213.13	0	-7.6249	0	-7.6249	0	1	105	-3.1058	4.2473	1	5.8942	3.2474	0	-7.3438	3	-1	1	0	0	0	0
11	229.72	0.020108	-7.6249	0.020108	-7.6249	0	1	105	-3.1058	4.2473	1	5.8942	3.2474	0	-7.3438	3	-1	1	1	0	0	0
11	246.29	0.020108	-7.6249	0.020108	-7.6249	0	1	105	-3.1058	4.2473	1	5.8942	3.2474	0	-7.3438	3	-1	1	1	0	0	0
11	262.99	0.020108	-7.6249	0.020108	-7.6249	0	1	105	-3.1058	4.2473	1	5.8942	3.2474	0	-7.3438	3	-1	1	1	0	0	0
11	279.5	0.020108	-7.6249	0.020108	-7.6249	0	1	105	-3.1058	4.2473	1	5.8942	3.2474	0	-7.3438	3	-1	1	1	0	0	0
11	296.11	0.020108	-7.6249	0.020108	-7.6249	0	1	105	-3.1058	4.2473	1	5.8942	3.2474	0	-7.3438	3	-1	1	1	0	0	0
11	312.72	0.020108	-7.5927	0.020108	-7.5927	0	1	105	-3.1058	4.2473	1	5.8942	3.2474	0	-7.3438	3	-1	1	1	0	0	0
11	329.28	-0.020108	-7.4962	-0.020108	-7.4962	0	1	105	-3.1058	4.2473	1	5.8942	3.2474	0	-7.3438	3	-1	1	1	0	0	0
11	345.86	-0.060324	-7.3997	-0.060324	-7.3997	0	1	105	-3.1058	4.2473	1	5.8942	3.2474	0	-7.3438	3	-1	1	1	0	0	0
11	362.45	-0.2614	-6.9815	-0.2614	-6.9815	0	1	105	-3.1058	4.2473	1	5.8942	3.2474	0	-7.3438	3	-1	1	1	0	0	0
11	379.04	-0.5027	-6.3058	-0.5027	-6.3058	0	1	105	-3.1058	4.2473	1	5.8942	3.2474	0	-7.3438	3	-1	1	1	0	0	0
11	395.59	-0.62334	-5.8876	-0.62334	-5.8876	0	1	105	-3.1058	4.2473	1	5.8942	3.2474	0	-7.3438	3	-1	1	1	0	0	0
11	412.24	-0.84453	-5.0189	-0.84453	-5.0189	0	1	105	-3.1058	4.2473	1	5.8942	3.2474	0	-7.3438	3	-1	1	1	0	1	0
11	428.86	-1.0054	-4.279	-1.0054	-4.279	0	2	105	-3.1058	4.2473	1	5.8942	3.2474	0	-7.3438	3	-1	1	1	0	0	0
11	445.44	-1.0657	-3.9572	-1.0657	-3.9572	0	2	105	-3.1058	4.2473	1	5.8942	3.2474	0	-7.3438	3	-1	1	1	0	0	0
11	461.98	-1.1864	-3.3781	-1.1864	-3.3781	0	2	105	-3.1058	4.2473	1	5.8942	3.2474	0	-7.3438	3	-1	1	1	0	0	0
11	478.61	-1.3874	-2.799	-1.3874	-2.799	0	2	105	-3.1058	4.2473	1	5.8942	3.2474	0	-7.3438	3	-1	1	1	0	0	0
11	495.2	-1.5081	-2.4773	-1.5081	-2.4773	0	2	105	-3.1058	4.2473	1	5.8942	3.2474	0	-7.3438	3	-1	1	1	0	0	0
11	511.8	-1.7896	-1.8338	-1.7896	-1.8338	0	2	105	-3.1058	4.2473	1	5.8942	3.2474	0	-7.3438	3	-1	1	1	0	0	0
11	528.38	-2.1113	-1.2547	-2.1113	-1.2547	0	2	105	-3.1058	4.2473	1	5.8942	3.2474	0	-7.3438	3	-1	1	1	0	0	0
11	544.98	-2.2722	-0.99735	-2.2722	-0.99735	0	2	105	-3.1058	4.2473	1	5.8942	3.2474	0	-7.3438	3	-1	1	1	0	0	0
11	561.57	-2.5537	-0.48259	-2.5537	-0.48259	0	2	105	-3.1058	4.2473	1	5.8942	3.2474	0	-7.3438	3	-1	1	1	0	0	0
11	578.15	-2.7548	0	-2.7548	0	0	2	105	-3.1058	4.2473	1	5.8942	3.2474	0	-7.3438	3	-1	1	1	0	0	0
11	594.78	-2.8352	0.22521	-2.8352	0.22521	0	2	105	-3.1058	4.2473	1	5.8942	3.2474	0	-7.3438	3	-1	1	1	0	0	0
11	611.37	-2.8955	0.67563	-2.8955	0.67562	0	2	105	-3.1058	4.2473	1	5.8942	3.2474	0	-7.3438	3	-1	1	1	0	0	0
11	627.96	-2.9156	1.126	-2.9156	1.126	0	2	105	-3.1058	4.2473	1	5.8942	3.2474	0	-7.3438	3	-1	1	1	0	0	0
11	644.58	-2.8955	1.2869	-2.8955	1.2869	0	2	105	-3.1058	4.2473	1	5.8942	3.2474	0	-7.3438	3	-1	1	1	0	0	0
11	661.14	-2.8553	1.6086	-2.8553	1.6086	0	2	105	-3.1058	4.2473	1	5.8942	3.2474	0	-7.3438	3	-1	1	1	0	0	0
11	677.72	-2.7749	1.866	-2.7749	1.866	0	2	105	-3.1058	4.2473	1	5.8942	3.2474	0	-7.3438	3	-1	1	1	0	0	0
11	694.29	-2.7347	1.9304	-2.7347	1.9304	0	2	105	-3.1058	4.2473	1	5.8942	3.2474	0	-7.3438	3	-1	1	1	0	0	0
11	710.93	-2.6542	2.0269	-2.6542	2.0269	0	2	105	-3.1058	4.2473	1	5.8942	3.2474	0	-7.3438	3	-1	1	1	0	0	0
11	727.5	-2.6341	2.059	-2.6341	2.059	0	2	105	-3.1058	4.2473	1	5.8942	3.2474	0	-7.3438	3	-1	1	1	0	0	0
11	744.11	-2.6341	2.059	-2.6341	2.059	0	2	105	-3.1058	4.2473	1	5.8942	3.2474	0	-7.3438	3	-1	1	1	0	0	0
11	760.74	-2.614	2.059	-2.614	2.059	0	2	105	-3.1058	4.2473	1	5.8942	3.2474	0	-7.3438	3	-1	1	1	0	0	0
11	777.28	-2.614	2.059	-2.614	2.059	0	2	105	-3.1058	4.2473	1	5.8942	3.2474	0	-7.3438	3	-1	1	1	0	0	0
11	793.91	-2.614	2.059	-2.614	2.059	0	2	105	-3.1058	4.2473	1	5.8942	3.2474	0	-7.3438	3	-1	1	0	0	0	0
11	810.49	-2.614	2.059	-2.614	2.059	0	3	105	-3.1058	4.2473	1	5.8942	3.2474	0	-7.3438	3	-1	1	0	0	0	0
