0	10.14	1.669	-6.4345	1.669	-6.4345	0	1	75	3.1058	4.2473	1	12.106	3.2474	0	-7.3438	3	-1	1	0	0	0	0
0	26.699	1.669	-6.4345	1.669	-6.4345	0	1	75	3.1058	4.2473	1	12.106	3.2474	0	-7.3438	3	-1	1	0	0	0	0
0	43.357	1.669	-6.4345	1.669	-6.4345	0	1	75	3.1058	4.2473	1	12.106	3.2474	0	-7.3438	3	-1	1	0	0	0	0
0	59.905	1.669	-6.4345	1.669	-6.4345	0	1	75	3.1058	4.2473	1	12.106	3.2474	0	-7.3438	3	-1	1	0	0	0	0
0	76.542	1.669	-6.4345	1.669	-6.4345	0	1	75	3.1058	4.2473	1	12.106	3.2474	0	-7.3438	3	-1	1	0	0	0	0
0	93.084	1.669	-6.4345	1.669	-6.4345	0	1	75	3.1058	4.2473	1	12.106	3.2474	0	-7.3438	3	-1	1	0	0	0	0
0	109.73	1.669	-6.4345	1.669	-6.4345	0	1	75	3.1058	4.2473	1	12.106	3.2474	0	-7.3438	3	-1	1	0	0	0	0
0	126.32	1.669	-6.4345	1.669	-6.4345	0	1	75	3.1058	4.2473	1	12.106	3.2474	0	-7.3438	3	-1	1	0	0	0	0
0	142.92	1.669	-6.4345	1.669	-6.4345	0	1	75	3.1058	4.2473	1	12.106	3.2474	0	-7.3438	3	-1	1	0	0	0	0
0	159.51	1.669	-6.4345	1.669	-6.4345	0	1	75	3.1058	4.2473	1	12.106	3.2474	0	-7.3438	3	-1	1	0	0	0	0
0	176.09	1.669	-6.4345	1.669	-6.4345	0	1	75	3.1058	4.2473	1	12.106	3.2474	0	-7.3438	3	-1	1	0	0	0	0
0	192.8	1.669	-6.4345	1.669	-6.4345	0	1	75	3.1058	4.2473	1	12.106	3.2474	0	-7.3438	3	-1	1	0	0	0	0
0	209.36	1.669	-6.4345	1.669	-6.4345	0	1	75	3.1058	4.2473	1	12.106	3.2474	0	-7.3438	3	-1	1	0	0	0	0
0	225.9	1.669	-6.4345	1.669	-6.4345	0	1	75	3.1058	4.2473	1	12.106	3.2474	0	-7.3438	3	-1	1	0	0	0	0
0	242.47	1.669	-6.4345	1.669	-6.4345	0	1	75	3.1058	4.2473	1	12.106	3.2474	0	-7.3438	3	-1	1	0	0	0	0
0	259.07	1.669	-6.4345	1.669	-6.4345	0	1	75	3.1058	4.2473	1	12.106	3.2474	0	-7.3438	3	-1	1	0	0	0	0
0	275.65	1.669	-6.4345	1.669	-6.4345	0	1	75	3.1058	4.2473	1	12.106	3.2474	0	-7.3438	3	-1	1	0	0	0	0
0	292.24	1.669	-6.4345	1.669	-6.4345	0	1	75	3.1058	4.2473	1	12.106	3.2474	0	-7.3438	3	-1	1	0	0	0	0
0	308.87	1.669	-6.4345	1.669	-6.4345	0	1	75	3.1058	4.2473	1	12.106	3.2474	0	-7.3438	3	-1	1	0	0	0	0
0	325.45	1.669	-6.4345	1.669	-6.4345	0	1	75	3.1058	4.2473	1	12.106	3.2474	0	-7.3438	3	-1	1	0	0	0	0
0	342.05	1.669	-6.4345	1.669	-6.4345	0	1	75	3.1058	4.2473	1	12.106	3.2474	0	-7.3438	3	-1	1	0	0	0	0
0	358.62	1.669	-6.4345	1.669	-6.4345	0	1	75	3.1058	4.2473	1	12.106	3.2474	0	-7.3438	3	-1	1	0	0	0	0
0	375.24	1.669	-6.4345	1.669	-6.4345	0	1	75	3.1058	4.2473	1	12.106	3.2474	0	-7.3438	3	-1	1	0	0	0	0
0	391.83	1.669	-6.4345	1.669	-6.4345	0	1	75	3.1058	4.2473	1	12.106	3.2474	0	-7.3438	3	-1	1	0	0	0	0
0	408.42	1.669	-6.4345	1.669	-6.4345	0	1	75	3.1058	4.2473	1	12.106	3.2474	0	-7.3438	3	-1	1	0	0	0	0
0	425.02	1.669	-6.4345	1.669	-6.4345	0	1	75	3.1058	4.2473	1	12.106	3.2474	0	-7.3438	3	-1	1	0	0	0	0
0	441.58	1.669	-6.4345	1.669	-6.4345	0	1	75	3.1058	4.2473	1	12.106	3.2474	0	-7.3438	3	-1	1	0	0	0	0
0	458.2	1.669	-6.4345	1.669	-6.4345	0	1	75	3.1058	4.2473	1	12.106	3.2474	0	-7.3438	3	-1	1	0	0	0	0
0	474.92	1.669	-6.4345	1.669	-6.4345	0	1	75	3.1058	4.2473	1	12.106	3.2474	0	-7.3438	3	-1	1	0	0	0	0
0	491.5	1.669	-6.4345	1.669	-6.4345	0	1	75	3.1058	4.2473	1	12.106	3.2474	0	-7.3438	3	-1	1	0	0	0	0
0	508.04	4.6248	-6.2093	4.6248	-6.2093	0	1	75	3.1058	4.2473	1	12.106	3.2474	0	-7.3438	3	-1	1	0	0	0	0
0	524.68	4.6248	-6.1771	4.6248	-6.1771	0	1	75	3.1058	4.2473	1	12.106	3.2474	0	-7.3438	3	-1	1	0	0	0	0
0	541.33	4.6851	-6.0485	4.6851	-6.0485	0	1	75	3.1058	4.2473	1	12.106	3.2474	0	-7.3438	3	-1	1	0	0	0	0
0	557.85	4.7254	-5.8554	4.7254	-5.8554	0	1	75	3.1058	4.2473	1	12.106	3.2474	0	-7.3438	3	-1	1	0	0	0	0
0	574.57	4.665	-5.6624	4.665	-5.6624	0	1	75	3.1058	4.2473	1	12.106	3.2474	0	-7.3438	3	-1	1	0	0	0	0
0	591.15	4.6047	-5.5337	4.6047	-5.5337	0	1	75	3.1058	4.2473	1	12.106	3.2474	0	-7.3438	3	-1	1	0	0	0	0
0	607.8	4.5042	-5.212	4.5042	-5.212	0	1	75	3.1058	4.2473	1	12.106	3.2474	0	-7.3438	3	-1	1	0	0	0	0
0	624.36	4.464	-5.0189	4.464	-5.0189	0	1	75	3.1058	4.2473	1	12.106	3.2474	0	-7.3438	3	-1	1	0	0	0	0
0	640.94	4.4237	-4.7294	4.4237	-4.7294	0	1	75	3.1058	4.2473	1	12.106	3.2474	0	-7.3438	3	-1	1	0	0	0	0
0	657.54	4.4036	-4.6007	4.4036	-4.6007	0	1	75	3.1058	4.2473	1	12.106	3.2474	0	-7.3438	3	-1	1	0	0	0	0
0	674.18	4.3835	-4.5685	4.3835	-4.5685	0	1	75	3.1058	4.2473	1	12.106	3.2474	0	-7.3438	3	-1	1	0	0	0	0
0	690.74	4.3835	-4.5685	4.3835	-4.5685	0	1	75	3.1058	4.2473	1	12.106	3.2474	0	-7.3438	3	-1	1	0	0	0	0
0	707.32	4.3634	-4.6329	4.3634	-4.6329	0	1	75	3.1058	4.2473	1	12.106	3.2474	0	-7.3438	3	-1	1	0	0	0	0
0	723.93	4.3433	-4.6972	4.3433	-4.6972	0	1	75	3.1058	4.2473	1	12.106	3.2474	0	-7.3438	3	-1	1	0	0	0	0
0	740.53	4.283	-4.9546	4.283	-4.9546	0	1	75	3.1058	4.2473	1	12.106	3.2474	0	-7.3438	3	-1	1	0	0	0	0
0	757.09	4.2227	-5.2441	4.2227	-5.2441	0	1	75	3.1058	4.2473	1	12.106	3.2474	0	-7.3438	3	-1	1	0	0	0	0
0	773.72	4.1221	-5.5337	4.1221	-5.5337	0	1	75	3.1058	4.2473	1	12.106	3.2474	0	-7.3438	3	-1	1	0	0	0	0
0	790.35	4.0819	-5.6624	4.0819	-5.6624	0	1	75	3.1058	4.2473	1	12.106	3.2474	0	-7.3438	3	-1	1	0	0	0	0
0	806.92	3.9814	-5.8554	3.9814	-5.8554	0	1	75	3.1058	4.2473	1	12.106	3.2474	0	-7.3438	3	-1	1	0	0	0	0
0	823.52	3.921	-5.9519	3.921	-5.9519	0	1	75	3.1058	4.2473	1	12.106	3.2474	0	-7.3438	3	-1	1	0	0	0	0
0	840.06	3.7401	-6.0806	3.7401	-6.0806	0	1	75	3.1058	4.2473	1	12.106	3.2474	0	-7.3438	3	-1	1	0	0	0	0
0	856.71	3.5189	-6.2093	3.5189	-6.2093	0	1	75	3.1058	4.2473	1	12.106	3.2474	0	-7.3438	3	-1	1	0	0	0	0
0	873.28	3.3781	-6.2737	3.3781	-6.2737	0	1	75	3.1058	4.2473	1	12.106	3.2474	0	-7.3438	3	-1	1	0	0	0	0
0	889.93	3.0765	-6.338	3.0765	-6.338	0	1	75	3.1058	4.2473	1	12.106	3.2474	0	-7.3438	3	-1	1	0	0	0	0
0	906.5	2.7146	-6.3702	2.7146	-6.3702	0	1	75	3.1058	4.2473	1	12.106	3.2474	0	-7.3438	3	-1	1	0	0	0	0
0	923.12	2.4934	-6.4024	2.4934	-6.4024	0	1	75	3.1058	4.2473	1	12.106	3.2474	0	-7.3438	3	-1	1	0	0	0	0
0	939.66	2.0309	-6.4667	2.0309	-6.4667	0	1	75	3.1058	4.2473	1	12.106	3.2474	0	-7.3438	3	-1	1	0	0	0	0
0	956.26	1.8097	-6.4989	1.8097	-6.4989	0	1	75	3.1058	4.2473	1	12.106	3.2474	0	-7.3438	3	-1	1	0	0	0	0
0	972.85	1.3874	-6.5632	1.3874	-6.5632	0	1	75	3.1058	4.2473	1	12.106	3.2474	0	-7.3438	3	-1	1	0	0	0	0
0	989.44	1.0054	-6.6919	1.0054	-6.6919	0	1	75	3.1058	4.2473	1	12.106	3.2474	0	-7.3438	3	-1	1	0	0	0	0
0	1006	0.70378	-6.8206	0.70378	-6.8206	0	1	75	3.1058	4.2473	1	12.106	3.2474	0	-7.3438	3	-1	1	0	0	0	0
0	1022.7	0.56302	-6.8849	0.56302	-6.8849	0	1	75	3.1058	4.2473	1	12.106	3.2474	0	-7.3438	3	-1	1	0	0	0	0
0	1039.2	0.34183	-7.0458	0.34183	-7.0458	0	1	75	3.1058	4.2473	1	12.106	3.2474	0	-7.3438	3	-1	1	0	0	0	0
0	1055.8	0.24129	-7.1101	0.24129	-7.1101	0	1	75	3.1058	4.2473	1	12.106	3.2474	0	-7.3438	3	-1	1	0	0	0	0
0	1072.4	0.12065	-7.2067	0.12065	-7.2067	0	1	75	3.1058	4.2473	1	12.106	3.2474	0	-7.3438	3	-1	1	0	0	0	0
0	1089	0.040216	-7.3032	0.040216	-7.3032	0	1	75	3.1058	4.2473	1	12.106	3.2474	0	-7.3438	3	-1	1	0	0	0	0
0	1105.6	0	-7.3354	0	-7.3354	0	1	75	3.1058	4.2473	1	12.106	3.2474	0	-7.3438	3	-1	1	0	0	0	0
0	1122.2	-0.020108	-7.3354	-0.020108	-7.3354	0	1	75	3.1058	4.2473	1	12.106	3.2474	0	-7.3438	3	-1	1	0	0	0	0
0	1138.8	-0.060324	-7.3675	-0.060324	-7.3675	0	1	75	3.1058	4.2473	1	12.106	3.2474	0	-7.3438	3	-1	1	0	0	0	0
0	1155.4	-0.080432	-7.3675	-0.080432	-7.3675	0	1	75	3.1058	4.2473	1	12.106	3.2474	0	-7.3438	3	-1	1	0	0	0	0
0	1172	-0.14076	-7.4319	-0.14076	-7.4319	0	1	75	3.1058	4.2473	1	12.106	3.2474	0	-7.3438	3	-1	1	0	0	0	0
0	1188.6	-0.20108	-7.4319	-0.20108	-7.4319	0	1	75	3.1058	4.2473	1	12.106	3.2474	0	-7.3438	3	-1	1	0	0	0	0
0	1205.2	-0.22119	-7.4319	-0.22119	-7.4319	0	1	75	3.1058	4.2473	1	12.106	3.2474	0	-7.3438	3	-1	1	1	0	0	0
0	1221.7	-0.24129	-7.464	-0.24129	-7.464	0	1	75	3.1058	4.2473	1	12.106	3.2474	0	-7.3438	3	-1	1	1	0	0	0
0	1238.4	-0.28151	-7.464	-0.28151	-7.464	0	1	75	3.1058	4.2473	1	12.106	3.2474	0	-7.3438	3	-1	1	1	0	0	0
0	1254.9	-0.30162	-7.464	-0.30162	-7.464	0	1	75	3.1058	4.2473	1	12.106	3.2474	0	-7.3438	3	-1	1	1	0	0	0
0	1271.5	-0.32173	-7.464	-0.32173	-7.464	0	1	75	3.1058	4.2473	1	12.106	3.2474	0	-7.3438	3	-1	1	1	0	0	0
0	1288.1	-0.32173	-7.464	-0.32173	-7.464	0	1	75	3.1058	4.2473	1	12.106	3.2474	0	-7.3438	3	-1	1	1	0	0	0
0	1304.7	-0.32173	-7.464	-0.32173	-7.464	0	1	75	3.1058	4.2473	1	12.106	3.2474	0	-7.3438	3	-1	1	1	0	0	0
0	1321.3	-0.32173	-7.4319	-0.32173	-7.4319	0	1	75	3.1058	4.2473	1	12.106	3.2474	0	-7.3438	3	-1	1	1	0	0	0
0	1337.9	-0.28151	-7.4319	-0.28151	-7.4319	0	1	75	3.1058	4.2473	1	12.106	3.2474	0	-7.3438	3	-1	1	1	0	0	0
0	1354.5	-0.2614	-7.3997	-0.2614	-7.3997	0	1	75	3.1058	4.2473	1	12.106	3.2474	0	-7.3438	3	-1	1	1	0	0	0
0	1371.1	-0.18097	-7.3354	-0.18097	-7.3354	0	1	75	3.1058	4.2473	1	12.106	3.2474	0	-7.3438	3	-1	1	1	0	0	0
0	1387.7	-0.060324	-7.1423	-0.060324	-7.1423	0	1	75	3.1058	4.2473	1	12.106	3.2474	0	-7.3438	3	-1	1	1	0	0	0
0	1404.3	0	-7.0136	0	-7.0136	0	1	75	3.1058	4.2473	1	12.106	3.2474	0	-7.3438	3	-1	1	1	0	0	0
0	1420.9	0.14076	-6.6276	0.14076	-6.6276	0	1	75	3.1058	4.2473	1	12.106	3.2474	0	-7.3438	3	-1	1	1	0	0	0
0	1437.5	0.30162	-6.145	0.30162	-6.145	0	1	75	3.1058	4.2473	1	12.106	3.2474	0	-7.3438	3	-1	1	1	0	0	0
0	1454.3	0.38205	-5.8554	0.38205	-5.8554	0	1	75	3.1058	4.2473	1	12.106	3.2474	0	-7.3438	3	-1	1	1	0	0	0
0	1470.7	0.54291	-5.3085	0.54291	-5.3085	0	1	75	3.1058	4.2473	1	12.106	3.2474	0	-7.3438	3	-1	1	1	0	0	0
0	1487.3	0.70378	-4.7294	0.70378	-4.7294	0	2	75	3.1058	4.2473	1	12.106	3.2474	0	-7.3438	3	-1	1	1	0	0	0
0	1503.9	0.78421	-4.4398	0.78421	-4.4398	0	2	75	3.1058	4.2473	1	12.106	3.2474	0	-7.3438	3	-1	1	1	0	0	0
0	1520.4	0.94507	-3.8607	0.94507	-3.8607	0	2	75	3.1058	4.2473	1	12.106	3.2474	0	-7.3438	3	-1	1	1	0	0	0
0	1537.1	1.126	-3.2494	1.126	-3.2494	0	2	75	3.1058	4.2473	1	12.106	3.2474	0	-7.3438	3	-1	1	1	0	1	0
0	1553.6	1.2266	-2.9599	1.2266	-2.9599	0	2	75	3.1058	4.2473	1	12.106	3.2474	0	-7.3438	3	-1	1	1	0	0	0
0	1570.2	1.4076	-2.3164	1.4076	-2.3164	0	2	75	3.1058	4.2473	1	12.106	3.2474	0	-7.3438	3	-1	1	1	0	0	0
0	1586.9	1.5885	-1.7373	1.5885	-1.7373	0	2	75	3.1058	4.2473	1	12.106	3.2474	0	-7.3438	3	-1	1	1	0	0	0
0	1603.4	1.669	-1.4478	1.669	-1.4478	0	2	75	3.1058	4.2473	1	12.106	3.2474	0	-7.3438	3	-1	1	1	0	0	0
0	1620	1.8097	-0.96518	1.8097	-0.96518	0	2	75	3.1058	4.2473	1	12.106	3.2474	0	-7.3438	3	-1	1	1	0	0	0
0	1636.6	1.8901	-0.7078	1.8901	-0.7078	0	2	75	3.1058	4.2473	1	12.106	3.2474	0	-7.3438	3	-1	1	1	0	0	0
0	1653.3	2.0912	-0.25738	2.0912	-0.25738	0	2	75	3.1058	4.2473	1	12.106	3.2474	0	-7.3438	3	-1	1	1	0	0	0
0	1669.8	2.3325	0.19304	2.3325	0.19304	0	2	75	3.1058	4.2473	1	12.106	3.2474	0	-7.3438	3	-1	1	1	0	0	0
0	1686.4	2.5939	0.61128	2.5939	0.61128	0	2	75	3.1058	4.2473	1	12.106	3.2474	0	-7.3438	3	-1	1	1	0	0	0
0	1703	2.7347	0.83649	2.7347	0.83649	0	2	75	3.1058	4.2473	1	12.106	3.2474	0	-7.3438	3	-1	1	1	0	0	0
0	1719.6	3.0162	1.2226	3.0162	1.2226	0	2	75	3.1058	4.2473	1	12.106	3.2474	0	-7.3438	3	-1	1	1	0	0	0
0	1736.1	3.1569	1.4156	3.1569	1.4156	0	2	75	3.1058	4.2473	1	12.106	3.2474	0	-7.3438	3	-1	1	1	0	0	0
0	1752.8	3.4183	1.7373	3.4183	1.7373	0	2	75	3.1058	4.2473	1	12.106	3.2474	0	-7.3438	3	-1	1	1	0	0	0
0	1769.3	3.6395	1.9947	3.6395	1.9947	0	2	75	3.1058	4.2473	1	12.106	3.2474	0	-7.3438	3	-1	1	1	0	0	0
0	1786	3.8004	2.1877	3.8004	2.1877	0	2	75	3.1058	4.2473	1	12.106	3.2474	0	-7.3438	3	-1	1	1	0	0	0
0	1802.5	3.8406	2.2521	3.8406	2.2521	0	2	75	3.1058	4.2473	1	12.106	3.2474	0	-7.3438	3	-1	1	1	0	0	0
0	1819.1	3.9009	2.3808	3.9009	2.3808	0	2	75	3.1058	4.2473	1	12.106	3.2474	0	-7.3438	3	-1	1	1	0	0	0
0	1835.7	3.921	2.4129	3.921	2.4129	0	2	75	3.1058	4.2473	1	12.106	3.2474	0	-7.3438	3	-1	1	1	0	0	0
0	1852.3	3.9411	2.4773	3.9411	2.4773	0	2	75	3.1058	4.2473	1	12.106	3.2474	0	-7.3438	3	-1	1	0	0	0	0
0	1868.9	3.9613	2.5738	3.9613	2.5738	0	2	75	3.1058	4.2473	1	12.106	3.2474	0	-7.3438	3	-1	1	0	0	0	0
0	1885.5	3.9613	2.6703	3.9613	2.6703	0	2	75	3.1058	4.2473	1	12.106	3.2474	0	-7.3438	3	-1	1	0	0	0	0
0	1902.1	3.9814	2.6703	3.9814	2.6703	0	2	75	3.1058	4.2473	1	12.106	3.2474	0	-7.3438	3	-1	1	0	0	0	0
0	1918.7	3.9814	2.7025	3.9814	2.7025	0	2	75	3.1058	4.2473	1	12.106	3.2474	0	-7.3438	3	-1	1	0	0	0	0
0	1935.3	3.9814	2.7025	3.9814	2.7025	0	3	75	3.1058	4.2473	1	12.106	3.2474	0	-7.3438	3	-1	1	0	0	0	0
1	29.28	0.080432	-7.3354	0.080432	-7.3354	0	1	90	0	4.6562	1	9	3.6562	0	-7.3438	3	-1	1	1	0	0	0
1	45.871	-0.12065	-7.4962	-0.12065	-7.4962	0	1	90	0	4.6562	1	9	3.6562	0	-7.3438	3	-1	1	1	0	0	0
1	62.483	-0.28151	-7.5284	-0.28151	-7.5284	0	1	90	0	4.6562	1	9	3.6562	0	-7.3438	3	-1	1	1	0	0	0
1	79.106	-0.34183	-7.5284	-0.34183	-7.5284	0	1	90	0	4.6562	1	9	3.6562	0	-7.3438	3	-1	1	1	0	0	0
1	95.677	-0.38205	-7.5284	-0.38205	-7.5284	0	1	90	0	4.6562	1	9	3.6562	0	-7.3438	3	-1	1	1	0	0	0
1	112.28	-0.40216	-7.5606	-0.40216	-7.5606	0	1	90	0	4.6562	1	9	3.6562	0	-7.3438	3	-1	1	1	0	0	0
1	128.89	-0.40216	-7.5606	-0.40216	-7.5606	0	1	90	0	4.6562	1	9	3.6562	0	-7.3438	3	-1	1	1	0	0	0
1	145.47	-0.40216	-7.5606	-0.40216	-7.5606	0	1	90	0	4.6562	1	9	3.6562	0	-7.3438	3	-1	1	1	0	0	0
1	161.98	-0.40216	-7.5606	-0.40216	-7.5606	0	1	90	0	4.6562	1	9	3.6562	0	-7.3438	3	-1	1	1	0	0	0
1	178.88	-0.40216	-7.5606	-0.40216	-7.5606	0	1	90	0	4.6562	1	9	3.6562	0	-7.3438	3	-1	1	1	0	0	0
1	195.26	-0.40216	-7.5606	-0.40216	-7.5606	0	1	90	0	4.6562	1	9	3.6562	0	-7.3438	3	-1	1	1	0	0	0
1	211.86	-0.40216	-7.5606	-0.40216	-7.5606	0	1	90	0	4.6562	1	9	3.6562	0	-7.3438	3	-1	1	1	0	0	0
1	228.42	-0.40216	-7.5606	-0.40216	-7.5606	0	1	90	0	4.6562	1	9	3.6562	0	-7.3438	3	-1	1	1	0	0	0
1	244.98	-0.40216	-7.5606	-0.40216	-7.5606	0	1	90	0	4.6562	1	9	3.6562	0	-7.3438	3	-1	1	1	0	0	0
1	261.59	-0.40216	-7.5606	-0.40216	-7.5606	0	1	90	0	4.6562	1	9	3.6562	0	-7.3438	3	-1	1	1	0	0	0
1	278.21	-0.40216	-7.5606	-0.40216	-7.5606	0	1	90	0	4.6562	1	9	3.6562	0	-7.3438	3	-1	1	1	0	0	0
1	294.83	-0.40216	-7.5606	-0.40216	-7.5606	0	1	90	0	4.6562	1	9	3.6562	0	-7.3438	3	-1	1	1	0	0	0
1	311.4	-0.40216	-7.5606	-0.40216	-7.5606	0	1	90	0	4.6562	1	9	3.6562	0	-7.3438	3	-1	1	1	0	0	0
1	327.98	-0.40216	-7.5606	-0.40216	-7.5606	0	1	90	0	4.6562	1	9	3.6562	0	-7.3438	3	-1	1	1	0	0	0
1	344.62	-0.40216	-7.5284	-0.40216	-7.5284	0	1	90	0	4.6562	1	9	3.6562	0	-7.3438	3	-1	1	1	0	0	0
1	361.2	-0.38205	-7.5284	-0.38205	-7.5284	0	1	90	0	4.6562	1	9	3.6562	0	-7.3438	3	-1	1	1	0	0	0
1	377.77	-0.36194	-7.464	-0.36194	-7.464	0	1	90	0	4.6562	1	9	3.6562	0	-7.3438	3	-1	1	1	0	0	0
1	394.35	-0.34183	-7.271	-0.34183	-7.271	0	1	90	0	4.6562	1	9	3.6562	0	-7.3438	3	-1	1	1	0	0	0
1	410.91	-0.34183	-7.078	-0.34183	-7.078	0	1	90	0	4.6562	1	9	3.6562	0	-7.3438	3	-1	1	1	0	0	0
1	427.58	-0.34183	-6.6276	-0.34183	-6.6276	0	1	90	0	4.6562	1	9	3.6562	0	-7.3438	3	-1	1	1	0	0	0
1	444.18	-0.34183	-6.1771	-0.34183	-6.1771	0	1	90	0	4.6562	1	9	3.6562	0	-7.3438	3	-1	1	1	0	0	0
1	460.76	-0.36194	-5.7267	-0.36194	-5.7267	0	1	90	0	4.6562	1	9	3.6562	0	-7.3438	3	-1	1	1	0	0	0
1	477.35	-0.38205	-5.5337	-0.38205	-5.5337	0	1	90	0	4.6562	1	9	3.6562	0	-7.3438	3	-1	1	1	0	0	0
1	493.93	-0.46248	-5.1154	-0.46248	-5.1154	0	1	90	0	4.6562	1	9	3.6562	0	-7.3438	3	-1	1	1	0	0	0
1	510.51	-0.5027	-4.8902	-0.5027	-4.8902	0	2	90	0	4.6562	1	9	3.6562	0	-7.3438	3	-1	1	1	0	0	0
1	527.07	-0.58313	-4.472	-0.58313	-4.472	0	2	90	0	4.6562	1	9	3.6562	0	-7.3438	3	-1	1	1	0	0	0
1	543.74	-0.68367	-3.9894	-0.68367	-3.9894	0	2	90	0	4.6562	1	9	3.6562	0	-7.3438	3	-1	1	1	0	0	0
1	560.31	-0.78421	-3.4746	-0.78421	-3.4746	0	2	90	0	4.6562	1	9	3.6562	0	-7.3438	3	-1	1	1	0	0	0
1	576.95	-0.82442	-3.1851	-0.82442	-3.1851	0	2	90	0	4.6562	1	9	3.6562	0	-7.3438	3	-1	1	1	0	0	0
1	593.44	-0.84453	-2.6382	-0.84453	-2.6382	0	2	90	0	4.6562	1	9	3.6562	0	-7.3438	3	-1	1	1	0	0	0
1	610.04	-0.84453	-2.3486	-0.84453	-2.3486	0	2	90	0	4.6562	1	9	3.6562	0	-7.3438	3	-1	1	1	0	0	0
1	626.69	-0.80432	-1.8017	-0.80432	-1.8017	0	2	90	0	4.6562	1	9	3.6562	0	-7.3438	3	-1	1	1	0	1	0
1	643.26	-0.72388	-1.2547	-0.72388	-1.2547	0	2	90	0	4.6562	1	9	3.6562	0	-7.3438	3	-1	1	1	0	0	0
1	659.86	-0.66356	-0.73997	-0.66356	-0.73997	0	2	90	0	4.6562	1	9	3.6562	0	-7.3438	3	-1	1	1	0	0	0
1	676.5	-0.64345	-0.48259	-0.64345	-0.48259	0	2	90	0	4.6562	1	9	3.6562	0	-7.3438	3	-1	1	1	0	0	0
1	693.08	-0.60324	0.096518	-0.60324	0.096518	0	2	90	0	4.6562	1	9	3.6562	0	-7.3438	3	-1	1	1	0	0	0
1	709.65	-0.58313	0.38607	-0.58313	0.38607	0	2	90	0	4.6562	1	9	3.6562	0	-7.3438	3	-1	1	1	0	0	0
1	726.23	-0.54291	0.99735	-0.54291	0.99735	0	2	90	0	4.6562	1	9	3.6562	0	-7.3438	3	-1	1	1	0	0	0
1	742.85	-0.48259	1.673	-0.48259	1.673	0	2	90	0	4.6562	1	9	3.6562	0	-7.3438	3	-1	1	1	0	0	0
1	759.44	-0.40216	2.2843	-0.40216	2.2843	0	2	90	0	4.6562	1	9	3.6562	0	-7.3438	3	-1	1	1	0	0	0
1	776.05	-0.36194	2.5738	-0.36194	2.5738	0	2	90	0	4.6562	1	9	3.6562	0	-7.3438	3	-1	1	1	0	0	0
1	792.6	-0.30162	3.0564	-0.30162	3.0564	0	2	90	0	4.6562	1	9	3.6562	0	-7.3438	3	-1	1	1	0	0	0
1	809.15	-0.28151	3.2173	-0.28151	3.2173	0	2	90	0	4.6562	1	9	3.6562	0	-7.3438	3	-1	1	1	0	0	0
1	825.81	-0.24129	3.4425	-0.24129	3.4425	0	2	90	0	4.6562	1	9	3.6562	0	-7.3438	3	-1	1	0	0	0	0
1	842.35	-0.22119	3.4746	-0.22119	3.4746	0	2	90	0	4.6562	1	9	3.6562	0	-7.3438	3	-1	1	0	0	0	0
1	858.97	-0.22119	3.5068	-0.22119	3.5068	0	2	90	0	4.6562	1	9	3.6562	0	-7.3438	3	-1	1	0	0	0	0
1	875.57	-0.22119	3.5068	-0.22119	3.5068	0	2	90	0	4.6562	1	9	3.6562	0	-7.3438	3	-1	1	0	0	0	0
1	892.22	-0.22119	3.5068	-0.22119	3.5068	0	2	90	0	4.6562	1	9	3.6562	0	-7.3438	3	-1	1	0	0	0	0
1	908.79	-0.24129	3.5068	-0.24129	3.5068	0	2	90	0	4.6562	1	9	3.6562	0	-7.3438	3	-1	1	0	0	0	0
1	925.35	-0.24129	3.5068	-0.24129	3.5068	0	2	90	0	4.6562	1	9	3.6562	0	-7.3438	3	-1	1	0	0	0	0
1	941.94	-0.28151	3.5068	-0.28151	3.5068	0	2	90	0	4.6562	1	9	3.6562	0	-7.3438	3	-1	1	0	0	0	0
1	958.6	-0.30162	3.5068	-0.30162	3.5068	0	3	90	0	4.6562	1	9	3.6562	0	-7.3438	3	-1	1	0	0	0	0
2	30.614	-0.30162	-7.2388	-0.30162	-7.2388	0	1	105	-3.1058	4.2473	1	5.8942	3.2474	0	-7.3438	3	-1	1	1	0	0	0
2	47.209	-0.36194	-7.3997	-0.36194	-7.3997	0	1	105	-3.1058	4.2473	1	5.8942	3.2474	0	-7.3438	3	-1	1	1	0	0	0
2	63.697	-0.42227	-7.6249	-0.42227	-7.6249	0	1	105	-3.1058	4.2473	1	5.8942	3.2474	0	-7.3438	3	-1	1	1	0	0	0
2	80.359	-0.44237	-7.6249	-0.44237	-7.6249	0	1	105	-3.1058	4.2473	1	5.8942	3.2474	0	-7.3438	3	-1	1	1	0	0	0
2	96.928	-0.44237	-7.6249	-0.44237	-7.6249	0	1	105	-3.1058	4.2473	1	5.8942	3.2474	0	-7.3438	3	-1	1	1	0	0	0
2	113.58	-0.42227	-7.6249	-0.42227	-7.6249	0	1	105	-3.1058	4.2473	1	5.8942	3.2474	0	-7.3438	3	-1	1	1	0	0	0
2	130.19	-0.42227	-7.6249	-0.42227	-7.6249	0	1	105	-3.1058	4.2473	1	5.8942	3.2474	0	-7.3438	3	-1	1	1	0	0	0
2	146.78	-0.40216	-7.6249	-0.40216	-7.6249	0	1	105	-3.1058	4.2473	1	5.8942	3.2474	0	-7.3438	3	-1	1	1	0	0	0
2	163.36	-0.40216	-7.6571	-0.40216	-7.6571	0	1	105	-3.1058	4.2473	1	5.8942	3.2474	0	-7.3438	3	-1	1	1	0	0	0
2	179.94	-0.38205	-7.6571	-0.38205	-7.6571	0	1	105	-3.1058	4.2473	1	5.8942	3.2474	0	-7.3438	3	-1	1	1	0	0	0
2	196.5	-0.38205	-7.6571	-0.38205	-7.6571	0	1	105	-3.1058	4.2473	1	5.8942	3.2474	0	-7.3438	3	-1	1	1	0	0	0
2	213.1	-0.38205	-7.6571	-0.38205	-7.6571	0	1	105	-3.1058	4.2473	1	5.8942	3.2474	0	-7.3438	3	-1	1	1	0	0	0
2	229.71	-0.38205	-7.6571	-0.38205	-7.6571	0	1	105	-3.1058	4.2473	1	5.8942	3.2474	0	-7.3438	3	-1	1	1	0	0	0
2	246.34	-0.38205	-7.6571	-0.38205	-7.6571	0	1	105	-3.1058	4.2473	1	5.8942	3.2474	0	-7.3438	3	-1	1	1	0	0	0
2	262.94	-0.38205	-7.6571	-0.38205	-7.6571	0	1	105	-3.1058	4.2473	1	5.8942	3.2474	0	-7.3438	3	-1	1	1	0	0	0
2	279.55	-0.36194	-7.6571	-0.36194	-7.6571	0	1	105	-3.1058	4.2473	1	5.8942	3.2474	0	-7.3438	3	-1	1	1	0	0	0
2	296.1	-0.36194	-7.6571	-0.36194	-7.6571	0	1	105	-3.1058	4.2473	1	5.8942	3.2474	0	-7.3438	3	-1	1	1	0	0	0
2	312.71	-0.36194	-7.6571	-0.36194	-7.6571	0	1	105	-3.1058	4.2473	1	5.8942	3.2474	0	-7.3438	3	-1	1	1	0	0	0
2	329.3	-0.34183	-7.6571	-0.34183	-7.6571	0	1	105	-3.1058	4.2473	1	5.8942	3.2474	0	-7.3438	3	-1	1	1	0	0	0
2	345.86	-0.32173	-7.6571	-0.32173	-7.6571	0	1	105	-3.1058	4.2473	1	5.8942	3.2474	0	-7.3438	3	-1	1	1	0	0	0
2	362.54	-0.30162	-7.6571	-0.30162	-7.6571	0	1	105	-3.1058	4.2473	1	5.8942	3.2474	0	-7.3438	3	-1	1	1	0	0	0
2	379.11	-0.28151	-7.6249	-0.28151	-7.6249	0	1	105	-3.1058	4.2473	1	5.8942	3.2474	0	-7.3438	3	-1	1	1	0	0	0
2	395.68	-0.28151	-7.6249	-0.28151	-7.6249	0	1	105	-3.1058	4.2473	1	5.8942	3.2474	0	-7.3438	3	-1	1	1	0	0	0
2	412.26	-0.30162	-7.464	-0.30162	-7.464	0	1	105	-3.1058	4.2473	1	5.8942	3.2474	0	-7.3438	3	-1	1	1	0	0	0
2	428.82	-0.32173	-7.3032	-0.32173	-7.3032	0	1	105	-3.1058	4.2473	1	5.8942	3.2474	0	-7.3438	3	-1	1	1	0	0	0
2	445.43	-0.44237	-6.8528	-0.44237	-6.8528	0	1	105	-3.1058	4.2473	1	5.8942	3.2474	0	-7.3438	3	-1	1	1	0	0	0
2	462.02	-0.58313	-6.2737	-0.58313	-6.2737	0	1	105	-3.1058	4.2473	1	5.8942	3.2474	0	-7.3438	3	-1	1	1	0	0	0
2	478.68	-0.7641	-5.598	-0.7641	-5.598	0	1	105	-3.1058	4.2473	1	5.8942	3.2474	0	-7.3438	3	-1	1	1	0	0	0
2	495.24	-0.86464	-5.212	-0.86464	-5.212	0	1	105	-3.1058	4.2473	1	5.8942	3.2474	0	-7.3438	3	-1	1	1	0	0	0
2	511.85	-1.0657	-4.472	-1.0657	-4.472	0	2	105	-3.1058	4.2473	1	5.8942	3.2474	0	-7.3438	3	-1	1	1	0	0	0
2	528.37	-1.1864	-4.0859	-1.1864	-4.0859	0	2	105	-3.1058	4.2473	1	5.8942	3.2474	0	-7.3438	3	-1	1	1	0	0	0
2	545.02	-1.4076	-3.2494	-1.4076	-3.2494	0	2	105	-3.1058	4.2473	1	5.8942	3.2474	0	-7.3438	3	-1	1	1	0	1	0
2	561.59	-1.6488	-2.4129	-1.6488	-2.4129	0	2	105	-3.1058	4.2473	1	5.8942	3.2474	0	-7.3438	3	-1	1	1	0	0	0
2	578.21	-1.8901	-1.6086	-1.8901	-1.6086	0	2	105	-3.1058	4.2473	1	5.8942	3.2474	0	-7.3438	3	-1	1	1	0	0	0
2	594.83	-2.0108	-1.2226	-2.0108	-1.2226	0	2	105	-3.1058	4.2473	1	5.8942	3.2474	0	-7.3438	3	-1	1	1	0	0	0
2	611.39	-2.2923	-0.54693	-2.2923	-0.54693	0	2	105	-3.1058	4.2473	1	5.8942	3.2474	0	-7.3438	3	-1	1	1	0	0	0
2	628.01	-2.4532	-0.22521	-2.4532	-0.22521	0	2	105	-3.1058	4.2473	1	5.8942	3.2474	0	-7.3438	3	-1	1	1	0	0	0
2	644.58	-2.7749	0.41824	-2.7749	0.41824	0	2	105	-3.1058	4.2473	1	5.8942	3.2474	0	-7.3438	3	-1	1	1	0	0	0
2	661.19	-3.0765	0.99735	-3.0765	0.99735	0	2	105	-3.1058	4.2473	1	5.8942	3.2474	0	-7.3438	3	-1	1	1	0	0	0
2	677.74	-3.3781	1.5443	-3.3781	1.5443	0	2	105	-3.1058	4.2473	1	5.8942	3.2474	0	-7.3438	3	-1	1	1	0	0	0
2	694.37	-3.5189	1.8017	-3.5189	1.8017	0	2	105	-3.1058	4.2473	1	5.8942	3.2474	0	-7.3438	3	-1	1	1	0	0	0
2	710.96	-3.7602	2.1877	-3.7602	2.1877	0	2	105	-3.1058	4.2473	1	5.8942	3.2474	0	-7.3438	3	-1	1	1	0	0	0
2	727.58	-3.8607	2.3486	-3.8607	2.3486	0	2	105	-3.1058	4.2473	1	5.8942	3.2474	0	-7.3438	3	-1	1	1	0	0	0
2	744.16	-4.0216	2.5738	-4.0216	2.5738	0	2	105	-3.1058	4.2473	1	5.8942	3.2474	0	-7.3438	3	-1	1	1	0	0	0
2	760.74	-4.1422	2.7025	-4.1422	2.7025	0	2	105	-3.1058	4.2473	1	5.8942	3.2474	0	-7.3438	3	-1	1	0	0	0	0
2	777.34	-4.1623	2.7347	-4.1623	2.7347	0	2	105	-3.1058	4.2473	1	5.8942	3.2474	0	-7.3438	3	-1	1	0	0	0	0
2	793.97	-4.1824	2.7347	-4.1824	2.7347	0	2	105	-3.1058	4.2473	1	5.8942	3.2474	0	-7.3438	3	-1	1	0	0	0	0
2	810.58	-4.1623	2.7347	-4.1623	2.7347	0	2	105	-3.1058	4.2473	1	5.8942	3.2474	0	-7.3438	3	-1	1	0	0	0	0
2	827.16	-4.1422	2.7347	-4.1422	2.7347	0	2	105	-3.1058	4.2473	1	5.8942	3.2474	0	-7.3438	3	-1	1	0	0	0	0
2	843.69	-4.102	2.7025	-4.102	2.7025	0	2	105	-3.1058	4.2473	1	5.8942	3.2474	0	-7.3438	3	-1	1	0	0	0	0
2	860.26	-4.0417	2.6703	-4.0417	2.6703	0	2	105	-3.1058	4.2473	1	5.8942	3.2474	0	-7.3438	3	-1	1	0	0	0	0
2	877.01	-4.0417	2.6703	-4.0417	2.6703	0	3	105	-3.1058	4.2473	1	5.8942	3.2474	0	-7.3438	3	-1	1	0	0	0	0
3	30.856	-0.30162	-7.3032	-0.30162	-7.3032	0	1	75	3.1058	4.2473	1	12.106	3.2474	0	-7.3438	3	-1	1	1	0	0	0
3	47.389	-0.5027	-7.3997	-0.5027	-7.3997	0	1	75	3.1058	4.2473	1	12.106	3.2474	0	-7.3438	3	-1	1	1	0	0	0
3	64.078	-0.56302	-7.464	-0.56302	-7.464	0	1	75	3.1058	4.2473	1	12.106	3.2474	0	-7.3438	3	-1	1	1	0	0	0
3	80.66	-0.58313	-7.4962	-0.58313	-7.4962	0	1	75	3.1058	4.2473	1	12.106	3.2474	0	-7.3438	3	-1	1	1	0	0	0
3	97.273	-0.52281	-7.5284	-0.52281	-7.5284	0	1	75	3.1058	4.2473	1	12.106	3.2474	0	-7.3438	3	-1	1	1	0	0	0
3	113.86	-0.46248	-7.5606	-0.46248	-7.5606	0	1	75	3.1058	4.2473	1	12.106	3.2474	0	-7.3438	3	-1	1	1	0	0	0
3	130.53	-0.34183	-7.6249	-0.34183	-7.6249	0	1	75	3.1058	4.2473	1	12.106	3.2474	0	-7.3438	3	-1	1	1	0	0	0
3	147.01	-0.30162	-7.6249	-0.30162	-7.6249	0	1	75	3.1058	4.2473	1	12.106	3.2474	0	-7.3438	3	-1	1	1	0	0	0
3	163.55	-0.28151	-7.6249	-0.28151	-7.6249	0	1	75	3.1058	4.2473	1	12.106	3.2474	0	-7.3438	3	-1	1	1	0	0	0
3	180.18	-0.28151	-7.6249	-0.28151	-7.6249	0	1	75	3.1058	4.2473	1	12.106	3.2474	0	-7.3438	3	-1	1	1	0	0	0
3	196.75	-0.28151	-7.6249	-0.28151	-7.6249	0	1	75	3.1058	4.2473	1	12.106	3.2474	0	-7.3438	3	-1	1	1	0	0	0
3	213.39	-0.28151	-7.6249	-0.28151	-7.6249	0	1	75	3.1058	4.2473	1	12.106	3.2474	0	-7.3438	3	-1	1	1	0	0	0
3	229.98	-0.28151	-7.6249	-0.28151	-7.6249	0	1	75	3.1058	4.2473	1	12.106	3.2474	0	-7.3438	3	-1	1	1	0	0	0
3	246.59	-0.28151	-7.6249	-0.28151	-7.6249	0	1	75	3.1058	4.2473	1	12.106	3.2474	0	-7.3438	3	-1	1	1	0	0	0
3	263.08	-0.28151	-7.6249	-0.28151	-7.6249	0	1	75	3.1058	4.2473	1	12.106	3.2474	0	-7.3438	3	-1	1	1	0	0	0
3	279.78	-0.2614	-7.6249	-0.2614	-7.6249	0	1	75	3.1058	4.2473	1	12.106	3.2474	0	-7.3438	3	-1	1	1	0	0	0
3	296.36	-0.2614	-7.6249	-0.2614	-7.6249	0	1	75	3.1058	4.2473	1	12.106	3.2474	0	-7.3438	3	-1	1	1	0	0	0
3	312.95	-0.22119	-7.6249	-0.22119	-7.6249	0	1	75	3.1058	4.2473	1	12.106	3.2474	0	-7.3438	3	-1	1	1	0	0	0
3	329.55	-0.16086	-7.5927	-0.16086	-7.5927	0	1	75	3.1058	4.2473	1	12.106	3.2474	0	-7.3438	3	-1	1	1	0	0	0
3	346.14	-0.10054	-7.464	-0.10054	-7.464	0	1	75	3.1058	4.2473	1	12.106	3.2474	0	-7.3438	3	-1	1	1	0	0	0
3	362.75	-0.080432	-7.3675	-0.080432	-7.3675	0	1	75	3.1058	4.2473	1	12.106	3.2474	0	-7.3438	3	-1	1	1	0	0	0
3	379.31	-0.060324	-6.9171	-0.060324	-6.9171	0	1	75	3.1058	4.2473	1	12.106	3.2474	0	-7.3438	3	-1	1	1	0	0	0
3	395.92	-0.060324	-6.5632	-0.060324	-6.5632	0	1	75	3.1058	4.2473	1	12.106	3.2474	0	-7.3438	3	-1	1	1	0	0	0
3	412.49	-0.040216	-5.7589	-0.040216	-5.7589	0	1	75	3.1058	4.2473	1	12.106	3.2474	0	-7.3438	3	-1	1	1	0	0	0
3	429.12	0.020108	-4.8902	0.020108	-4.8902	0	1	75	3.1058	4.2473	1	12.106	3.2474	0	-7.3438	3	-1	1	1	0	0	0
3	445.74	0.16086	-4.0537	0.16086	-4.0537	0	2	75	3.1058	4.2473	1	12.106	3.2474	0	-7.3438	3	-1	1	1	0	1	0
3	462.27	0.2614	-3.6355	0.2614	-3.6355	0	2	75	3.1058	4.2473	1	12.106	3.2474	0	-7.3438	3	-1	1	1	0	0	0
3	478.89	0.48259	-2.8634	0.48259	-2.8634	0	2	75	3.1058	4.2473	1	12.106	3.2474	0	-7.3438	3	-1	1	1	0	0	0
3	495.48	0.60324	-2.4773	0.60324	-2.4773	0	2	75	3.1058	4.2473	1	12.106	3.2474	0	-7.3438	3	-1	1	1	0	0	0
3	512.09	0.86464	-1.8338	0.86464	-1.8338	0	2	75	3.1058	4.2473	1	12.106	3.2474	0	-7.3438	3	-1	1	1	0	0	0
3	528.65	1.1461	-1.2226	1.1461	-1.2226	0	2	75	3.1058	4.2473	1	12.106	3.2474	0	-7.3438	3	-1	1	1	0	0	0
3	545.31	1.4679	-0.61128	1.4679	-0.61128	0	2	75	3.1058	4.2473	1	12.106	3.2474	0	-7.3438	3	-1	1	1	0	0	0
3	561.89	1.6287	-0.32173	1.6287	-0.32173	0	2	75	3.1058	4.2473	1	12.106	3.2474	0	-7.3438	3	-1	1	1	0	0	0
3	578.48	2.0108	0.28955	2.0108	0.28955	0	2	75	3.1058	4.2473	1	12.106	3.2474	0	-7.3438	3	-1	1	1	0	0	0
3	595.05	2.2119	0.54693	2.2119	0.54693	0	2	75	3.1058	4.2473	1	12.106	3.2474	0	-7.3438	3	-1	1	1	0	0	0
3	611.65	2.5336	1.0617	2.5336	1.0617	0	2	75	3.1058	4.2473	1	12.106	3.2474	0	-7.3438	3	-1	1	1	0	0	0
3	628.17	2.8151	1.5443	2.8151	1.5443	0	2	75	3.1058	4.2473	1	12.106	3.2474	0	-7.3438	3	-1	1	1	0	0	0
3	644.87	3.1167	1.9947	3.1167	1.9947	0	2	75	3.1058	4.2473	1	12.106	3.2474	0	-7.3438	3	-1	1	1	0	0	0
3	661.38	3.2776	2.2199	3.2776	2.2199	0	2	75	3.1058	4.2473	1	12.106	3.2474	0	-7.3438	3	-1	1	1	0	0	0
3	678.04	3.4988	2.5416	3.4988	2.5416	0	2	75	3.1058	4.2473	1	12.106	3.2474	0	-7.3438	3	-1	1	1	0	0	0
3	694.59	3.5792	2.6382	3.5792	2.6382	0	2	75	3.1058	4.2473	1	12.106	3.2474	0	-7.3438	3	-1	1	1	0	0	0
3	711.19	3.6395	2.7347	3.6395	2.7347	0	2	75	3.1058	4.2473	1	12.106	3.2474	0	-7.3438	3	-1	1	0	0	0	0
3	727.78	3.6395	2.7347	3.6395	2.7347	0	2	75	3.1058	4.2473	1	12.106	3.2474	0	-7.3438	3	-1	1	0	0	0	0
3	744.4	3.6395	2.7347	3.6395	2.7347	0	2	75	3.1058	4.2473	1	12.106	3.2474	0	-7.3438	3	-1	1	0	0	0	0
3	761.01	3.6395	2.7347	3.6395	2.7347	0	2	75	3.1058	4.2473	1	12.106	3.2474	0	-7.3438	3	-1	1	0	0	0	0
3	777.61	3.6395	2.7347	3.6395	2.7347	0	2	75	3.1058	4.2473	1	12.106	3.2474	0	-7.3438	3	-1	1	0	0	0	0
3	794.21	3.6395	2.7347	3.6395	2.7347	0	2	75	3.1058	4.2473	1	12.106	3.2474	0	-7.3438	3	-1	1	0	0	0	0
3	810.77	3.6194	2.7347	3.6194	2.7347	0	2	75	3.1058	4.2473	1	12.106	3.2474	0	-7.3438	3	-1	1	0	0	0	0
3	827.31	3.5993	2.7025	3.5993	2.7025	0	3	75	3.1058	4.2473	1	12.106	3.2474	0	-7.3438	3	-1	1	0	0	0	0
4	30.846	-0.48259	-7.6249	-0.48259	-7.6249	0	1	105	-3.1058	4.2473	1	5.8942	3.2474	0	-7.3438	3	-1	1	0	0	0	0
4	47.39	-0.48259	-7.6249	-0.48259	-7.6249	0	1	105	-3.1058	4.2473	1	5.8942	3.2474	0	-7.3438	3	-1	1	0	0	0	0
4	64.014	-0.48259	-7.6249	-0.48259	-7.6249	0	1	105	-3.1058	4.2473	1	5.8942	3.2474	0	-7.3438	3	-1	1	0	0	0	0
4	80.607	-0.48259	-7.6249	-0.48259	-7.6249	0	1	105	-3.1058	4.2473	1	5.8942	3.2474	0	-7.3438	3	-1	1	0	0	0	0
4	97.236	-0.46248	-7.6571	-0.46248	-7.6571	0	1	105	-3.1058	4.2473	1	5.8942	3.2474	0	-7.3438	3	-1	1	0	0	0	0
4	113.82	-0.46248	-7.6571	-0.46248	-7.6571	0	1	105	-3.1058	4.2473	1	5.8942	3.2474	0	-7.3438	3	-1	1	0	0	0	0
4	130.39	-0.46248	-7.6571	-0.46248	-7.6571	0	1	105	-3.1058	4.2473	1	5.8942	3.2474	0	-7.3438	3	-1	1	0	0	0	0
4	147.01	-0.46248	-7.6571	-0.46248	-7.6571	0	1	105	-3.1058	4.2473	1	5.8942	3.2474	0	-7.3438	3	-1	1	0	0	0	0
4	163.6	-0.46248	-7.6571	-0.46248	-7.6571	0	1	105	-3.1058	4.2473	1	5.8942	3.2474	0	-7.3438	3	-1	1	0	0	0	0
4	180.18	-0.46248	-7.6571	-0.46248	-7.6571	0	1	105	-3.1058	4.2473	1	5.8942	3.2474	0	-7.3438	3	-1	1	0	0	0	0
4	196.76	-0.46248	-7.6571	-0.46248	-7.6571	0	1	105	-3.1058	4.2473	1	5.8942	3.2474	0	-7.3438	3	-1	1	0	0	0	0
4	213.34	-0.46248	-7.6571	-0.46248	-7.6571	0	1	105	-3.1058	4.2473	1	5.8942	3.2474	0	-7.3438	3	-1	1	0	0	0	0
4	229.94	-0.46248	-7.6571	-0.46248	-7.6571	0	1	105	-3.1058	4.2473	1	5.8942	3.2474	0	-7.3438	3	-1	1	0	0	0	0
4	246.59	-0.44237	-7.6571	-0.44237	-7.6571	0	1	105	-3.1058	4.2473	1	5.8942	3.2474	0	-7.3438	3	-1	1	0	0	0	0
4	263.14	-0.36194	-7.6571	-0.36194	-7.6571	0	1	105	-3.1058	4.2473	1	5.8942	3.2474	0	-7.3438	3	-1	1	0	0	0	0
4	279.71	-0.32173	-7.6893	-0.32173	-7.6893	0	1	105	-3.1058	4.2473	1	5.8942	3.2474	0	-7.3438	3	-1	1	0	0	0	0
4	296.32	-0.24129	-7.6893	-0.24129	-7.6893	0	1	105	-3.1058	4.2473	1	5.8942	3.2474	0	-7.3438	3	-1	1	0	0	0	0
4	312.94	-0.24129	-7.6893	-0.24129	-7.6893	0	1	105	-3.1058	4.2473	1	5.8942	3.2474	0	-7.3438	3	-1	1	0	0	0	0
4	329.54	-0.24129	-7.6893	-0.24129	-7.6893	0	1	105	-3.1058	4.2473	1	5.8942	3.2474	0	-7.3438	3	-1	1	0	0	0	0
4	346.14	-0.24129	-7.6893	-0.24129	-7.6893	0	1	105	-3.1058	4.2473	1	5.8942	3.2474	0	-7.3438	3	-1	1	0	0	0	0
4	362.73	-0.24129	-7.6893	-0.24129	-7.6893	0	1	105	-3.1058	4.2473	1	5.8942	3.2474	0	-7.3438	3	-1	1	0	0	0	0
4	379.31	-0.22119	-7.6893	-0.22119	-7.6893	0	1	105	-3.1058	4.2473	1	5.8942	3.2474	0	-7.3438	3	-1	1	0	0	0	0
4	395.91	-0.22119	-7.6571	-0.22119	-7.6571	0	1	105	-3.1058	4.2473	1	5.8942	3.2474	0	-7.3438	3	-1	1	1	0	0	0
4	412.46	-0.20108	-7.6571	-0.20108	-7.6571	0	1	105	-3.1058	4.2473	1	5.8942	3.2474	0	-7.3438	3	-1	1	1	0	0	0
4	429.1	-0.20108	-7.4962	-0.20108	-7.4962	0	1	105	-3.1058	4.2473	1	5.8942	3.2474	0	-7.3438	3	-1	1	1	0	0	0
4	445.65	-0.30162	-7.0458	-0.30162	-7.0458	0	1	105	-3.1058	4.2473	1	5.8942	3.2474	0	-7.3438	3	-1	1	1	0	0	0
4	462.28	-0.38205	-6.6597	-0.38205	-6.6597	0	1	105	-3.1058	4.2473	1	5.8942	3.2474	0	-7.3438	3	-1	1	1	0	0	0
4	478.92	-0.54291	-5.6624	-0.54291	-5.6624	0	1	105	-3.1058	4.2473	1	5.8942	3.2474	0	-7.3438	3	-1	1	1	0	0	0
4	495.46	-0.68367	-4.5685	-0.68367	-4.5685	0	1	105	-3.1058	4.2473	1	5.8942	3.2474	0	-7.3438	3	-1	1	1	0	0	0
4	512.06	-0.7641	-4.0216	-0.7641	-4.0216	0	2	105	-3.1058	4.2473	1	5.8942	3.2474	0	-7.3438	3	-1	1	1	0	1	0
4	528.66	-0.94507	-2.9599	-0.94507	-2.9599	0	2	105	-3.1058	4.2473	1	5.8942	3.2474	0	-7.3438	3	-1	1	1	0	0	0
4	545.27	-1.1663	-2.059	-1.1663	-2.059	0	2	105	-3.1058	4.2473	1	5.8942	3.2474	0	-7.3438	3	-1	1	1	0	0	0
4	561.85	-1.2869	-1.6408	-1.2869	-1.6408	0	2	105	-3.1058	4.2473	1	5.8942	3.2474	0	-7.3438	3	-1	1	1	0	0	0
4	578.47	-1.5081	-0.86866	-1.5081	-0.86866	0	2	105	-3.1058	4.2473	1	5.8942	3.2474	0	-7.3438	3	-1	1	1	0	0	0
4	595.06	-1.7293	-0.22521	-1.7293	-0.22521	0	2	105	-3.1058	4.2473	1	5.8942	3.2474	0	-7.3438	3	-1	1	1	0	0	0
4	611.62	-1.87	0.064345	-1.87	0.064345	0	2	105	-3.1058	4.2473	1	5.8942	3.2474	0	-7.3438	3	-1	1	1	0	0	0
4	628.18	-2.1314	0.48259	-2.1314	0.48259	0	2	105	-3.1058	4.2473	1	5.8942	3.2474	0	-7.3438	3	-1	1	1	0	0	0
4	644.82	-2.2722	0.7078	-2.2722	0.7078	0	2	105	-3.1058	4.2473	1	5.8942	3.2474	0	-7.3438	3	-1	1	1	0	0	0
4	661.37	-2.4934	1.0939	-2.4934	1.0939	0	2	105	-3.1058	4.2473	1	5.8942	3.2474	0	-7.3438	3	-1	1	1	0	0	0
4	678.04	-2.6743	1.4478	-2.6743	1.4478	0	2	105	-3.1058	4.2473	1	5.8942	3.2474	0	-7.3438	3	-1	1	1	0	0	0
4	694.55	-2.795	1.8017	-2.795	1.8017	0	2	105	-3.1058	4.2473	1	5.8942	3.2474	0	-7.3438	3	-1	1	1	0	0	0
4	711.11	-2.8553	1.9625	-2.8553	1.9625	0	2	105	-3.1058	4.2473	1	5.8942	3.2474	0	-7.3438	3	-1	1	1	0	0	0
4	727.79	-2.976	2.1556	-2.976	2.1556	0	2	105	-3.1058	4.2473	1	5.8942	3.2474	0	-7.3438	3	-1	1	0	0	0	0
4	744.38	-3.0363	2.2199	-3.0363	2.2199	0	2	105	-3.1058	4.2473	1	5.8942	3.2474	0	-7.3438	3	-1	1	0	0	0	0
4	760.98	-3.1368	2.2843	-3.1368	2.2843	0	2	105	-3.1058	4.2473	1	5.8942	3.2474	0	-7.3438	3	-1	1	0	0	0	0
4	777.57	-3.2173	2.3486	-3.2173	2.3486	0	2	105	-3.1058	4.2473	1	5.8942	3.2474	0	-7.3438	3	-1	1	0	0	0	0
4	794.2	-3.2575	2.3486	-3.2575	2.3486	0	2	105	-3.1058	4.2473	1	5.8942	3.2474	0	-7.3438	3	-1	1	0	0	0	0
4	810.76	-3.2776	2.3164	-3.2776	2.3164	0	2	105	-3.1058	4.2473	1	5.8942	3.2474	0	-7.3438	3	-1	1	0	0	0	0
4	827.34	-3.3178	2.3164	-3.3178	2.3164	0	2	105	-3.1058	4.2473	1	5.8942	3.2474	0	-7.3438	3	-1	1	0	0	0	0
4	843.91	-3.3379	2.2843	-3.3379	2.2843	0	2	105	-3.1058	4.2473	1	5.8942	3.2474	0	-7.3438	3	-1	1	0	0	0	0
4	860.54	-3.358	2.2843	-3.358	2.2843	0	3	105	-3.1058	4.2473	1	5.8942	3.2474	0	-7.3438	3	-1	1	0	0	0	0
5	31.064	0.5027	-7.6249	0.5027	-7.6249	0	1	90	0	4.6562	1	9	3.6562	0	-7.3438	3	-1	1	0	0	0	0
5	47.663	0.5027	-7.6249	0.5027	-7.6249	0	1	90	0	4.6562	1	9	3.6562	0	-7.3438	3	-1	1	0	0	0	0
5	64.197	0.48259	-7.6249	0.48259	-7.6249	0	1	90	0	4.6562	1	9	3.6562	0	-7.3438	3	-1	1	0	0	0	0
5	80.811	0.48259	-7.6249	0.48259	-7.6249	0	1	90	0	4.6562	1	9	3.6562	0	-7.3438	3	-1	1	0	0	0	0
5	97.404	0.48259	-7.6249	0.48259	-7.6249	0	1	90	0	4.6562	1	9	3.6562	0	-7.3438	3	-1	1	0	0	0	0
5	114.02	0.48259	-7.6249	0.48259	-7.6249	0	1	90	0	4.6562	1	9	3.6562	0	-7.3438	3	-1	1	0	0	0	0
5	130.64	0.48259	-7.6249	0.48259	-7.6249	0	1	90	0	4.6562	1	9	3.6562	0	-7.3438	3	-1	1	0	0	0	0
5	147.21	0.48259	-7.6249	0.48259	-7.6249	0	1	90	0	4.6562	1	9	3.6562	0	-7.3438	3	-1	1	0	0	0	0
5	163.76	0.46248	-7.6249	0.46248	-7.6249	0	1	90	0	4.6562	1	9	3.6562	0	-7.3438	3	-1	1	0	0	0	0
5	180.39	0.46248	-7.6249	0.46248	-7.6249	0	1	90	0	4.6562	1	9	3.6562	0	-7.3438	3	-1	1	0	0	0	0
5	196.98	0.46248	-7.6249	0.46248	-7.6249	0	1	90	0	4.6562	1	9	3.6562	0	-7.3438	3	-1	1	0	0	0	0
5	213.52	0.46248	-7.6249	0.46248	-7.6249	0	1	90	0	4.6562	1	9	3.6562	0	-7.3438	3	-1	1	0	0	0	0
5	230.19	0.46248	-7.6249	0.46248	-7.6249	0	1	90	0	4.6562	1	9	3.6562	0	-7.3438	3	-1	1	0	0	0	0
5	246.78	0.46248	-7.6249	0.46248	-7.6249	0	1	90	0	4.6562	1	9	3.6562	0	-7.3438	3	-1	1	0	0	0	0
5	263.39	0.46248	-7.6249	0.46248	-7.6249	0	1	90	0	4.6562	1	9	3.6562	0	-7.3438	3	-1	1	0	0	0	0
5	279.99	0.46248	-7.6249	0.46248	-7.6249	0	1	90	0	4.6562	1	9	3.6562	0	-7.3438	3	-1	1	0	0	0	0
5	296.48	0.48259	-7.6249	0.48259	-7.6249	0	1	90	0	4.6562	1	9	3.6562	0	-7.3438	3	-1	1	0	0	0	0
5	313.11	0.5027	-7.5606	0.5027	-7.5606	0	1	90	0	4.6562	1	9	3.6562	0	-7.3438	3	-1	1	0	0	0	0
5	329.77	0.52281	-7.5284	0.52281	-7.5284	0	1	90	0	4.6562	1	9	3.6562	0	-7.3438	3	-1	1	0	0	0	0
5	346.36	0.54291	-7.4962	0.54291	-7.4962	0	1	90	0	4.6562	1	9	3.6562	0	-7.3438	3	-1	1	0	0	0	0
5	362.91	0.54291	-7.4319	0.54291	-7.4319	0	1	90	0	4.6562	1	9	3.6562	0	-7.3438	3	-1	1	1	0	0	0
5	379.54	0.54291	-7.3675	0.54291	-7.3675	0	1	90	0	4.6562	1	9	3.6562	0	-7.3438	3	-1	1	1	0	0	0
5	396.12	0.54291	-7.078	0.54291	-7.078	0	1	90	0	4.6562	1	9	3.6562	0	-7.3438	3	-1	1	1	0	0	0
5	412.69	0.52281	-6.531	0.52281	-6.531	0	1	90	0	4.6562	1	9	3.6562	0	-7.3438	3	-1	1	1	0	0	0
5	429.27	0.52281	-6.1771	0.52281	-6.1771	0	1	90	0	4.6562	1	9	3.6562	0	-7.3438	3	-1	1	1	0	0	0
5	445.87	0.56302	-5.4372	0.56302	-5.4372	0	1	90	0	4.6562	1	9	3.6562	0	-7.3438	3	-1	1	1	0	0	0
5	462.49	0.66356	-4.7294	0.66356	-4.7294	0	1	90	0	4.6562	1	9	3.6562	0	-7.3438	3	-1	1	1	0	0	0
5	479.12	0.72388	-4.4398	0.72388	-4.4398	0	2	90	0	4.6562	1	9	3.6562	0	-7.3438	3	-1	1	1	0	0	0
5	495.72	0.84453	-3.8285	0.84453	-3.8285	0	2	90	0	4.6562	1	9	3.6562	0	-7.3438	3	-1	1	1	0	0	0
5	512.26	0.92496	-3.1851	0.92496	-3.1851	0	2	90	0	4.6562	1	9	3.6562	0	-7.3438	3	-1	1	1	0	0	0
5	528.86	0.96518	-2.799	0.96518	-2.799	0	2	90	0	4.6562	1	9	3.6562	0	-7.3438	3	-1	1	1	0	0	0
5	545.44	1.0255	-2.0269	1.0255	-2.0269	0	2	90	0	4.6562	1	9	3.6562	0	-7.3438	3	-1	1	1	0	1	0
5	562.06	1.0657	-1.1904	1.0657	-1.1904	0	2	90	0	4.6562	1	9	3.6562	0	-7.3438	3	-1	1	1	0	0	0
5	578.59	1.0858	-0.77214	1.0858	-0.77214	0	2	90	0	4.6562	1	9	3.6562	0	-7.3438	3	-1	1	1	0	0	0
5	595.23	1.0657	0	1.0657	0	0	2	90	0	4.6562	1	9	3.6562	0	-7.3438	3	-1	1	1	0	0	0
5	611.84	1.0255	0.73997	1.0255	0.73997	0	2	90	0	4.6562	1	9	3.6562	0	-7.3438	3	-1	1	1	0	0	0
5	628.45	1.0054	1.0617	1.0054	1.0617	0	2	90	0	4.6562	1	9	3.6562	0	-7.3438	3	-1	1	1	0	0	0
5	644.97	1.0054	1.673	1.0054	1.673	0	2	90	0	4.6562	1	9	3.6562	0	-7.3438	3	-1	1	1	0	0	0
5	661.56	1.0054	1.8982	1.0054	1.8982	0	2	90	0	4.6562	1	9	3.6562	0	-7.3438	3	-1	1	1	0	0	0
5	678.21	0.98529	2.2843	0.98529	2.2843	0	2	90	0	4.6562	1	9	3.6562	0	-7.3438	3	-1	1	1	0	0	0
5	694.81	0.94507	2.5738	0.94507	2.5738	0	2	90	0	4.6562	1	9	3.6562	0	-7.3438	3	-1	1	1	0	0	0
5	711.36	0.88475	2.7668	0.88475	2.7668	0	2	90	0	4.6562	1	9	3.6562	0	-7.3438	3	-1	1	1	0	0	0
5	728.06	0.84453	2.8634	0.84453	2.8634	0	2	90	0	4.6562	1	9	3.6562	0	-7.3438	3	-1	1	1	0	0	0
5	744.58	0.74399	3.0242	0.74399	3.0242	0	2	90	0	4.6562	1	9	3.6562	0	-7.3438	3	-1	1	0	0	0	0
5	761.18	0.70378	3.0886	0.70378	3.0886	0	2	90	0	4.6562	1	9	3.6562	0	-7.3438	3	-1	1	0	0	0	0
5	777.74	0.60324	3.1851	0.60324	3.1851	0	2	90	0	4.6562	1	9	3.6562	0	-7.3438	3	-1	1	0	0	0	0
5	794.36	0.52281	3.2173	0.52281	3.2173	0	2	90	0	4.6562	1	9	3.6562	0	-7.3438	3	-1	1	0	0	0	0
5	811	0.44237	3.2494	0.44237	3.2494	0	2	90	0	4.6562	1	9	3.6562	0	-7.3438	3	-1	1	0	0	0	0
5	827.54	0.40216	3.2494	0.40216	3.2494	0	2	90	0	4.6562	1	9	3.6562	0	-7.3438	3	-1	1	0	0	0	0
5	844.14	0.34183	3.2494	0.34183	3.2494	0	2	90	0	4.6562	1	9	3.6562	0	-7.3438	3	-1	1	0	0	0	0
5	860.73	0.32173	3.2494	0.32173	3.2494	0	3	90	0	4.6562	1	9	3.6562	0	-7.3438	3	-1	1	0	0	0	0
6	30.997	-0.70378	-7.4962	-0.70378	-7.4962	0	1	90	0	4.6562	1	9	3.6562	0	-7.3438	3	-1	1	0	0	0	0
6	47.579	-0.70378	-7.4962	-0.70378	-7.4962	0	1	90	0	4.6562	1	9	3.6562	0	-7.3438	3	-1	1	0	0	0	0
6	64.142	-0.70378	-7.4962	-0.70378	-7.4962	0	1	90	0	4.6562	1	9	3.6562	0	-7.3438	3	-1	1	0	0	0	0
6	80.734	-0.70378	-7.4962	-0.70378	-7.4962	0	1	90	0	4.6562	1	9	3.6562	0	-7.3438	3	-1	1	0	0	0	0
6	97.294	-0.70378	-7.4962	-0.70378	-7.4962	0	1	90	0	4.6562	1	9	3.6562	0	-7.3438	3	-1	1	0	0	0	0
6	113.96	-0.70378	-7.4962	-0.70378	-7.4962	0	1	90	0	4.6562	1	9	3.6562	0	-7.3438	3	-1	1	0	0	0	0
6	130.5	-0.72388	-7.4962	-0.72388	-7.4962	0	1	90	0	4.6562	1	9	3.6562	0	-7.3438	3	-1	1	1	0	0	0
6	147.15	-0.68367	-7.4962	-0.68367	-7.4962	0	1	90	0	4.6562	1	9	3.6562	0	-7.3438	3	-1	1	1	0	0	0
6	163.74	-0.58313	-7.5927	-0.58313	-7.5927	0	1	90	0	4.6562	1	9	3.6562	0	-7.3438	3	-1	1	1	0	0	0
6	180.33	-0.52281	-7.6249	-0.52281	-7.6249	0	1	90	0	4.6562	1	9	3.6562	0	-7.3438	3	-1	1	1	0	0	0
6	196.88	-0.48259	-7.6571	-0.48259	-7.6571	0	1	90	0	4.6562	1	9	3.6562	0	-7.3438	3	-1	1	1	0	0	0
6	213.49	-0.48259	-7.6571	-0.48259	-7.6571	0	1	90	0	4.6562	1	9	3.6562	0	-7.3438	3	-1	1	1	0	0	0
6	230.11	-0.46248	-7.6571	-0.46248	-7.6571	0	1	90	0	4.6562	1	9	3.6562	0	-7.3438	3	-1	1	1	0	0	0
6	246.69	-0.46248	-7.6571	-0.46248	-7.6571	0	1	90	0	4.6562	1	9	3.6562	0	-7.3438	3	-1	1	1	0	0	0
6	263.33	-0.42227	-7.6571	-0.42227	-7.6571	0	1	90	0	4.6562	1	9	3.6562	0	-7.3438	3	-1	1	1	0	0	0
6	279.9	-0.40216	-7.6571	-0.40216	-7.6571	0	1	90	0	4.6562	1	9	3.6562	0	-7.3438	3	-1	1	1	0	0	0
6	296.48	-0.32173	-7.6893	-0.32173	-7.6893	0	1	90	0	4.6562	1	9	3.6562	0	-7.3438	3	-1	1	1	0	0	0
6	313.06	-0.28151	-7.6893	-0.28151	-7.6893	0	1	90	0	4.6562	1	9	3.6562	0	-7.3438	3	-1	1	1	0	0	0
6	329.62	-0.22119	-7.6893	-0.22119	-7.6893	0	1	90	0	4.6562	1	9	3.6562	0	-7.3438	3	-1	1	1	0	0	0
6	346.22	-0.22119	-7.6893	-0.22119	-7.6893	0	1	90	0	4.6562	1	9	3.6562	0	-7.3438	3	-1	1	1	0	0	0
6	362.81	-0.18097	-7.6571	-0.18097	-7.6571	0	1	90	0	4.6562	1	9	3.6562	0	-7.3438	3	-1	1	1	0	0	0
6	379.42	-0.16086	-7.6249	-0.16086	-7.6249	0	1	90	0	4.6562	1	9	3.6562	0	-7.3438	3	-1	1	1	0	0	0
6	396.06	-0.16086	-7.3997	-0.16086	-7.3997	0	1	90	0	4.6562	1	9	3.6562	0	-7.3438	3	-1	1	1	0	0	0
6	412.64	-0.18097	-7.2067	-0.18097	-7.2067	0	1	90	0	4.6562	1	9	3.6562	0	-7.3438	3	-1	1	1	0	0	0
6	429.22	-0.2614	-6.5954	-0.2614	-6.5954	0	1	90	0	4.6562	1	9	3.6562	0	-7.3438	3	-1	1	1	0	0	0
6	445.81	-0.32173	-5.8876	-0.32173	-5.8876	0	1	90	0	4.6562	1	9	3.6562	0	-7.3438	3	-1	1	1	0	0	0
6	462.4	-0.32173	-5.1154	-0.32173	-5.1154	0	1	90	0	4.6562	1	9	3.6562	0	-7.3438	3	-1	1	1	0	0	0
6	479.02	-0.30162	-4.7615	-0.30162	-4.7615	0	2	90	0	4.6562	1	9	3.6562	0	-7.3438	3	-1	1	1	0	0	0
6	495.63	-0.28151	-3.9894	-0.28151	-3.9894	0	2	90	0	4.6562	1	9	3.6562	0	-7.3438	3	-1	1	1	0	0	0
6	512.18	-0.28151	-3.6033	-0.28151	-3.6033	0	2	90	0	4.6562	1	9	3.6562	0	-7.3438	3	-1	1	1	0	0	0
6	528.78	-0.28151	-2.8634	-0.28151	-2.8634	0	2	90	0	4.6562	1	9	3.6562	0	-7.3438	3	-1	1	1	0	0	0
6	545.32	-0.2614	-2.0912	-0.2614	-2.0912	0	2	90	0	4.6562	1	9	3.6562	0	-7.3438	3	-1	1	1	0	0	0
6	562.01	-0.24129	-1.7051	-0.24129	-1.7051	0	2	90	0	4.6562	1	9	3.6562	0	-7.3438	3	-1	1	1	0	1	0
6	578.54	-0.22119	-0.86866	-0.22119	-0.86866	0	2	90	0	4.6562	1	9	3.6562	0	-7.3438	3	-1	1	1	0	0	0
6	595.19	-0.16086	0	-0.16086	0	0	2	90	0	4.6562	1	9	3.6562	0	-7.3438	3	-1	1	1	0	0	0
6	611.74	-0.10054	0.45042	-0.10054	0.45042	0	2	90	0	4.6562	1	9	3.6562	0	-7.3438	3	-1	1	1	0	0	0
6	628.27	0.020108	1.2869	0.020108	1.2869	0	2	90	0	4.6562	1	9	3.6562	0	-7.3438	3	-1	1	1	0	0	0
6	644.9	0.18097	2.059	0.18097	2.059	0	2	90	0	4.6562	1	9	3.6562	0	-7.3438	3	-1	1	1	0	0	0
6	661.52	0.2614	2.3808	0.2614	2.3808	0	2	90	0	4.6562	1	9	3.6562	0	-7.3438	3	-1	1	1	0	0	0
6	678.15	0.36194	2.8634	0.36194	2.8634	0	2	90	0	4.6562	1	9	3.6562	0	-7.3438	3	-1	1	1	0	0	0
6	694.67	0.40216	3.0886	0.40216	3.0886	0	2	90	0	4.6562	1	9	3.6562	0	-7.3438	3	-1	1	0	0	0	0
6	711.35	0.42227	3.1529	0.42227	3.1529	0	2	90	0	4.6562	1	9	3.6562	0	-7.3438	3	-1	1	0	0	0	0
6	727.9	0.42227	3.1529	0.42227	3.1529	0	2	90	0	4.6562	1	9	3.6562	0	-7.3438	3	-1	1	0	0	0	0
6	744.47	0.42227	3.1529	0.42227	3.1529	0	2	90	0	4.6562	1	9	3.6562	0	-7.3438	3	-1	1	0	0	0	0
6	761.1	0.42227	3.1529	0.42227	3.1529	0	2	90	0	4.6562	1	9	3.6562	0	-7.3438	3	-1	1	0	0	0	0
6	777.66	0.42227	3.1529	0.42227	3.1529	0	2	90	0	4.6562	1	9	3.6562	0	-7.3438	3	-1	1	0	0	0	0
6	794.22	0.42227	3.1851	0.42227	3.1851	0	2	90	0	4.6562	1	9	3.6562	0	-7.3438	3	-1	1	0	0	0	0
6	810.84	0.42227	3.1851	0.42227	3.1851	0	2	90	0	4.6562	1	9	3.6562	0	-7.3438	3	-1	1	0	0	0	0
6	827.5	0.42227	3.1851	0.42227	3.1851	0	2	90	0	4.6562	1	9	3.6562	0	-7.3438	3	-1	1	0	0	0	0
6	844.09	0.42227	3.1851	0.42227	3.1851	0	3	90	0	4.6562	1	9	3.6562	0	-7.3438	3	-1	1	0	0	0	0
7	31.111	-0.28151	-7.6893	-0.28151	-7.6893	0	1	105	-3.1058	4.2473	1	5.8942	3.2474	0	-7.3438	3	-1	1	0	0	0	0
7	47.705	-0.28151	-7.6893	-0.28151	-7.6893	0	1	105	-3.1058	4.2473	1	5.8942	3.2474	0	-7.3438	3	-1	1	0	0	0	0
7	64.25	-0.28151	-7.6893	-0.28151	-7.6893	0	1	105	-3.1058	4.2473	1	5.8942	3.2474	0	-7.3438	3	-1	1	0	0	0	0
7	80.889	-0.28151	-7.6893	-0.28151	-7.6893	0	1	105	-3.1058	4.2473	1	5.8942	3.2474	0	-7.3438	3	-1	1	0	0	0	0
7	97.442	-0.2614	-7.6893	-0.2614	-7.6893	0	1	105	-3.1058	4.2473	1	5.8942	3.2474	0	-7.3438	3	-1	1	0	0	0	0
7	114.09	-0.2614	-7.6893	-0.2614	-7.6893	0	1	105	-3.1058	4.2473	1	5.8942	3.2474	0	-7.3438	3	-1	1	0	0	0	0
7	130.63	-0.28151	-7.6893	-0.28151	-7.6893	0	1	105	-3.1058	4.2473	1	5.8942	3.2474	0	-7.3438	3	-1	1	0	0	0	0
7	147.22	-0.28151	-7.6893	-0.28151	-7.6893	0	1	105	-3.1058	4.2473	1	5.8942	3.2474	0	-7.3438	3	-1	1	0	0	0	0
7	163.84	-0.28151	-7.6893	-0.28151	-7.6893	0	1	105	-3.1058	4.2473	1	5.8942	3.2474	0	-7.3438	3	-1	1	0	0	0	0
7	180.44	-0.28151	-7.6893	-0.28151	-7.6893	0	1	105	-3.1058	4.2473	1	5.8942	3.2474	0	-7.3438	3	-1	1	0	0	0	0
7	197.04	-0.28151	-7.6893	-0.28151	-7.6893	0	1	105	-3.1058	4.2473	1	5.8942	3.2474	0	-7.3438	3	-1	1	0	0	0	0
7	213.63	-0.28151	-7.6893	-0.28151	-7.6893	0	1	105	-3.1058	4.2473	1	5.8942	3.2474	0	-7.3438	3	-1	1	0	0	0	0
7	230.25	-0.28151	-7.6893	-0.28151	-7.6893	0	1	105	-3.1058	4.2473	1	5.8942	3.2474	0	-7.3438	3	-1	1	0	0	0	0
7	246.83	-0.28151	-7.7214	-0.28151	-7.7214	0	1	105	-3.1058	4.2473	1	5.8942	3.2474	0	-7.3438	3	-1	1	0	0	0	0
7	263.43	-0.28151	-7.7214	-0.28151	-7.7214	0	1	105	-3.1058	4.2473	1	5.8942	3.2474	0	-7.3438	3	-1	1	0	0	0	0
7	279.92	-0.28151	-7.7214	-0.28151	-7.7214	0	1	105	-3.1058	4.2473	1	5.8942	3.2474	0	-7.3438	3	-1	1	0	0	0	0
7	296.57	-0.28151	-7.7214	-0.28151	-7.7214	0	1	105	-3.1058	4.2473	1	5.8942	3.2474	0	-7.3438	3	-1	1	0	0	0	0
7	313.18	-0.28151	-7.6893	-0.28151	-7.6893	0	1	105	-3.1058	4.2473	1	5.8942	3.2474	0	-7.3438	3	-1	1	0	0	0	0
7	329.75	-0.2614	-7.6893	-0.2614	-7.6893	0	1	105	-3.1058	4.2473	1	5.8942	3.2474	0	-7.3438	3	-1	1	0	0	0	0
7	346.31	-0.2614	-7.6893	-0.2614	-7.6893	0	1	105	-3.1058	4.2473	1	5.8942	3.2474	0	-7.3438	3	-1	1	0	0	0	0
7	362.98	-0.2614	-7.6893	-0.2614	-7.6893	0	1	105	-3.1058	4.2473	1	5.8942	3.2474	0	-7.3438	3	-1	1	0	0	0	0
7	379.59	-0.2614	-7.6893	-0.2614	-7.6893	0	1	105	-3.1058	4.2473	1	5.8942	3.2474	0	-7.3438	3	-1	1	1	0	0	0
7	396.15	-0.2614	-7.6571	-0.2614	-7.6571	0	1	105	-3.1058	4.2473	1	5.8942	3.2474	0	-7.3438	3	-1	1	1	0	0	0
7	412.79	-0.30162	-7.4962	-0.30162	-7.4962	0	1	105	-3.1058	4.2473	1	5.8942	3.2474	0	-7.3438	3	-1	1	1	0	0	0
7	429.35	-0.42227	-7.1423	-0.42227	-7.1423	0	1	105	-3.1058	4.2473	1	5.8942	3.2474	0	-7.3438	3	-1	1	1	0	0	0
7	445.99	-0.5027	-6.8849	-0.5027	-6.8849	0	1	105	-3.1058	4.2473	1	5.8942	3.2474	0	-7.3438	3	-1	1	1	0	0	0
7	462.6	-0.68367	-6.3058	-0.68367	-6.3058	0	1	105	-3.1058	4.2473	1	5.8942	3.2474	0	-7.3438	3	-1	1	1	0	0	0
7	479.17	-0.7641	-5.9841	-0.7641	-5.9841	0	1	105	-3.1058	4.2473	1	5.8942	3.2474	0	-7.3438	3	-1	1	1	0	0	0
7	495.71	-0.92496	-5.3085	-0.92496	-5.3085	0	1	105	-3.1058	4.2473	1	5.8942	3.2474	0	-7.3438	3	-1	1	1	0	0	0
7	512.3	-1.1059	-4.6329	-1.1059	-4.6329	0	2	105	-3.1058	4.2473	1	5.8942	3.2474	0	-7.3438	3	-1	1	1	0	0	0
7	528.93	-1.307	-3.9251	-1.307	-3.9251	0	2	105	-3.1058	4.2473	1	5.8942	3.2474	0	-7.3438	3	-1	1	1	0	1	0
7	545.51	-1.4076	-3.6033	-1.4076	-3.6033	0	2	105	-3.1058	4.2473	1	5.8942	3.2474	0	-7.3438	3	-1	1	1	0	0	0
7	562.1	-1.6086	-2.8955	-1.6086	-2.8955	0	2	105	-3.1058	4.2473	1	5.8942	3.2474	0	-7.3438	3	-1	1	1	0	0	0
7	578.71	-1.7293	-2.5416	-1.7293	-2.5416	0	2	105	-3.1058	4.2473	1	5.8942	3.2474	0	-7.3438	3	-1	1	1	0	0	0
7	595.32	-1.8901	-1.8017	-1.8901	-1.8017	0	2	105	-3.1058	4.2473	1	5.8942	3.2474	0	-7.3438	3	-1	1	1	0	0	0
7	611.88	-1.9706	-1.4478	-1.9706	-1.4478	0	2	105	-3.1058	4.2473	1	5.8942	3.2474	0	-7.3438	3	-1	1	1	0	0	0
7	628.42	-2.0711	-0.80432	-2.0711	-0.80432	0	2	105	-3.1058	4.2473	1	5.8942	3.2474	0	-7.3438	3	-1	1	1	0	0	0
7	645.07	-2.1717	-0.22521	-2.1717	-0.22521	0	2	105	-3.1058	4.2473	1	5.8942	3.2474	0	-7.3438	3	-1	1	1	0	0	0
7	661.67	-2.232	0.25738	-2.232	0.25738	0	2	105	-3.1058	4.2473	1	5.8942	3.2474	0	-7.3438	3	-1	1	1	0	0	0
7	678.29	-2.2521	0.48259	-2.2521	0.48259	0	2	105	-3.1058	4.2473	1	5.8942	3.2474	0	-7.3438	3	-1	1	1	0	0	0
7	694.85	-2.3124	0.83649	-2.3124	0.83649	0	2	105	-3.1058	4.2473	1	5.8942	3.2474	0	-7.3438	3	-1	1	1	0	0	0
7	711.47	-2.3526	0.96518	-2.3526	0.96518	0	2	105	-3.1058	4.2473	1	5.8942	3.2474	0	-7.3438	3	-1	1	1	0	0	0
7	728.01	-2.4331	1.1904	-2.4331	1.1904	0	2	105	-3.1058	4.2473	1	5.8942	3.2474	0	-7.3438	3	-1	1	1	0	0	0
7	744.63	-2.5336	1.3834	-2.5336	1.3834	0	2	105	-3.1058	4.2473	1	5.8942	3.2474	0	-7.3438	3	-1	1	1	0	0	0
7	761.23	-2.5939	1.5121	-2.5939	1.5121	0	2	105	-3.1058	4.2473	1	5.8942	3.2474	0	-7.3438	3	-1	1	0	0	0	0
7	777.84	-2.6341	1.5443	-2.6341	1.5443	0	2	105	-3.1058	4.2473	1	5.8942	3.2474	0	-7.3438	3	-1	1	0	0	0	0
7	794.46	-2.6542	1.5765	-2.6542	1.5765	0	2	105	-3.1058	4.2473	1	5.8942	3.2474	0	-7.3438	3	-1	1	0	0	0	0
7	811.03	-2.6743	1.6086	-2.6743	1.6086	0	2	105	-3.1058	4.2473	1	5.8942	3.2474	0	-7.3438	3	-1	1	0	0	0	0
7	827.61	-2.6743	1.6086	-2.6743	1.6086	0	2	105	-3.1058	4.2473	1	5.8942	3.2474	0	-7.3438	3	-1	1	0	0	0	0
7	844.16	-2.6743	1.6086	-2.6743	1.6086	0	2	105	-3.1058	4.2473	1	5.8942	3.2474	0	-7.3438	3	-1	1	0	0	0	0
7	860.77	-2.6743	1.6086	-2.6743	1.6086	0	3	105	-3.1058	4.2473	1	5.8942	3.2474	0	-7.3438	3	-1	1	0	0	0	0
8	31.187	0.54291	-7.4962	0.54291	-7.4962	0	1	75	3.1058	4.2473	1	12.106	3.2474	0	-7.3438	3	-1	1	0	0	0	0
8	47.734	0.52281	-7.5606	0.52281	-7.5606	0	1	75	3.1058	4.2473	1	12.106	3.2474	0	-7.3438	3	-1	1	0	0	0	0
8	64.349	0.52281	-7.5606	0.52281	-7.5606	0	1	75	3.1058	4.2473	1	12.106	3.2474	0	-7.3438	3	-1	1	0	0	0	0
8	80.934	0.52281	-7.5606	0.52281	-7.5606	0	1	75	3.1058	4.2473	1	12.106	3.2474	0	-7.3438	3	-1	1	0	0	0	0
8	97.478	0.5027	-7.5927	0.5027	-7.5927	0	1	75	3.1058	4.2473	1	12.106	3.2474	0	-7.3438	3	-1	1	0	0	0	0
8	114.12	0.5027	-7.5927	0.5027	-7.5927	0	1	75	3.1058	4.2473	1	12.106	3.2474	0	-7.3438	3	-1	1	0	0	0	0
8	130.74	0.5027	-7.5927	0.5027	-7.5927	0	1	75	3.1058	4.2473	1	12.106	3.2474	0	-7.3438	3	-1	1	0	0	0	0
8	147.28	0.48259	-7.5927	0.48259	-7.5927	0	1	75	3.1058	4.2473	1	12.106	3.2474	0	-7.3438	3	-1	1	0	0	0	0
8	163.92	0.48259	-7.5927	0.48259	-7.5927	0	1	75	3.1058	4.2473	1	12.106	3.2474	0	-7.3438	3	-1	1	0	0	0	0
8	180.5	0.48259	-7.5927	0.48259	-7.5927	0	1	75	3.1058	4.2473	1	12.106	3.2474	0	-7.3438	3	-1	1	0	0	0	0
8	197.09	0.46248	-7.5927	0.46248	-7.5927	0	1	75	3.1058	4.2473	1	12.106	3.2474	0	-7.3438	3	-1	1	0	0	0	0
8	213.65	0.46248	-7.5927	0.46248	-7.5927	0	1	75	3.1058	4.2473	1	12.106	3.2474	0	-7.3438	3	-1	1	0	0	0	0
8	230.3	0.42227	-7.6249	0.42227	-7.6249	0	1	75	3.1058	4.2473	1	12.106	3.2474	0	-7.3438	3	-1	1	0	0	0	0
8	246.84	0.40216	-7.6249	0.40216	-7.6249	0	1	75	3.1058	4.2473	1	12.106	3.2474	0	-7.3438	3	-1	1	0	0	0	0
8	263.5	0.38205	-7.6249	0.38205	-7.6249	0	1	75	3.1058	4.2473	1	12.106	3.2474	0	-7.3438	3	-1	1	1	0	0	0
8	280.09	0.32173	-7.6249	0.32173	-7.6249	0	1	75	3.1058	4.2473	1	12.106	3.2474	0	-7.3438	3	-1	1	1	0	0	0
8	296.67	0.20108	-7.6571	0.20108	-7.6571	0	1	75	3.1058	4.2473	1	12.106	3.2474	0	-7.3438	3	-1	1	1	0	0	0
8	313.2	0.14076	-7.6571	0.14076	-7.6571	0	1	75	3.1058	4.2473	1	12.106	3.2474	0	-7.3438	3	-1	1	1	0	0	0
8	329.8	0.080432	-7.6893	0.080432	-7.6893	0	1	75	3.1058	4.2473	1	12.106	3.2474	0	-7.3438	3	-1	1	1	0	0	0
8	346.42	0.080432	-7.6893	0.080432	-7.6893	0	1	75	3.1058	4.2473	1	12.106	3.2474	0	-7.3438	3	-1	1	1	0	0	0
8	363.05	0.080432	-7.6893	0.080432	-7.6893	0	1	75	3.1058	4.2473	1	12.106	3.2474	0	-7.3438	3	-1	1	1	0	0	0
8	379.64	0.080432	-7.6893	0.080432	-7.6893	0	1	75	3.1058	4.2473	1	12.106	3.2474	0	-7.3438	3	-1	1	1	0	0	0
8	396.21	0.12065	-7.6571	0.12065	-7.6571	0	1	75	3.1058	4.2473	1	12.106	3.2474	0	-7.3438	3	-1	1	1	0	0	0
8	412.83	0.16086	-7.6249	0.16086	-7.6249	0	1	75	3.1058	4.2473	1	12.106	3.2474	0	-7.3438	3	-1	1	1	0	0	0
8	429.35	0.28151	-7.5284	0.28151	-7.5284	0	1	75	3.1058	4.2473	1	12.106	3.2474	0	-7.3438	3	-1	1	1	0	0	0
8	446	0.34183	-7.464	0.34183	-7.464	0	1	75	3.1058	4.2473	1	12.106	3.2474	0	-7.3438	3	-1	1	1	0	0	0
8	462.57	0.48259	-7.2067	0.48259	-7.2067	0	1	75	3.1058	4.2473	1	12.106	3.2474	0	-7.3438	3	-1	1	1	0	0	0
8	479.19	0.62334	-6.7241	0.62334	-6.7241	0	1	75	3.1058	4.2473	1	12.106	3.2474	0	-7.3438	3	-1	1	1	0	0	0
8	495.79	0.7641	-6.0163	0.7641	-6.0163	0	1	75	3.1058	4.2473	1	12.106	3.2474	0	-7.3438	3	-1	1	1	0	0	0
8	512.36	0.84453	-5.598	0.84453	-5.598	0	1	75	3.1058	4.2473	1	12.106	3.2474	0	-7.3438	3	-1	1	1	0	0	0
8	528.98	1.0858	-4.665	1.0858	-4.665	0	1	75	3.1058	4.2473	1	12.106	3.2474	0	-7.3438	3	-1	1	1	0	0	0
8	545.54	1.2266	-4.2146	1.2266	-4.2146	0	2	75	3.1058	4.2473	1	12.106	3.2474	0	-7.3438	3	-1	1	1	0	1	0
8	562.12	1.5483	-3.346	1.5483	-3.346	0	2	75	3.1058	4.2473	1	12.106	3.2474	0	-7.3438	3	-1	1	1	0	0	0
8	578.77	1.8901	-2.606	1.8901	-2.606	0	2	75	3.1058	4.2473	1	12.106	3.2474	0	-7.3438	3	-1	1	1	0	0	0
8	595.34	2.1918	-1.9947	2.1918	-1.9947	0	2	75	3.1058	4.2473	1	12.106	3.2474	0	-7.3438	3	-1	1	1	0	0	0
8	612.02	2.3325	-1.673	2.3325	-1.673	0	2	75	3.1058	4.2473	1	12.106	3.2474	0	-7.3438	3	-1	1	1	0	0	0
8	628.49	2.5336	-1.0617	2.5336	-1.0617	0	2	75	3.1058	4.2473	1	12.106	3.2474	0	-7.3438	3	-1	1	1	0	0	0
8	645.12	2.6341	-0.73997	2.6341	-0.73997	0	2	75	3.1058	4.2473	1	12.106	3.2474	0	-7.3438	3	-1	1	1	0	0	0
8	661.72	2.795	-0.12869	2.795	-0.12869	0	2	75	3.1058	4.2473	1	12.106	3.2474	0	-7.3438	3	-1	1	1	0	0	0
8	678.3	2.8955	0.3539	2.8955	0.3539	0	2	75	3.1058	4.2473	1	12.106	3.2474	0	-7.3438	3	-1	1	1	0	0	0
8	694.95	2.9961	0.7078	2.9961	0.7078	0	2	75	3.1058	4.2473	1	12.106	3.2474	0	-7.3438	3	-1	1	1	0	0	0
8	711.51	3.0564	0.86866	3.0564	0.86866	0	2	75	3.1058	4.2473	1	12.106	3.2474	0	-7.3438	3	-1	1	1	0	0	0
8	728.13	3.2173	1.1904	3.2173	1.1904	0	2	75	3.1058	4.2473	1	12.106	3.2474	0	-7.3438	3	-1	1	1	0	0	0
8	744.67	3.2977	1.3513	3.2977	1.3512	0	2	75	3.1058	4.2473	1	12.106	3.2474	0	-7.3438	3	-1	1	1	0	0	0
8	761.29	3.4183	1.5765	3.4183	1.5765	0	2	75	3.1058	4.2473	1	12.106	3.2474	0	-7.3438	3	-1	1	1	0	0	0
8	777.85	3.4988	1.7373	3.4988	1.7373	0	2	75	3.1058	4.2473	1	12.106	3.2474	0	-7.3438	3	-1	1	0	0	0	0
8	794.44	3.5189	1.7695	3.5189	1.7695	0	2	75	3.1058	4.2473	1	12.106	3.2474	0	-7.3438	3	-1	1	0	0	0	0
8	811.1	3.5189	1.8017	3.5189	1.8017	0	2	75	3.1058	4.2473	1	12.106	3.2474	0	-7.3438	3	-1	1	0	0	0	0
8	827.7	3.5189	1.8017	3.5189	1.8017	0	2	75	3.1058	4.2473	1	12.106	3.2474	0	-7.3438	3	-1	1	0	0	0	0
8	844.25	3.5189	1.8017	3.5189	1.8017	0	2	75	3.1058	4.2473	1	12.106	3.2474	0	-7.3438	3	-1	1	0	0	0	0
8	860.85	3.5189	1.8017	3.5189	1.8017	0	2	75	3.1058	4.2473	1	12.106	3.2474	0	-7.3438	3	-1	1	0	0	0	0
8	877.39	3.5189	1.8017	3.5189	1.8017	0	2	75	3.1058	4.2473	1	12.106	3.2474	0	-7.3438	3	-1	1	0	0	0	0
8	894.04	3.5189	1.8017	3.5189	1.8017	0	3	75	3.1058	4.2473	1	12.106	3.2474	0	-7.3438	3	-1	1	0	0	0	0
9	31.028	-0.14076	-7.6571	-0.14076	-7.6571	0	1	75	3.1058	4.2473	1	12.106	3.2474	0	-7.3438	3	-1	1	0	0	0	0
9	47.671	-0.14076	-7.6893	-0.14076	-7.6893	0	1	75	3.1058	4.2473	1	12.106	3.2474	0	-7.3438	3	-1	1	0	0	0	0
9	64.274	-0.14076	-7.6893	-0.14076	-7.6893	0	1	75	3.1058	4.2473	1	12.106	3.2474	0	-7.3438	3	-1	1	0	0	0	0
9	80.831	-0.14076	-7.6893	-0.14076	-7.6893	0	1	75	3.1058	4.2473	1	12.106	3.2474	0	-7.3438	3	-1	1	0	0	0	0
9	97.36	-0.14076	-7.6893	-0.14076	-7.6893	0	1	75	3.1058	4.2473	1	12.106	3.2474	0	-7.3438	3	-1	1	0	0	0	0
9	114.04	-0.14076	-7.6893	-0.14076	-7.6893	0	1	75	3.1058	4.2473	1	12.106	3.2474	0	-7.3438	3	-1	1	0	0	0	0
9	130.61	-0.14076	-7.6893	-0.14076	-7.6893	0	1	75	3.1058	4.2473	1	12.106	3.2474	0	-7.3438	3	-1	1	0	0	0	0
9	147.18	-0.14076	-7.6893	-0.14076	-7.6893	0	1	75	3.1058	4.2473	1	12.106	3.2474	0	-7.3438	3	-1	1	0	0	0	0
9	163.81	-0.14076	-7.6893	-0.14076	-7.6893	0	1	75	3.1058	4.2473	1	12.106	3.2474	0	-7.3438	3	-1	1	0	0	0	0
9	180.43	-0.14076	-7.6893	-0.14076	-7.6893	0	1	75	3.1058	4.2473	1	12.106	3.2474	0	-7.3438	3	-1	1	0	0	0	0
9	197.02	-0.14076	-7.6893	-0.14076	-7.6893	0	1	75	3.1058	4.2473	1	12.106	3.2474	0	-7.3438	3	-1	1	0	0	0	0
9	213.56	-0.14076	-7.6893	-0.14076	-7.6893	0	1	75	3.1058	4.2473	1	12.106	3.2474	0	-7.3438	3	-1	1	0	0	0	0
9	230.15	-0.14076	-7.6893	-0.14076	-7.6893	0	1	75	3.1058	4.2473	1	12.106	3.2474	0	-7.3438	3	-1	1	0	0	0	0
9	246.78	-0.14076	-7.6893	-0.14076	-7.6893	0	1	75	3.1058	4.2473	1	12.106	3.2474	0	-7.3438	3	-1	1	0	0	0	0
9	263.36	-0.12065	-7.6893	-0.12065	-7.6893	0	1	75	3.1058	4.2473	1	12.106	3.2474	0	-7.3438	3	-1	1	0	0	0	0
9	280	-0.080432	-7.6571	-0.080432	-7.6571	0	1	75	3.1058	4.2473	1	12.106	3.2474	0	-7.3438	3	-1	1	1	0	0	0
9	296.55	-0.020108	-7.6571	-0.020108	-7.6571	0	1	75	3.1058	4.2473	1	12.106	3.2474	0	-7.3438	3	-1	1	1	0	0	0
9	313.07	0.10054	-7.6249	0.10054	-7.6249	0	1	75	3.1058	4.2473	1	12.106	3.2474	0	-7.3438	3	-1	1	1	0	0	0
9	329.74	0.20108	-7.464	0.20108	-7.464	0	1	75	3.1058	4.2473	1	12.106	3.2474	0	-7.3438	3	-1	1	1	0	0	0
9	346.33	0.22119	-7.3354	0.22119	-7.3354	0	1	75	3.1058	4.2473	1	12.106	3.2474	0	-7.3438	3	-1	1	1	0	0	0
9	362.94	0.24129	-6.8528	0.24129	-6.8528	0	1	75	3.1058	4.2473	1	12.106	3.2474	0	-7.3438	3	-1	1	1	0	0	0
9	379.56	0.2614	-6.1128	0.2614	-6.1128	0	1	75	3.1058	4.2473	1	12.106	3.2474	0	-7.3438	3	-1	1	1	0	0	0
9	396.13	0.28151	-5.6624	0.28151	-5.6624	0	1	75	3.1058	4.2473	1	12.106	3.2474	0	-7.3438	3	-1	1	1	0	0	0
9	412.72	0.40216	-4.7294	0.40216	-4.7294	0	1	75	3.1058	4.2473	1	12.106	3.2474	0	-7.3438	3	-1	1	1	0	0	0
9	429.27	0.48259	-4.3111	0.48259	-4.3111	0	2	75	3.1058	4.2473	1	12.106	3.2474	0	-7.3438	3	-1	1	1	0	1	0
9	445.91	0.68367	-3.539	0.68367	-3.539	0	2	75	3.1058	4.2473	1	12.106	3.2474	0	-7.3438	3	-1	1	1	0	0	0
9	462.49	0.90485	-2.8955	0.90485	-2.8955	0	2	75	3.1058	4.2473	1	12.106	3.2474	0	-7.3438	3	-1	1	1	0	0	0
9	479.11	1.1461	-2.3164	1.1461	-2.3164	0	2	75	3.1058	4.2473	1	12.106	3.2474	0	-7.3438	3	-1	1	1	0	0	0
9	495.69	1.2467	-2.0269	1.2467	-2.0269	0	2	75	3.1058	4.2473	1	12.106	3.2474	0	-7.3438	3	-1	1	1	0	0	0
9	512.32	1.4679	-1.4799	1.4679	-1.4799	0	2	75	3.1058	4.2473	1	12.106	3.2474	0	-7.3438	3	-1	1	1	0	0	0
9	528.9	1.5483	-1.1904	1.5483	-1.1904	0	2	75	3.1058	4.2473	1	12.106	3.2474	0	-7.3438	3	-1	1	1	0	0	0
9	545.47	1.7092	-0.64345	1.7092	-0.64345	0	2	75	3.1058	4.2473	1	12.106	3.2474	0	-7.3438	3	-1	1	1	0	0	0
9	562.04	1.8499	-0.12869	1.8499	-0.12869	0	2	75	3.1058	4.2473	1	12.106	3.2474	0	-7.3438	3	-1	1	1	0	0	0
9	578.62	1.9102	0.12869	1.9102	0.12869	0	2	75	3.1058	4.2473	1	12.106	3.2474	0	-7.3438	3	-1	1	1	0	0	0
9	595.24	2.051	0.51476	2.051	0.51476	0	2	75	3.1058	4.2473	1	12.106	3.2474	0	-7.3438	3	-1	1	1	0	0	0
9	611.88	2.232	0.86866	2.232	0.86866	0	2	75	3.1058	4.2473	1	12.106	3.2474	0	-7.3438	3	-1	1	1	0	0	0
9	628.45	2.3325	0.99735	2.3325	0.99735	0	2	75	3.1058	4.2473	1	12.106	3.2474	0	-7.3438	3	-1	1	1	0	0	0
9	645	2.4934	1.2547	2.4934	1.2547	0	2	75	3.1058	4.2473	1	12.106	3.2474	0	-7.3438	3	-1	1	1	0	0	0
9	661.65	2.5939	1.4156	2.5939	1.4156	0	2	75	3.1058	4.2473	1	12.106	3.2474	0	-7.3438	3	-1	1	0	0	0	0
9	678.22	2.6341	1.4478	2.6341	1.4478	0	2	75	3.1058	4.2473	1	12.106	3.2474	0	-7.3438	3	-1	1	0	0	0	0
9	694.82	2.6542	1.4799	2.6542	1.4799	0	2	75	3.1058	4.2473	1	12.106	3.2474	0	-7.3438	3	-1	1	0	0	0	0
9	711.4	2.6542	1.4799	2.6542	1.4799	0	2	75	3.1058	4.2473	1	12.106	3.2474	0	-7.3438	3	-1	1	0	0	0	0
9	728.01	2.6542	1.4799	2.6542	1.4799	0	2	75	3.1058	4.2473	1	12.106	3.2474	0	-7.3438	3	-1	1	0	0	0	0
9	744.6	2.6542	1.4799	2.6542	1.4799	0	2	75	3.1058	4.2473	1	12.106	3.2474	0	-7.3438	3	-1	1	0	0	0	0
9	761.21	2.6542	1.4799	2.6542	1.4799	0	2	75	3.1058	4.2473	1	12.106	3.2474	0	-7.3438	3	-1	1	0	0	0	0
9	777.78	2.6542	1.4799	2.6542	1.4799	0	3	75	3.1058	4.2473	1	12.106	3.2474	0	-7.3438	3	-1	1	0	0	0	0
10	31.169	-0.52281	-7.5927	-0.52281	-7.5927	0	1	105	-3.1058	4.2473	1	5.8942	3.2474	0	-7.3438	3	-1	1	0	0	0	0
10	47.822	-0.5027	-7.5927	-0.5027	-7.5927	0	1	105	-3.1058	4.2473	1	5.8942	3.2474	0	-7.3438	3	-1	1	0	0	0	0
10	64.372	-0.48259	-7.6249	-0.48259	-7.6249	0	1	105	-3.1058	4.2473	1	5.8942	3.2474	0	-7.3438	3	-1	1	0	0	0	0
10	81.018	-0.48259	-7.6249	-0.48259	-7.6249	0	1	105	-3.1058	4.2473	1	5.8942	3.2474	0	-7.3438	3	-1	1	0	0	0	0
10	97.572	-0.46248	-7.6249	-0.46248	-7.6249	0	1	105	-3.1058	4.2473	1	5.8942	3.2474	0	-7.3438	3	-1	1	0	0	0	0
10	114.13	-0.46248	-7.6249	-0.46248	-7.6249	0	1	105	-3.1058	4.2473	1	5.8942	3.2474	0	-7.3438	3	-1	1	0	0	0	0
10	130.75	-0.46248	-7.6249	-0.46248	-7.6249	0	1	105	-3.1058	4.2473	1	5.8942	3.2474	0	-7.3438	3	-1	1	0	0	0	0
10	147.3	-0.46248	-7.6249	-0.46248	-7.6249	0	1	105	-3.1058	4.2473	1	5.8942	3.2474	0	-7.3438	3	-1	1	1	0	0	0
10	163.92	-0.46248	-7.6571	-0.46248	-7.6571	0	1	105	-3.1058	4.2473	1	5.8942	3.2474	0	-7.3438	3	-1	1	1	0	0	0
10	180.53	-0.46248	-7.6571	-0.46248	-7.6571	0	1	105	-3.1058	4.2473	1	5.8942	3.2474	0	-7.3438	3	-1	1	1	0	0	0
10	197.11	-0.46248	-7.6571	-0.46248	-7.6571	0	1	105	-3.1058	4.2473	1	5.8942	3.2474	0	-7.3438	3	-1	1	1	0	0	0
10	213.8	-0.46248	-7.6571	-0.46248	-7.6571	0	1	105	-3.1058	4.2473	1	5.8942	3.2474	0	-7.3438	3	-1	1	1	0	0	0
10	230.27	-0.46248	-7.6571	-0.46248	-7.6571	0	1	105	-3.1058	4.2473	1	5.8942	3.2474	0	-7.3438	3	-1	1	1	0	0	0
10	246.88	-0.46248	-7.6571	-0.46248	-7.6571	0	1	105	-3.1058	4.2473	1	5.8942	3.2474	0	-7.3438	3	-1	1	1	0	0	0
10	263.51	-0.46248	-7.6571	-0.46248	-7.6571	0	1	105	-3.1058	4.2473	1	5.8942	3.2474	0	-7.3438	3	-1	1	1	0	0	0
10	280.12	-0.46248	-7.6571	-0.46248	-7.6571	0	1	105	-3.1058	4.2473	1	5.8942	3.2474	0	-7.3438	3	-1	1	1	0	0	0
10	296.87	-0.46248	-7.6571	-0.46248	-7.6571	0	1	105	-3.1058	4.2473	1	5.8942	3.2474	0	-7.3438	3	-1	1	1	0	0	0
10	313.3	-0.46248	-7.6571	-0.46248	-7.6571	0	1	105	-3.1058	4.2473	1	5.8942	3.2474	0	-7.3438	3	-1	1	1	0	0	0
10	329.9	-0.46248	-7.6571	-0.46248	-7.6571	0	1	105	-3.1058	4.2473	1	5.8942	3.2474	0	-7.3438	3	-1	1	1	0	0	0
10	346.46	-0.46248	-7.6571	-0.46248	-7.6571	0	1	105	-3.1058	4.2473	1	5.8942	3.2474	0	-7.3438	3	-1	1	1	0	0	0
10	363.01	-0.44237	-7.6249	-0.44237	-7.6249	0	1	105	-3.1058	4.2473	1	5.8942	3.2474	0	-7.3438	3	-1	1	1	0	0	0
10	379.64	-0.46248	-7.6249	-0.46248	-7.6249	0	1	105	-3.1058	4.2473	1	5.8942	3.2474	0	-7.3438	3	-1	1	1	0	0	0
10	396.25	-0.54291	-7.4319	-0.54291	-7.4319	0	1	105	-3.1058	4.2473	1	5.8942	3.2474	0	-7.3438	3	-1	1	1	0	0	0
10	412.88	-0.7641	-6.9815	-0.7641	-6.9815	0	1	105	-3.1058	4.2473	1	5.8942	3.2474	0	-7.3438	3	-1	1	1	0	0	0
10	429.44	-1.0456	-6.2737	-1.0456	-6.2737	0	1	105	-3.1058	4.2473	1	5.8942	3.2474	0	-7.3438	3	-1	1	1	0	0	0
10	445.99	-1.2065	-5.8554	-1.2065	-5.8554	0	1	105	-3.1058	4.2473	1	5.8942	3.2474	0	-7.3438	3	-1	1	1	0	0	0
10	462.64	-1.5282	-4.9224	-1.5282	-4.9224	0	1	105	-3.1058	4.2473	1	5.8942	3.2474	0	-7.3438	3	-1	1	1	0	0	0
10	479.23	-1.6891	-4.4398	-1.6891	-4.4398	0	2	105	-3.1058	4.2473	1	5.8942	3.2474	0	-7.3438	3	-1	1	1	0	1	0
10	495.79	-2.0108	-3.4746	-2.0108	-3.4746	0	2	105	-3.1058	4.2473	1	5.8942	3.2474	0	-7.3438	3	-1	1	1	0	0	0
10	512.41	-2.2923	-2.5095	-2.2923	-2.5095	0	2	105	-3.1058	4.2473	1	5.8942	3.2474	0	-7.3438	3	-1	1	1	0	0	0
10	529.02	-2.5336	-1.6086	-2.5336	-1.6086	0	2	105	-3.1058	4.2473	1	5.8942	3.2474	0	-7.3438	3	-1	1	1	0	0	0
10	545.6	-2.6341	-1.1904	-2.6341	-1.1904	0	2	105	-3.1058	4.2473	1	5.8942	3.2474	0	-7.3438	3	-1	1	1	0	0	0
10	562.22	-2.795	-0.48259	-2.795	-0.48259	0	2	105	-3.1058	4.2473	1	5.8942	3.2474	0	-7.3438	3	-1	1	1	0	0	0
10	578.79	-2.8754	-0.19304	-2.8754	-0.19304	0	2	105	-3.1058	4.2473	1	5.8942	3.2474	0	-7.3438	3	-1	1	1	0	0	0
10	595.38	-2.9559	0.25738	-2.9559	0.25738	0	2	105	-3.1058	4.2473	1	5.8942	3.2474	0	-7.3438	3	-1	1	1	0	0	0
10	611.97	-3.0162	0.51476	-3.0162	0.51476	0	2	105	-3.1058	4.2473	1	5.8942	3.2474	0	-7.3438	3	-1	1	1	0	0	0
10	628.54	-3.0162	0.61128	-3.0162	0.61128	0	2	105	-3.1058	4.2473	1	5.8942	3.2474	0	-7.3438	3	-1	1	1	0	0	0
10	645.16	-3.0162	0.64345	-3.0162	0.64345	0	2	105	-3.1058	4.2473	1	5.8942	3.2474	0	-7.3438	3	-1	1	1	0	0	0
10	661.79	-2.9961	0.67563	-2.9961	0.67562	0	2	105	-3.1058	4.2473	1	5.8942	3.2474	0	-7.3438	3	-1	1	0	0	0	0
10	678.35	-2.976	0.7078	-2.976	0.7078	0	2	105	-3.1058	4.2473	1	5.8942	3.2474	0	-7.3438	3	-1	1	0	0	0	0
10	694.94	-2.976	0.73997	-2.976	0.73997	0	2	105	-3.1058	4.2473	1	5.8942	3.2474	0	-7.3438	3	-1	1	0	0	0	0
10	711.5	-2.976	0.77214	-2.976	0.77214	0	2	105	-3.1058	4.2473	1	5.8942	3.2474	0	-7.3438	3	-1	1	0	0	0	0
10	728.14	-2.9559	0.80432	-2.9559	0.80432	0	2	105	-3.1058	4.2473	1	5.8942	3.2474	0	-7.3438	3	-1	1	0	0	0	0
10	744.72	-2.9559	0.80432	-2.9559	0.80432	0	2	105	-3.1058	4.2473	1	5.8942	3.2474	0	-7.3438	3	-1	1	0	0	0	0
10	761.36	-2.9559	0.80432	-2.9559	0.80432	0	2	105	-3.1058	4.2473	1	5.8942	3.2474	0	-7.3438	3	-1	1	0	0	0	0
10	777.92	-2.9559	0.80432	-2.9559	0.80432	0	3	105	-3.1058	4.2473	1	5.8942	3.2474	0	-7.3438	3	-1	1	0	0	0	0
10	1309	-1.9505	-0.83649	-1.9505	-0.83649	0	2	105	-3.1058	4.2473	1	5.8942	3.2474	0	-7.3438	3	-1	1	0	0	0	0
10	1325.5	-1.7494	-1.3834	-1.7494	-1.3834	0	3	105	-3.1058	4.2473	1	5.8942	3.2474	0	-7.3438	3	-1	1	0	0	0	0
10	1342.1	-1.5081	-1.9947	-1.5081	-1.9947	0	3	105	-3.1058	4.2473	1	5.8942	3.2474	0	-7.3438	3	-1	1	0	0	0	0
10	1358.7	-1.3673	-2.3486	-1.3673	-2.3486	0	3	105	-3.1058	4.2473	1	5.8942	3.2474	0	-7.3438	3	-1	1	0	0	0	0
10	1375.3	-1.0657	-3.0564	-1.0657	-3.0564	0	3	105	-3.1058	4.2473	1	5.8942	3.2474	0	-7.3438	3	-1	1	0	0	0	0
10	1391.9	-0.90485	-3.4425	-0.90485	-3.4425	0	3	105	-3.1058	4.2473	1	5.8942	3.2474	0	-7.3438	3	-1	1	0	0	0	0
10	1408.5	-0.54291	-4.1824	-0.54291	-4.1824	0	3	105	-3.1058	4.2473	1	5.8942	3.2474	0	-7.3438	3	-1	1	0	0	0	0
10	1425.1	-0.16086	-4.9546	-0.16086	-4.9546	0	3	105	-3.1058	4.2473	1	5.8942	3.2474	0	-7.3438	3	-1	1	0	0	0	0
10	1441.7	0.22119	-5.7267	0.22119	-5.7267	0	3	105	-3.1058	4.2473	1	5.8942	3.2474	0	-7.3438	3	-1	1	0	0	0	0
10	1458.3	0.40216	-6.145	0.40216	-6.145	0	3	105	-3.1058	4.2473	1	5.8942	3.2474	0	-7.3438	3	-1	1	0	0	0	0
10	1474.9	0.70378	-6.8206	0.70378	-6.8206	0	3	105	-3.1058	4.2473	1	5.8942	3.2474	0	-7.3438	3	-1	1	0	0	0	0
10	1491.5	0.7641	-7.0136	0.7641	-7.0136	0	3	105	-3.1058	4.2473	1	5.8942	3.2474	0	-7.3438	3	-1	1	0	0	0	0
10	1508.1	0.74399	-7.2067	0.74399	-7.2067	0	3	105	-3.1058	4.2473	1	5.8942	3.2474	0	-7.3438	3	-1	1	0	0	0	0
10	1524.7	0.70378	-7.271	0.70378	-7.271	0	3	105	-3.1058	4.2473	1	5.8942	3.2474	0	-7.3438	3	-1	1	0	0	0	0
10	1541.2	0.62334	-7.3997	0.62334	-7.3997	0	3	105	-3.1058	4.2473	1	5.8942	3.2474	0	-7.3438	3	-1	1	0	0	0	0
10	1557.9	0.60324	-7.4319	0.60324	-7.4319	0	3	105	-3.1058	4.2473	1	5.8942	3.2474	0	-7.3438	3	-1	1	0	0	0	0
10	1574.5	0.56302	-7.5284	0.56302	-7.5284	0	3	105	-3.1058	4.2473	1	5.8942	3.2474	0	-7.3438	3	-1	1	0	0	0	0
10	1591	0.56302	-7.5284	0.56302	-7.5284	0	3	105	-3.1058	4.2473	1	5.8942	3.2474	0	-7.3438	3	-1	1	0	0	0	0
10	1607.6	0.54291	-7.5284	0.54291	-7.5284	0	3	105	-3.1058	4.2473	1	5.8942	3.2474	0	-7.3438	3	-1	1	0	0	0	0
10	1624.1	0.52281	-7.5284	0.52281	-7.5284	0	3	105	-3.1058	4.2473	1	5.8942	3.2474	0	-7.3438	3	-1	1	0	0	0	0
10	1640.8	0.52281	-7.5606	0.52281	-7.5606	0	3	105	-3.1058	4.2473	1	5.8942	3.2474	0	-7.3438	3	-1	1	0	0	0	0
10	1657.4	0.5027	-7.5606	0.5027	-7.5606	0	3	105	-3.1058	4.2473	1	5.8942	3.2474	0	-7.3438	3	-1	1	0	0	0	0
10	1674	0.5027	-7.5606	0.5027	-7.5606	0	3	105	-3.1058	4.2473	1	5.8942	3.2474	0	-7.3438	3	-1	1	0	0	0	0
10	1690.6	0.5027	-7.5606	0.5027	-7.5606	0	3	105	-3.1058	4.2473	1	5.8942	3.2474	0	-7.3438	3	-1	1	0	0	0	0
10	1707.1	0.5027	-7.5606	0.5027	-7.5606	0	3	105	-3.1058	4.2473	1	5.8942	3.2474	0	-7.3438	3	-1	1	0	0	0	0
10	1723.8	0.5027	-7.5606	0.5027	-7.5606	0	3	105	-3.1058	4.2473	1	5.8942	3.2474	0	-7.3438	3	-1	1	0	0	0	0
10	1740.4	0.5027	-7.5606	0.5027	-7.5606	0	3	105	-3.1058	4.2473	1	5.8942	3.2474	0	-7.3438	3	-1	1	0	0	0	0
10	1757	0.48259	-7.5606	0.48259	-7.5606	0	3	105	-3.1058	4.2473	1	5.8942	3.2474	0	-7.3438	3	-1	1	0	0	0	0
10	1773.6	0.48259	-7.5606	0.48259	-7.5606	0	3	105	-3.1058	4.2473	1	5.8942	3.2474	0	-7.3438	3	-1	1	0	0	0	0
10	1790.2	0.48259	-7.5606	0.48259	-7.5606	0	3	105	-3.1058	4.2473	1	5.8942	3.2474	0	-7.3438	3	-1	1	0	0	0	0
10	1806.8	0.48259	-7.5284	0.48259	-7.5284	0	3	105	-3.1058	4.2473	1	5.8942	3.2474	0	-7.3438	3	-1	1	0	0	0	0
10	1823.4	0.44237	-7.4962	0.44237	-7.4962	0	3	105	-3.1058	4.2473	1	5.8942	3.2474	0	-7.3438	3	-1	1	0	0	0	0
10	1839.9	0.42227	-7.3997	0.42227	-7.3997	0	3	105	-3.1058	4.2473	1	5.8942	3.2474	0	-7.3438	3	-1	1	0	0	0	0
10	1856.5	0.28151	-7.1101	0.28151	-7.1101	0	3	105	-3.1058	4.2473	1	5.8942	3.2474	0	-7.3438	3	-1	1	0	0	0	0
10	1873.1	0.14076	-6.5632	0.14076	-6.5632	0	3	105	-3.1058	4.2473	1	5.8942	3.2474	0	-7.3438	3	-1	1	0	0	0	0
10	1889.7	0.060324	-6.2415	0.060324	-6.2415	0	3	105	-3.1058	4.2473	1	5.8942	3.2474	0	-7.3438	3	-1	1	0	0	0	0
10	1906.3	-0.060324	-5.5015	-0.060324	-5.5015	0	3	105	-3.1058	4.2473	1	5.8942	3.2474	0	-7.3438	3	-1	1	0	0	0	0
10	1922.9	-0.20108	-4.665	-0.20108	-4.665	0	3	105	-3.1058	4.2473	1	5.8942	3.2474	0	-7.3438	3	-1	1	0	0	0	0
10	1939.5	-0.28151	-4.2146	-0.28151	-4.2146	0	3	105	-3.1058	4.2473	1	5.8942	3.2474	0	-7.3438	3	-1	1	0	0	0	0
10	1956	-0.42227	-3.3138	-0.42227	-3.3138	0	3	105	-3.1058	4.2473	1	5.8942	3.2474	0	-7.3438	3	-1	1	0	0	0	0
10	1972.7	-0.62334	-2.3808	-0.62334	-2.3808	0	3	105	-3.1058	4.2473	1	5.8942	3.2474	0	-7.3438	3	-1	1	0	0	0	0
10	1989.3	-0.72388	-1.8982	-0.72388	-1.8982	0	3	105	-3.1058	4.2473	1	5.8942	3.2474	0	-7.3438	3	-1	1	0	0	0	0
10	2005.9	-0.98529	-0.93301	-0.98529	-0.93301	0	3	105	-3.1058	4.2473	1	5.8942	3.2474	0	-7.3438	3	-1	1	0	0	0	0
10	2022.5	-1.2869	-0.096518	-1.2869	-0.096518	0	3	105	-3.1058	4.2473	1	5.8942	3.2474	0	-7.3438	3	-1	1	0	0	0	0
10	2039.1	-1.4277	0.32173	-1.4277	0.32173	0	3	105	-3.1058	4.2473	1	5.8942	3.2474	0	-7.3438	3	-1	1	0	0	0	0
10	2055.7	-1.669	1.0617	-1.669	1.0617	0	3	105	-3.1058	4.2473	1	5.8942	3.2474	0	-7.3438	3	-1	1	0	0	0	0
10	2072.2	-1.8499	1.6408	-1.8499	1.6408	0	3	105	-3.1058	4.2473	1	5.8942	3.2474	0	-7.3438	3	-1	1	0	0	0	0
10	2088.8	-1.9304	1.8338	-1.9304	1.8338	0	3	105	-3.1058	4.2473	1	5.8942	3.2474	0	-7.3438	3	-1	1	0	0	0	0
10	2105.5	-2.0711	2.1234	-2.0711	2.1234	0	3	105	-3.1058	4.2473	1	5.8942	3.2474	0	-7.3438	3	-1	1	0	0	0	0
10	2122.1	-2.1918	2.3164	-2.1918	2.3164	0	3	105	-3.1058	4.2473	1	5.8942	3.2474	0	-7.3438	3	-1	1	0	0	0	0
10	2138.6	-2.232	2.3808	-2.232	2.3808	0	3	105	-3.1058	4.2473	1	5.8942	3.2474	0	-7.3438	3	-1	1	0	0	0	0
10	2155.2	-2.3325	2.4451	-2.3325	2.4451	0	3	105	-3.1058	4.2473	1	5.8942	3.2474	0	-7.3438	3	-1	1	0	0	0	0
10	2171.8	-2.3727	2.5095	-2.3727	2.5095	0	3	105	-3.1058	4.2473	1	5.8942	3.2474	0	-7.3438	3	-1	1	0	0	0	0
10	2188.4	-2.4331	2.5416	-2.4331	2.5416	0	3	105	-3.1058	4.2473	1	5.8942	3.2474	0	-7.3438	3	-1	1	0	0	0	0
10	2205	-2.4733	2.5738	-2.4733	2.5738	0	3	105	-3.1058	4.2473	1	5.8942	3.2474	0	-7.3438	3	-1	1	0	0	0	0
10	2221.6	-2.4934	2.606	-2.4934	2.606	0	3	105	-3.1058	4.2473	1	5.8942	3.2474	0	-7.3438	3	-1	1	0	0	0	0
10	2238.2	-2.5537	2.6382	-2.5537	2.6382	0	3	105	-3.1058	4.2473	1	5.8942	3.2474	0	-7.3438	3	-1	1	0	0	0	0
10	2254.8	-2.614	2.6703	-2.614	2.6703	0	3	105	-3.1058	4.2473	1	5.8942	3.2474	0	-7.3438	3	-1	1	0	0	0	0
10	2287.8	-2.6945	2.7347	-2.6945	2.7347	0	2	105	-3.1058	4.2473	1	5.8942	3.2474	0	-7.3438	3	-1	1	0	0	0	0
10	2304.6	-2.7548	2.7668	-2.7548	2.7668	0	3	105	-3.1058	4.2473	1	5.8942	3.2474	0	-7.3438	3	-1	1	0	0	0	0
11	28.734	0.46248	-7.5606	0.46248	-7.5606	0	1	90	0	4.6562	1	9	3.6562	0	-7.3438	3	-1	1	0	0	0	0
11	45.335	0.46248	-7.5606	0.46248	-7.5606	0	1	90	0	4.6562	1	9	3.6562	0	-7.3438	3	-1	1	0	0	0	0
11	61.978	0.46248	-7.5606	0.46248	-7.5606	0	1	90	0	4.6562	1	9	3.6562	0	-7.3438	3	-1	1	0	0	0	0
11	78.538	0.46248	-7.5927	0.46248	-7.5927	0	1	90	0	4.6562	1	9	3.6562	0	-7.3438	3	-1	1	0	0	0	0
11	95.144	0.46248	-7.5927	0.46248	-7.5927	0	1	90	0	4.6562	1	9	3.6562	0	-7.3438	3	-1	1	0	0	0	0
11	111.72	0.46248	-7.5927	0.46248	-7.5927	0	1	90	0	4.6562	1	9	3.6562	0	-7.3438	3	-1	1	0	0	0	0
11	128.31	0.46248	-7.5927	0.46248	-7.5927	0	1	90	0	4.6562	1	9	3.6562	0	-7.3438	3	-1	1	0	0	0	0
11	144.89	0.46248	-7.5927	0.46248	-7.5927	0	1	90	0	4.6562	1	9	3.6562	0	-7.3438	3	-1	1	0	0	0	0
11	161.54	0.46248	-7.5927	0.46248	-7.5927	0	1	90	0	4.6562	1	9	3.6562	0	-7.3438	3	-1	1	0	0	0	0
11	178.1	0.46248	-7.5927	0.46248	-7.5927	0	1	90	0	4.6562	1	9	3.6562	0	-7.3438	3	-1	1	0	0	0	0
11	194.63	0.46248	-7.5927	0.46248	-7.5927	0	1	90	0	4.6562	1	9	3.6562	0	-7.3438	3	-1	1	0	0	0	0
11	211.31	0.46248	-7.5927	0.46248	-7.5927	0	1	90	0	4.6562	1	9	3.6562	0	-7.3438	3	-1	1	1	0	0	0
11	227.87	0.46248	-7.5927	0.46248	-7.5927	0	1	90	0	4.6562	1	9	3.6562	0	-7.3438	3	-1	1	1	0	0	0
11	244.48	0.46248	-7.5927	0.46248	-7.5927	0	1	90	0	4.6562	1	9	3.6562	0	-7.3438	3	-1	1	1	0	0	0
11	261.04	0.46248	-7.5927	0.46248	-7.5927	0	1	90	0	4.6562	1	9	3.6562	0	-7.3438	3	-1	1	1	0	0	0
11	277.69	0.46248	-7.5927	0.46248	-7.5927	0	1	90	0	4.6562	1	9	3.6562	0	-7.3438	3	-1	1	1	0	0	0
11	294.25	0.46248	-7.5606	0.46248	-7.5606	0	1	90	0	4.6562	1	9	3.6562	0	-7.3438	3	-1	1	1	0	0	0
11	310.87	0.44237	-7.5284	0.44237	-7.5284	0	1	90	0	4.6562	1	9	3.6562	0	-7.3438	3	-1	1	1	0	0	0
11	327.44	0.42227	-7.4319	0.42227	-7.4319	0	1	90	0	4.6562	1	9	3.6562	0	-7.3438	3	-1	1	1	0	0	0
11	344.04	0.34183	-7.0458	0.34183	-7.0458	0	1	90	0	4.6562	1	9	3.6562	0	-7.3438	3	-1	1	1	0	0	0
11	360.75	0.28151	-6.7562	0.28151	-6.7562	0	1	90	0	4.6562	1	9	3.6562	0	-7.3438	3	-1	1	1	0	0	0
11	377.23	0.20108	-5.9519	0.20108	-5.9519	0	1	90	0	4.6562	1	9	3.6562	0	-7.3438	3	-1	1	1	0	0	0
11	393.79	0.20108	-5.0833	0.20108	-5.0833	0	1	90	0	4.6562	1	9	3.6562	0	-7.3438	3	-1	1	1	0	1	0
11	410.4	0.28151	-4.2146	0.28151	-4.2146	0	2	90	0	4.6562	1	9	3.6562	0	-7.3438	3	-1	1	1	0	0	0
11	426.98	0.34183	-3.8285	0.34183	-3.8285	0	2	90	0	4.6562	1	9	3.6562	0	-7.3438	3	-1	1	1	0	0	0
11	443.6	0.46248	-3.0564	0.46248	-3.0564	0	2	90	0	4.6562	1	9	3.6562	0	-7.3438	3	-1	1	1	0	0	0
11	460.17	0.5027	-2.7347	0.5027	-2.7347	0	2	90	0	4.6562	1	9	3.6562	0	-7.3438	3	-1	1	1	0	0	0
11	476.8	0.62334	-2.0269	0.62334	-2.0269	0	2	90	0	4.6562	1	9	3.6562	0	-7.3438	3	-1	1	1	0	0	0
11	493.35	0.70378	-1.3191	0.70378	-1.3191	0	2	90	0	4.6562	1	9	3.6562	0	-7.3438	3	-1	1	1	0	0	0
11	510	0.7641	-0.61128	0.7641	-0.61128	0	2	90	0	4.6562	1	9	3.6562	0	-7.3438	3	-1	1	1	0	0	0
11	526.57	0.78421	-0.28955	0.78421	-0.28955	0	2	90	0	4.6562	1	9	3.6562	0	-7.3438	3	-1	1	1	0	0	0
11	543.14	0.80432	0.22521	0.80432	0.22521	0	2	90	0	4.6562	1	9	3.6562	0	-7.3438	3	-1	1	1	0	0	0
11	559.72	0.82442	0.45042	0.82442	0.45042	0	2	90	0	4.6562	1	9	3.6562	0	-7.3438	3	-1	1	1	0	0	0
11	576.35	0.84453	0.83649	0.84453	0.83649	0	2	90	0	4.6562	1	9	3.6562	0	-7.3438	3	-1	1	1	0	0	0
11	592.94	0.86464	1.1582	0.86464	1.1582	0	2	90	0	4.6562	1	9	3.6562	0	-7.3438	3	-1	1	1	0	0	0
11	609.54	0.86464	1.3191	0.86464	1.3191	0	2	90	0	4.6562	1	9	3.6562	0	-7.3438	3	-1	1	1	0	0	0
11	626.13	0.88475	1.6086	0.88475	1.6086	0	2	90	0	4.6562	1	9	3.6562	0	-7.3438	3	-1	1	1	0	0	0
11	642.72	0.88475	1.866	0.88475	1.866	0	2	90	0	4.6562	1	9	3.6562	0	-7.3438	3	-1	1	1	0	0	0
11	659.3	0.88475	1.9625	0.88475	1.9625	0	2	90	0	4.6562	1	9	3.6562	0	-7.3438	3	-1	1	1	0	0	0
11	675.91	0.88475	2.059	0.88475	2.059	0	2	90	0	4.6562	1	9	3.6562	0	-7.3438	3	-1	1	1	0	0	0
11	692.5	0.86464	2.059	0.86464	2.059	0	2	90	0	4.6562	1	9	3.6562	0	-7.3438	3	-1	1	0	0	0	0
11	709.1	0.86464	2.059	0.86464	2.059	0	2	90	0	4.6562	1	9	3.6562	0	-7.3438	3	-1	1	0	0	0	0
11	725.75	0.86464	2.059	0.86464	2.059	0	2	90	0	4.6562	1	9	3.6562	0	-7.3438	3	-1	1	0	0	0	0
11	742.32	0.86464	2.059	0.86464	2.059	0	2	90	0	4.6562	1	9	3.6562	0	-7.3438	3	-1	1	0	0	0	0
11	758.91	0.86464	2.059	0.86464	2.059	0	3	90	0	4.6562	1	9	3.6562	0	-7.3438	3	-1	1	0	0	0	0
11	1256.7	0.34183	-0.90083	0.34183	-0.90083	0	2	90	0	4.6562	1	9	3.6562	0	-7.3438	3	-1	1	0	0	0	0
11	1273.3	0.2614	-2.0269	0.2614	-2.0269	0	2	90	0	4.6562	1	9	3.6562	0	-7.3438	3	-1	1	0	0	0	0
11	1289.9	0.20108	-2.5738	0.20108	-2.5738	0	2	90	0	4.6562	1	9	3.6562	0	-7.3438	3	-1	1	0	0	0	0
11	1306.5	0.10054	-3.539	0.10054	-3.539	0	2	90	0	4.6562	1	9	3.6562	0	-7.3438	3	-1	1	0	0	0	0
11	1323	-0.020108	-4.3433	-0.020108	-4.3433	0	2	90	0	4.6562	1	9	3.6562	0	-7.3438	3	-1	1	0	0	0	0
11	1339.6	-0.10054	-4.6972	-0.10054	-4.6972	0	2	90	0	4.6562	1	9	3.6562	0	-7.3438	3	-1	1	0	0	0	0
11	1356.2	-0.22119	-5.3728	-0.22119	-5.3728	0	2	90	0	4.6562	1	9	3.6562	0	-7.3438	3	-1	1	0	0	0	0
11	1372.9	-0.2614	-6.0485	-0.2614	-6.0485	0	2	90	0	4.6562	1	9	3.6562	0	-7.3438	3	-1	1	0	0	0	0
11	1389.5	-0.28151	-6.3702	-0.28151	-6.3702	0	2	90	0	4.6562	1	9	3.6562	0	-7.3438	3	-1	1	0	0	0	0
11	1406.1	-0.30162	-7.0136	-0.30162	-7.0136	0	2	90	0	4.6562	1	9	3.6562	0	-7.3438	3	-1	1	0	0	0	0
11	1422.6	-0.36194	-7.464	-0.36194	-7.464	0	2	90	0	4.6562	1	9	3.6562	0	-7.3438	3	-1	1	0	0	0	0
11	1439.3	-0.38205	-7.5927	-0.38205	-7.5927	0	2	90	0	4.6562	1	9	3.6562	0	-7.3438	3	-1	1	0	0	0	0
11	1455.8	-0.42227	-7.6249	-0.42227	-7.6249	0	2	90	0	4.6562	1	9	3.6562	0	-7.3438	3	-1	1	0	0	0	0
11	1472.5	-0.44237	-7.6249	-0.44237	-7.6249	0	2	90	0	4.6562	1	9	3.6562	0	-7.3438	3	-1	1	0	0	0	0
11	1489.1	-0.44237	-7.6571	-0.44237	-7.6571	0	2	90	0	4.6562	1	9	3.6562	0	-7.3438	3	-1	1	0	0	0	0
11	1505.6	-0.46248	-7.6571	-0.46248	-7.6571	0	2	90	0	4.6562	1	9	3.6562	0	-7.3438	3	-1	1	0	0	0	0
11	1522.2	-0.46248	-7.6571	-0.46248	-7.6571	0	2	90	0	4.6562	1	9	3.6562	0	-7.3438	3	-1	1	0	0	0	0
11	1538.8	-0.46248	-7.6571	-0.46248	-7.6571	0	2	90	0	4.6562	1	9	3.6562	0	-7.3438	3	-1	1	0	0	0	0
11	1555.4	-0.46248	-7.6571	-0.46248	-7.6571	0	2	90	0	4.6562	1	9	3.6562	0	-7.3438	3	-1	1	0	0	0	0
11	1572	-0.46248	-7.6571	-0.46248	-7.6571	0	2	90	0	4.6562	1	9	3.6562	0	-7.3438	3	-1	1	0	0	0	0
11	1588.6	-0.46248	-7.6571	-0.46248	-7.6571	0	2	90	0	4.6562	1	9	3.6562	0	-7.3438	3	-1	1	0	0	0	0
11	1605.2	-0.46248	-7.6571	-0.46248	-7.6571	0	2	90	0	4.6562	1	9	3.6562	0	-7.3438	3	-1	1	0	0	0	0
11	1621.8	-0.46248	-7.6571	-0.46248	-7.6571	0	2	90	0	4.6562	1	9	3.6562	0	-7.3438	3	-1	1	0	0	0	0
11	1638.4	-0.46248	-7.6571	-0.46248	-7.6571	0	2	90	0	4.6562	1	9	3.6562	0	-7.3438	3	-1	1	0	0	0	0
11	1655	-0.46248	-7.6571	-0.46248	-7.6571	0	2	90	0	4.6562	1	9	3.6562	0	-7.3438	3	-1	1	0	0	0	0
11	1671.6	-0.46248	-7.6571	-0.46248	-7.6571	0	2	90	0	4.6562	1	9	3.6562	0	-7.3438	3	-1	1	0	0	0	0
11	1688.1	-0.44237	-7.6249	-0.44237	-7.6249	0	2	90	0	4.6562	1	9	3.6562	0	-7.3438	3	-1	1	0	0	0	0
11	1704.7	-0.42227	-7.4962	-0.42227	-7.4962	0	2	90	0	4.6562	1	9	3.6562	0	-7.3438	3	-1	1	0	0	0	0
11	1721.3	-0.42227	-7.3032	-0.42227	-7.3032	0	2	90	0	4.6562	1	9	3.6562	0	-7.3438	3	-1	1	0	0	0	0
11	1737.9	-0.48259	-6.7241	-0.48259	-6.7241	0	2	90	0	4.6562	1	9	3.6562	0	-7.3438	3	-1	1	0	0	0	0
11	1754.6	-0.54291	-5.7911	-0.54291	-5.7911	0	2	90	0	4.6562	1	9	3.6562	0	-7.3438	3	-1	1	0	0	0	0
11	1771.1	-0.56302	-5.2763	-0.56302	-5.2763	0	2	90	0	4.6562	1	9	3.6562	0	-7.3438	3	-1	1	0	0	0	0
11	1787.7	-0.56302	-4.1503	-0.56302	-4.1503	0	2	90	0	4.6562	1	9	3.6562	0	-7.3438	3	-1	1	0	0	0	0
11	1804.3	-0.5027	-3.0564	-0.5027	-3.0564	0	2	90	0	4.6562	1	9	3.6562	0	-7.3438	3	-1	1	0	0	0	0
11	1820.9	-0.48259	-2.5095	-0.48259	-2.5095	0	2	90	0	4.6562	1	9	3.6562	0	-7.3438	3	-1	1	0	0	0	0
11	1837.5	-0.44237	-1.4799	-0.44237	-1.4799	0	2	90	0	4.6562	1	9	3.6562	0	-7.3438	3	-1	1	0	0	0	0
11	1854.1	-0.42227	-0.51476	-0.42227	-0.51476	0	2	90	0	4.6562	1	9	3.6562	0	-7.3438	3	-1	1	0	0	0	0
11	1870.6	-0.42227	-0.032173	-0.42227	-0.032173	0	2	90	0	4.6562	1	9	3.6562	0	-7.3438	3	-1	1	0	0	0	0
11	1887.3	-0.46248	0.83649	-0.46248	0.83649	0	2	90	0	4.6562	1	9	3.6562	0	-7.3438	3	-1	1	0	0	0	0
11	1903.9	-0.5027	1.6408	-0.5027	1.6408	0	2	90	0	4.6562	1	9	3.6562	0	-7.3438	3	-1	1	0	0	0	0
11	1920.4	-0.52281	1.9947	-0.52281	1.9947	0	2	90	0	4.6562	1	9	3.6562	0	-7.3438	3	-1	1	0	0	0	0
11	1937	-0.56302	2.606	-0.56302	2.606	0	2	90	0	4.6562	1	9	3.6562	0	-7.3438	3	-1	1	0	0	0	0
11	1953.7	-0.62334	3.0564	-0.62334	3.0564	0	2	90	0	4.6562	1	9	3.6562	0	-7.3438	3	-1	1	0	0	0	0
11	1970.2	-0.66356	3.2173	-0.66356	3.2173	0	2	90	0	4.6562	1	9	3.6562	0	-7.3438	3	-1	1	0	0	0	0
11	1986.9	-0.74399	3.4746	-0.74399	3.4746	0	2	90	0	4.6562	1	9	3.6562	0	-7.3438	3	-1	1	0	0	0	0
11	2003.5	-0.7641	3.5712	-0.7641	3.5712	0	2	90	0	4.6562	1	9	3.6562	0	-7.3438	3	-1	1	0	0	0	0
11	2020	-0.80432	3.6999	-0.80432	3.6999	0	2	90	0	4.6562	1	9	3.6562	0	-7.3438	3	-1	1	0	0	0	0
11	2036.6	-0.84453	3.7964	-0.84453	3.7964	0	2	90	0	4.6562	1	9	3.6562	0	-7.3438	3	-1	1	0	0	0	0
11	2053.2	-0.86464	3.8607	-0.86464	3.8607	0	2	90	0	4.6562	1	9	3.6562	0	-7.3438	3	-1	1	0	0	0	0
11	2069.9	-0.86464	3.8929	-0.86464	3.8929	0	2	90	0	4.6562	1	9	3.6562	0	-7.3438	3	-1	1	0	0	0	0
11	2086.4	-0.88475	3.9572	-0.88475	3.9572	0	2	90	0	4.6562	1	9	3.6562	0	-7.3438	3	-1	1	0	0	0	0
11	2103	-0.88475	3.9572	-0.88475	3.9572	0	2	90	0	4.6562	1	9	3.6562	0	-7.3438	3	-1	1	0	0	0	0
11	2119.6	-0.90485	3.9894	-0.90485	3.9894	0	2	90	0	4.6562	1	9	3.6562	0	-7.3438	3	-1	1	0	0	0	0
11	2136.2	-0.90485	4.0216	-0.90485	4.0216	0	2	90	0	4.6562	1	9	3.6562	0	-7.3438	3	-1	1	0	0	0	0
11	2152.7	-0.92496	4.0216	-0.92496	4.0216	0	3	90	0	4.6562	1	9	3.6562	0	-7.3438	3	-1	1	0	0	0	0
