0	6.7689	0.42227	-4.0859	0.42227	-4.0859	0	1	75	3.1058	4.2473	1	12.106	3.2474	0	-7.3438	3	-1	1	0	0	0	0
0	23.429	0.42227	-4.0859	0.42227	-4.0859	0	1	75	3.1058	4.2473	1	12.106	3.2474	0	-7.3438	3	-1	1	0	0	0	0
0	40.014	0.42227	-4.0859	0.42227	-4.0859	0	1	75	3.1058	4.2473	1	12.106	3.2474	0	-7.3438	3	-1	1	0	0	0	0
0	56.552	0.42227	-4.0859	0.42227	-4.0859	0	1	75	3.1058	4.2473	1	12.106	3.2474	0	-7.3438	3	-1	1	0	0	0	0
0	73.163	0.42227	-4.0859	0.42227	-4.0859	0	1	75	3.1058	4.2473	1	12.106	3.2474	0	-7.3438	3	-1	1	0	0	0	0
0	89.763	0.42227	-4.0859	0.42227	-4.0859	0	1	75	3.1058	4.2473	1	12.106	3.2474	0	-7.3438	3	-1	1	0	0	0	0
0	106.44	0.42227	-4.0859	0.42227	-4.0859	0	1	75	3.1058	4.2473	1	12.106	3.2474	0	-7.3438	3	-1	1	0	0	0	0
0	122.97	0.42227	-4.0859	0.42227	-4.0859	0	1	75	3.1058	4.2473	1	12.106	3.2474	0	-7.3438	3	-1	1	0	0	0	0
0	139.53	0.42227	-4.0859	0.42227	-4.0859	0	1	75	3.1058	4.2473	1	12.106	3.2474	0	-7.3438	3	-1	1	0	0	0	0
0	156.12	0.42227	-4.0859	0.42227	-4.0859	0	1	75	3.1058	4.2473	1	12.106	3.2474	0	-7.3438	3	-1	1	0	0	0	0
0	172.73	0.42227	-4.0859	0.42227	-4.0859	0	1	75	3.1058	4.2473	1	12.106	3.2474	0	-7.3438	3	-1	1	0	0	0	0
0	189.3	0.42227	-4.0859	0.42227	-4.0859	0	1	75	3.1058	4.2473	1	12.106	3.2474	0	-7.3438	3	-1	1	0	0	0	0
0	205.92	0.42227	-4.0859	0.42227	-4.0859	0	1	75	3.1058	4.2473	1	12.106	3.2474	0	-7.3438	3	-1	1	0	0	0	0
0	222.54	0.42227	-4.0859	0.42227	-4.0859	0	1	75	3.1058	4.2473	1	12.106	3.2474	0	-7.3438	3	-1	1	0	0	0	0
0	239.14	0.42227	-4.0859	0.42227	-4.0859	0	1	75	3.1058	4.2473	1	12.106	3.2474	0	-7.3438	3	-1	1	0	0	0	0
0	255.72	0.42227	-4.0859	0.42227	-4.0859	0	1	75	3.1058	4.2473	1	12.106	3.2474	0	-7.3438	3	-1	1	0	0	0	0
0	272.29	0.42227	-4.0859	0.42227	-4.0859	0	1	75	3.1058	4.2473	1	12.106	3.2474	0	-7.3438	3	-1	1	0	0	0	0
0	288.89	0.42227	-4.0859	0.42227	-4.0859	0	1	75	3.1058	4.2473	1	12.106	3.2474	0	-7.3438	3	-1	1	0	0	0	0
0	305.49	0.42227	-4.0859	0.42227	-4.0859	0	1	75	3.1058	4.2473	1	12.106	3.2474	0	-7.3438	3	-1	1	0	0	0	0
0	322.06	0.42227	-4.0859	0.42227	-4.0859	0	1	75	3.1058	4.2473	1	12.106	3.2474	0	-7.3438	3	-1	1	0	0	0	0
0	338.74	0.42227	-4.0859	0.42227	-4.0859	0	1	75	3.1058	4.2473	1	12.106	3.2474	0	-7.3438	3	-1	1	0	0	0	0
0	355.32	0.42227	-4.0859	0.42227	-4.0859	0	1	75	3.1058	4.2473	1	12.106	3.2474	0	-7.3438	3	-1	1	0	0	0	0
0	372.01	0.42227	-4.0859	0.42227	-4.0859	0	1	75	3.1058	4.2473	1	12.106	3.2474	0	-7.3438	3	-1	1	0	0	0	0
0	388.58	0.42227	-4.0859	0.42227	-4.0859	0	1	75	3.1058	4.2473	1	12.106	3.2474	0	-7.3438	3	-1	1	0	0	0	0
0	405.25	0.42227	-4.0859	0.42227	-4.0859	0	1	75	3.1058	4.2473	1	12.106	3.2474	0	-7.3438	3	-1	1	0	0	0	0
0	421.88	0.42227	-4.0859	0.42227	-4.0859	0	1	75	3.1058	4.2473	1	12.106	3.2474	0	-7.3438	3	-1	1	0	0	0	0
0	438.39	0.42227	-4.0859	0.42227	-4.0859	0	1	75	3.1058	4.2473	1	12.106	3.2474	0	-7.3438	3	-1	1	0	0	0	0
0	455.05	0.42227	-4.0859	0.42227	-4.0859	0	1	75	3.1058	4.2473	1	12.106	3.2474	0	-7.3438	3	-1	1	0	0	0	0
0	471.64	0.42227	-4.0859	0.42227	-4.0859	0	1	75	3.1058	4.2473	1	12.106	3.2474	0	-7.3438	3	-1	1	0	0	0	0
0	488.22	0.42227	-4.0859	0.42227	-4.0859	0	1	75	3.1058	4.2473	1	12.106	3.2474	0	-7.3438	3	-1	1	0	0	0	0
0	504.8	0.42227	-4.0859	0.42227	-4.0859	0	1	75	3.1058	4.2473	1	12.106	3.2474	0	-7.3438	3	-1	1	0	0	0	0
0	521.38	0.42227	-4.0859	0.42227	-4.0859	0	1	75	3.1058	4.2473	1	12.106	3.2474	0	-7.3438	3	-1	1	0	0	0	0
0	538.01	0.42227	-4.0859	0.42227	-4.0859	0	1	75	3.1058	4.2473	1	12.106	3.2474	0	-7.3438	3	-1	1	0	0	0	0
0	554.62	0.42227	-4.0859	0.42227	-4.0859	0	1	75	3.1058	4.2473	1	12.106	3.2474	0	-7.3438	3	-1	1	0	0	0	0
0	571.2	0.42227	-4.0859	0.42227	-4.0859	0	1	75	3.1058	4.2473	1	12.106	3.2474	0	-7.3438	3	-1	1	0	0	0	0
0	587.79	0.42227	-4.0859	0.42227	-4.0859	0	1	75	3.1058	4.2473	1	12.106	3.2474	0	-7.3438	3	-1	1	0	0	0	0
0	604.4	0.42227	-4.0859	0.42227	-4.0859	0	1	75	3.1058	4.2473	1	12.106	3.2474	0	-7.3438	3	-1	1	0	0	0	0
0	620.95	0.42227	-4.0859	0.42227	-4.0859	0	1	75	3.1058	4.2473	1	12.106	3.2474	0	-7.3438	3	-1	1	0	0	0	0
0	637.59	0.42227	-4.0859	0.42227	-4.0859	0	1	75	3.1058	4.2473	1	12.106	3.2474	0	-7.3438	3	-1	1	0	0	0	0
0	654.19	0.42227	-4.0859	0.42227	-4.0859	0	1	75	3.1058	4.2473	1	12.106	3.2474	0	-7.3438	3	-1	1	0	0	0	0
0	670.76	0.42227	-4.0859	0.42227	-4.0859	0	1	75	3.1058	4.2473	1	12.106	3.2474	0	-7.3438	3	-1	1	0	0	0	0
0	687.36	0.42227	-4.0859	0.42227	-4.0859	0	1	75	3.1058	4.2473	1	12.106	3.2474	0	-7.3438	3	-1	1	0	0	0	0
0	703.98	0.42227	-4.0859	0.42227	-4.0859	0	1	75	3.1058	4.2473	1	12.106	3.2474	0	-7.3438	3	-1	1	0	0	0	0
0	720.53	0.42227	-4.0859	0.42227	-4.0859	0	1	75	3.1058	4.2473	1	12.106	3.2474	0	-7.3438	3	-1	1	0	0	0	0
0	737.1	0.42227	-4.0859	0.42227	-4.0859	0	1	75	3.1058	4.2473	1	12.106	3.2474	0	-7.3438	3	-1	1	0	0	0	0
0	753.75	0.42227	-4.0859	0.42227	-4.0859	0	1	75	3.1058	4.2473	1	12.106	3.2474	0	-7.3438	3	-1	1	0	0	0	0
0	770.34	0.42227	-4.0859	0.42227	-4.0859	0	1	75	3.1058	4.2473	1	12.106	3.2474	0	-7.3438	3	-1	1	0	0	0	0
0	786.93	0.42227	-4.0859	0.42227	-4.0859	0	1	75	3.1058	4.2473	1	12.106	3.2474	0	-7.3438	3	-1	1	0	0	0	0
0	803.51	0.42227	-4.0859	0.42227	-4.0859	0	1	75	3.1058	4.2473	1	12.106	3.2474	0	-7.3438	3	-1	1	0	0	0	0
0	820.1	0.42227	-4.0859	0.42227	-4.0859	0	1	75	3.1058	4.2473	1	12.106	3.2474	0	-7.3438	3	-1	1	0	0	0	0
0	836.66	0.42227	-4.0859	0.42227	-4.0859	0	1	75	3.1058	4.2473	1	12.106	3.2474	0	-7.3438	3	-1	1	0	0	0	0
0	853.28	0.42227	-4.0859	0.42227	-4.0859	0	1	75	3.1058	4.2473	1	12.106	3.2474	0	-7.3438	3	-1	1	0	0	0	0
0	869.9	0.42227	-4.0859	0.42227	-4.0859	0	1	75	3.1058	4.2473	1	12.106	3.2474	0	-7.3438	3	-1	1	0	0	0	0
0	886.49	0.42227	-4.0859	0.42227	-4.0859	0	1	75	3.1058	4.2473	1	12.106	3.2474	0	-7.3438	3	-1	1	0	0	0	0
0	903.09	0.42227	-4.0859	0.42227	-4.0859	0	1	75	3.1058	4.2473	1	12.106	3.2474	0	-7.3438	3	-1	1	0	0	0	0
0	919.71	0.42227	-4.0859	0.42227	-4.0859	0	1	75	3.1058	4.2473	1	12.106	3.2474	0	-7.3438	3	-1	1	0	0	0	0
0	936.26	0.42227	-4.0859	0.42227	-4.0859	0	1	75	3.1058	4.2473	1	12.106	3.2474	0	-7.3438	3	-1	1	0	0	0	0
0	952.82	0.42227	-4.0859	0.42227	-4.0859	0	1	75	3.1058	4.2473	1	12.106	3.2474	0	-7.3438	3	-1	1	0	0	0	0
0	969.43	0.42227	-4.0859	0.42227	-4.0859	0	1	75	3.1058	4.2473	1	12.106	3.2474	0	-7.3438	3	-1	1	0	0	0	0
0	986.05	0.42227	-4.0859	0.42227	-4.0859	0	1	75	3.1058	4.2473	1	12.106	3.2474	0	-7.3438	3	-1	1	0	0	0	0
0	1002.6	0.42227	-4.0859	0.42227	-4.0859	0	1	75	3.1058	4.2473	1	12.106	3.2474	0	-7.3438	3	-1	1	0	0	0	0
0	1019.2	0.42227	-4.0859	0.42227	-4.0859	0	1	75	3.1058	4.2473	1	12.106	3.2474	0	-7.3438	3	-1	1	0	0	0	0
0	1035.9	0.42227	-4.0859	0.42227	-4.0859	0	1	75	3.1058	4.2473	1	12.106	3.2474	0	-7.3438	3	-1	1	0	0	0	0
0	1052.4	0.42227	-4.0859	0.42227	-4.0859	0	1	75	3.1058	4.2473	1	12.106	3.2474	0	-7.3438	3	-1	1	0	0	0	0
0	1069	0.42227	-4.0859	0.42227	-4.0859	0	1	75	3.1058	4.2473	1	12.106	3.2474	0	-7.3438	3	-1	1	0	0	0	0
0	1085.6	0.42227	-4.0859	0.42227	-4.0859	0	1	75	3.1058	4.2473	1	12.106	3.2474	0	-7.3438	3	-1	1	0	0	0	0
0	1102.2	2.0309	-4.665	2.0309	-4.665	0	1	75	3.1058	4.2473	1	12.106	3.2474	0	-7.3438	3	-1	1	0	0	0	0
0	1118.8	1.9907	-4.665	1.9907	-4.665	0	1	75	3.1058	4.2473	1	12.106	3.2474	0	-7.3438	3	-1	1	0	0	0	0
0	1135.3	1.87	-4.665	1.87	-4.665	0	1	75	3.1058	4.2473	1	12.106	3.2474	0	-7.3438	3	-1	1	0	0	0	0
0	1151.9	1.7092	-4.7615	1.7092	-4.7615	0	1	75	3.1058	4.2473	1	12.106	3.2474	0	-7.3438	3	-1	1	0	0	0	0
0	1168.6	1.6488	-4.8259	1.6488	-4.8259	0	1	75	3.1058	4.2473	1	12.106	3.2474	0	-7.3438	3	-1	1	0	0	0	0
0	1185.2	1.5282	-5.0189	1.5282	-5.0189	0	1	75	3.1058	4.2473	1	12.106	3.2474	0	-7.3438	3	-1	1	0	0	0	0
0	1201.9	1.3472	-5.3407	1.3472	-5.3407	0	1	75	3.1058	4.2473	1	12.106	3.2474	0	-7.3438	3	-1	1	0	0	0	0
0	1218.5	1.2266	-5.5659	1.2266	-5.5659	0	1	75	3.1058	4.2473	1	12.106	3.2474	0	-7.3438	3	-1	1	0	0	0	0
0	1235.1	1.0054	-6.0163	1.0054	-6.0163	0	1	75	3.1058	4.2473	1	12.106	3.2474	0	-7.3438	3	-1	1	0	0	0	0
0	1251.7	0.84453	-6.4024	0.84453	-6.4024	0	1	75	3.1058	4.2473	1	12.106	3.2474	0	-7.3438	3	-1	1	0	0	0	0
0	1268.1	0.74399	-6.5954	0.74399	-6.5954	0	1	75	3.1058	4.2473	1	12.106	3.2474	0	-7.3438	3	-1	1	0	0	0	0
0	1284.7	0.5027	-6.8849	0.5027	-6.8849	0	1	75	3.1058	4.2473	1	12.106	3.2474	0	-7.3438	3	-1	1	0	0	0	0
0	1301.3	0.16086	-7.1745	0.16086	-7.1745	0	1	75	3.1058	4.2473	1	12.106	3.2474	0	-7.3438	3	-1	1	0	0	0	0
0	1318	-0.020108	-7.3032	-0.020108	-7.3032	0	1	75	3.1058	4.2473	1	12.106	3.2474	0	-7.3438	3	-1	1	0	0	0	0
0	1334.6	-0.20108	-7.3997	-0.20108	-7.3997	0	1	75	3.1058	4.2473	1	12.106	3.2474	0	-7.3438	3	-1	1	0	0	0	0
0	1351.1	-0.40216	-7.5284	-0.40216	-7.5284	0	1	75	3.1058	4.2473	1	12.106	3.2474	0	-7.3438	3	-1	1	0	0	0	0
0	1367.7	-0.42227	-7.5606	-0.42227	-7.5606	0	1	75	3.1058	4.2473	1	12.106	3.2474	0	-7.3438	3	-1	1	0	0	0	0
0	1384.2	-0.40216	-7.5606	-0.40216	-7.5606	0	1	75	3.1058	4.2473	1	12.106	3.2474	0	-7.3438	3	-1	1	0	0	0	0
0	1400.9	-0.40216	-7.5606	-0.40216	-7.5606	0	1	75	3.1058	4.2473	1	12.106	3.2474	0	-7.3438	3	-1	1	0	0	0	0
0	1417.5	-0.40216	-7.5606	-0.40216	-7.5606	0	1	75	3.1058	4.2473	1	12.106	3.2474	0	-7.3438	3	-1	1	0	0	0	0
0	1434.2	-0.40216	-7.5606	-0.40216	-7.5606	0	1	75	3.1058	4.2473	1	12.106	3.2474	0	-7.3438	3	-1	1	0	0	0	0
0	1450.7	-0.40216	-7.5606	-0.40216	-7.5606	0	1	75	3.1058	4.2473	1	12.106	3.2474	0	-7.3438	3	-1	1	0	0	0	0
0	1467.3	-0.40216	-7.5284	-0.40216	-7.5284	0	1	75	3.1058	4.2473	1	12.106	3.2474	0	-7.3438	3	-1	1	0	0	0	0
0	1483.9	-0.40216	-7.5284	-0.40216	-7.5284	0	1	75	3.1058	4.2473	1	12.106	3.2474	0	-7.3438	3	-1	1	0	0	0	0
0	1500.5	-0.40216	-7.5284	-0.40216	-7.5284	0	1	75	3.1058	4.2473	1	12.106	3.2474	0	-7.3438	3	-1	1	0	0	0	0
0	1517.1	-0.40216	-7.5284	-0.40216	-7.5284	0	1	75	3.1058	4.2473	1	12.106	3.2474	0	-7.3438	3	-1	1	0	0	0	0
0	1533.7	-0.40216	-7.5284	-0.40216	-7.5284	0	1	75	3.1058	4.2473	1	12.106	3.2474	0	-7.3438	3	-1	1	0	0	0	0
0	1550.2	-0.40216	-7.5284	-0.40216	-7.5284	0	1	75	3.1058	4.2473	1	12.106	3.2474	0	-7.3438	3	-1	1	0	0	0	0
0	1566.9	-0.40216	-7.5284	-0.40216	-7.5284	0	1	75	3.1058	4.2473	1	12.106	3.2474	0	-7.3438	3	-1	1	0	0	0	0
0	1583.4	-0.40216	-7.5284	-0.40216	-7.5284	0	1	75	3.1058	4.2473	1	12.106	3.2474	0	-7.3438	3	-1	1	0	0	0	0
0	1600	-0.40216	-7.5284	-0.40216	-7.5284	0	1	75	3.1058	4.2473	1	12.106	3.2474	0	-7.3438	3	-1	1	0	0	0	0
0	1616.6	-0.40216	-7.5284	-0.40216	-7.5284	0	1	75	3.1058	4.2473	1	12.106	3.2474	0	-7.3438	3	-1	1	0	0	0	0
0	1633.2	-0.40216	-7.5606	-0.40216	-7.5606	0	1	75	3.1058	4.2473	1	12.106	3.2474	0	-7.3438	3	-1	1	0	0	0	0
0	1649.9	-0.40216	-7.5606	-0.40216	-7.5606	0	1	75	3.1058	4.2473	1	12.106	3.2474	0	-7.3438	3	-1	1	0	0	0	0
0	1666.5	-0.38205	-7.5606	-0.38205	-7.5606	0	1	75	3.1058	4.2473	1	12.106	3.2474	0	-7.3438	3	-1	1	0	0	0	0
0	1683	-0.40216	-7.5606	-0.40216	-7.5606	0	1	75	3.1058	4.2473	1	12.106	3.2474	0	-7.3438	3	-1	1	0	0	0	0
0	1699.6	-0.40216	-7.5606	-0.40216	-7.5606	0	1	75	3.1058	4.2473	1	12.106	3.2474	0	-7.3438	3	-1	1	0	0	0	0
0	1716.2	-0.40216	-7.5606	-0.40216	-7.5606	0	1	75	3.1058	4.2473	1	12.106	3.2474	0	-7.3438	3	-1	1	0	0	0	0
0	1732.8	-0.38205	-7.5606	-0.38205	-7.5606	0	1	75	3.1058	4.2473	1	12.106	3.2474	0	-7.3438	3	-1	1	1	0	0	0
0	1749.4	-0.38205	-7.5606	-0.38205	-7.5606	0	1	75	3.1058	4.2473	1	12.106	3.2474	0	-7.3438	3	-1	1	1	0	0	0
0	1766.1	-0.38205	-7.5606	-0.38205	-7.5606	0	1	75	3.1058	4.2473	1	12.106	3.2474	0	-7.3438	3	-1	1	1	0	0	0
0	1782.6	-0.38205	-7.5606	-0.38205	-7.5606	0	1	75	3.1058	4.2473	1	12.106	3.2474	0	-7.3438	3	-1	1	1	0	0	0
0	1799.2	-0.38205	-7.5606	-0.38205	-7.5606	0	1	75	3.1058	4.2473	1	12.106	3.2474	0	-7.3438	3	-1	1	1	0	0	0
0	1815.8	-0.38205	-7.5606	-0.38205	-7.5606	0	1	75	3.1058	4.2473	1	12.106	3.2474	0	-7.3438	3	-1	1	1	0	0	0
0	1832.3	-0.38205	-7.5606	-0.38205	-7.5606	0	1	75	3.1058	4.2473	1	12.106	3.2474	0	-7.3438	3	-1	1	1	0	0	0
0	1849	-0.34183	-7.4962	-0.34183	-7.4962	0	1	75	3.1058	4.2473	1	12.106	3.2474	0	-7.3438	3	-1	1	1	0	0	0
0	1865.5	-0.28151	-7.271	-0.28151	-7.271	0	1	75	3.1058	4.2473	1	12.106	3.2474	0	-7.3438	3	-1	1	1	0	0	0
0	1882.2	-0.24129	-6.8206	-0.24129	-6.8206	0	1	75	3.1058	4.2473	1	12.106	3.2474	0	-7.3438	3	-1	1	1	0	0	0
0	1898.8	-0.24129	-6.531	-0.24129	-6.531	0	1	75	3.1058	4.2473	1	12.106	3.2474	0	-7.3438	3	-1	1	1	0	0	0
0	1915.3	-0.28151	-5.7911	-0.28151	-5.7911	0	1	75	3.1058	4.2473	1	12.106	3.2474	0	-7.3438	3	-1	1	1	0	0	0
0	1931.9	-0.28151	-5.4372	-0.28151	-5.4372	0	1	75	3.1058	4.2473	1	12.106	3.2474	0	-7.3438	3	-1	1	1	0	0	0
0	1948.5	-0.30162	-4.7294	-0.30162	-4.7294	0	1	75	3.1058	4.2473	1	12.106	3.2474	0	-7.3438	3	-1	1	1	0	0	0
0	1965	-0.30162	-4.0859	-0.30162	-4.0859	0	2	75	3.1058	4.2473	1	12.106	3.2474	0	-7.3438	3	-1	1	1	0	0	0
0	1981.7	-0.30162	-3.4425	-0.30162	-3.4425	0	2	75	3.1058	4.2473	1	12.106	3.2474	0	-7.3438	3	-1	1	1	0	0	0
0	1998.3	-0.32173	-3.0886	-0.32173	-3.0886	0	2	75	3.1058	4.2473	1	12.106	3.2474	0	-7.3438	3	-1	1	1	0	0	0
0	2014.9	-0.30162	-2.4129	-0.30162	-2.4129	0	2	75	3.1058	4.2473	1	12.106	3.2474	0	-7.3438	3	-1	1	1	0	0	0
0	2031.5	-0.2614	-2.059	-0.2614	-2.059	0	2	75	3.1058	4.2473	1	12.106	3.2474	0	-7.3438	3	-1	1	1	0	0	0
0	2048.1	-0.16086	-1.3191	-0.16086	-1.3191	0	2	75	3.1058	4.2473	1	12.106	3.2474	0	-7.3438	3	-1	1	1	0	1	0
0	2064.6	0	-0.57911	0	-0.57911	0	2	75	3.1058	4.2473	1	12.106	3.2474	0	-7.3438	3	-1	1	1	0	0	0
0	2081.3	0.14076	0.19304	0.14076	0.19304	0	2	75	3.1058	4.2473	1	12.106	3.2474	0	-7.3438	3	-1	1	1	0	0	0
0	2097.9	0.20108	0.54693	0.20108	0.54693	0	2	75	3.1058	4.2473	1	12.106	3.2474	0	-7.3438	3	-1	1	1	0	0	0
0	2114.5	0.2614	1.2547	0.2614	1.2547	0	2	75	3.1058	4.2473	1	12.106	3.2474	0	-7.3438	3	-1	1	1	0	0	0
0	2131	0.28151	1.6086	0.28151	1.6086	0	2	75	3.1058	4.2473	1	12.106	3.2474	0	-7.3438	3	-1	1	1	0	0	0
0	2147.7	0.34183	2.2521	0.34183	2.2521	0	2	75	3.1058	4.2473	1	12.106	3.2474	0	-7.3438	3	-1	1	1	0	0	0
0	2164.2	0.42227	2.8634	0.42227	2.8634	0	2	75	3.1058	4.2473	1	12.106	3.2474	0	-7.3438	3	-1	1	1	0	0	0
0	2180.8	0.48259	3.1529	0.48259	3.1529	0	2	75	3.1058	4.2473	1	12.106	3.2474	0	-7.3438	3	-1	1	1	0	0	0
0	2197.4	0.58313	3.6677	0.58313	3.6677	0	2	75	3.1058	4.2473	1	12.106	3.2474	0	-7.3438	3	-1	1	1	0	0	0
0	2214.1	0.64345	4.0859	0.64345	4.0859	0	2	75	3.1058	4.2473	1	12.106	3.2474	0	-7.3438	3	-1	1	1	0	0	0
0	2230.7	0.68367	4.2468	0.68367	4.2468	0	2	75	3.1058	4.2473	1	12.106	3.2474	0	-7.3438	3	-1	1	1	0	0	0
0	2247.2	0.7641	4.5685	0.7641	4.5685	0	2	75	3.1058	4.2473	1	12.106	3.2474	0	-7.3438	3	-1	1	1	0	0	0
0	2263.8	0.82442	4.8581	0.82442	4.8581	0	2	75	3.1058	4.2473	1	12.106	3.2474	0	-7.3438	3	-1	1	1	0	0	0
0	2280.4	0.84453	4.9868	0.84453	4.9868	0	2	75	3.1058	4.2473	1	12.106	3.2474	0	-7.3438	3	-1	1	1	0	0	0
0	2297	0.86464	5.1476	0.86464	5.1476	0	2	75	3.1058	4.2473	1	12.106	3.2474	0	-7.3438	3	-1	1	1	0	0	0
0	2313.7	0.86464	5.2763	0.86464	5.2763	0	2	75	3.1058	4.2473	1	12.106	3.2474	0	-7.3438	3	-1	1	1	0	0	0
0	2330.1	0.86464	5.3085	0.86464	5.3085	0	2	75	3.1058	4.2473	1	12.106	3.2474	0	-7.3438	3	-1	1	1	0	0	0
0	2346.8	0.86464	5.405	0.86464	5.405	0	2	75	3.1058	4.2473	1	12.106	3.2474	0	-7.3438	3	-1	1	1	0	0	0
0	2363.3	0.86464	5.4693	0.86464	5.4693	0	2	75	3.1058	4.2473	1	12.106	3.2474	0	-7.3438	3	-1	1	1	0	0	0
0	2380	0.86464	5.5015	0.86464	5.5015	0	2	75	3.1058	4.2473	1	12.106	3.2474	0	-7.3438	3	-1	1	1	0	0	0
0	2396.5	0.86464	5.5337	0.86464	5.5337	0	2	75	3.1058	4.2473	1	12.106	3.2474	0	-7.3438	3	-1	1	0	0	0	0
0	2413.2	0.86464	5.5337	0.86464	5.5337	0	3	75	3.1058	4.2473	1	12.106	3.2474	0	-7.3438	3	-1	1	0	0	0	0
1	28.868	-0.30162	-7.5927	-0.30162	-7.5927	0	1	105	-3.1058	4.2473	1	5.8942	3.2474	0	-7.3438	3	-1	1	0	0	0	0
1	45.458	-0.30162	-7.6249	-0.30162	-7.6249	0	1	105	-3.1058	4.2473	1	5.8942	3.2474	0	-7.3438	3	-1	1	0	0	0	0
1	62.059	-0.30162	-7.6249	-0.30162	-7.6249	0	1	105	-3.1058	4.2473	1	5.8942	3.2474	0	-7.3438	3	-1	1	0	0	0	0
1	78.638	-0.2614	-7.6571	-0.2614	-7.6571	0	1	105	-3.1058	4.2473	1	5.8942	3.2474	0	-7.3438	3	-1	1	0	0	0	0
1	95.207	-0.24129	-7.6571	-0.24129	-7.6571	0	1	105	-3.1058	4.2473	1	5.8942	3.2474	0	-7.3438	3	-1	1	0	0	0	0
1	111.81	-0.20108	-7.6571	-0.20108	-7.6571	0	1	105	-3.1058	4.2473	1	5.8942	3.2474	0	-7.3438	3	-1	1	0	0	0	0
1	128.4	-0.18097	-7.6571	-0.18097	-7.6571	0	1	105	-3.1058	4.2473	1	5.8942	3.2474	0	-7.3438	3	-1	1	0	0	0	0
1	145.01	-0.18097	-7.6571	-0.18097	-7.6571	0	1	105	-3.1058	4.2473	1	5.8942	3.2474	0	-7.3438	3	-1	1	0	0	0	0
1	161.54	-0.16086	-7.6571	-0.16086	-7.6571	0	1	105	-3.1058	4.2473	1	5.8942	3.2474	0	-7.3438	3	-1	1	0	0	0	0
1	178.21	-0.16086	-7.6571	-0.16086	-7.6571	0	1	105	-3.1058	4.2473	1	5.8942	3.2474	0	-7.3438	3	-1	1	0	0	0	0
1	194.78	-0.16086	-7.6571	-0.16086	-7.6571	0	1	105	-3.1058	4.2473	1	5.8942	3.2474	0	-7.3438	3	-1	1	0	0	0	0
1	211.34	-0.14076	-7.6571	-0.14076	-7.6571	0	1	105	-3.1058	4.2473	1	5.8942	3.2474	0	-7.3438	3	-1	1	0	0	0	0
1	227.95	-0.14076	-7.6571	-0.14076	-7.6571	0	1	105	-3.1058	4.2473	1	5.8942	3.2474	0	-7.3438	3	-1	1	0	0	0	0
1	244.55	-0.14076	-7.6571	-0.14076	-7.6571	0	1	105	-3.1058	4.2473	1	5.8942	3.2474	0	-7.3438	3	-1	1	0	0	0	0
1	261.15	-0.14076	-7.6571	-0.14076	-7.6571	0	1	105	-3.1058	4.2473	1	5.8942	3.2474	0	-7.3438	3	-1	1	0	0	0	0
1	277.78	-0.14076	-7.6571	-0.14076	-7.6571	0	1	105	-3.1058	4.2473	1	5.8942	3.2474	0	-7.3438	3	-1	1	0	0	0	0
1	294.35	-0.14076	-7.6571	-0.14076	-7.6571	0	1	105	-3.1058	4.2473	1	5.8942	3.2474	0	-7.3438	3	-1	1	0	0	0	0
1	310.93	-0.14076	-7.6571	-0.14076	-7.6571	0	1	105	-3.1058	4.2473	1	5.8942	3.2474	0	-7.3438	3	-1	1	0	0	0	0
1	327.5	-0.14076	-7.6571	-0.14076	-7.6571	0	1	105	-3.1058	4.2473	1	5.8942	3.2474	0	-7.3438	3	-1	1	0	0	0	0
1	344.08	-0.14076	-7.6571	-0.14076	-7.6571	0	1	105	-3.1058	4.2473	1	5.8942	3.2474	0	-7.3438	3	-1	1	0	0	0	0
1	360.62	-0.14076	-7.6571	-0.14076	-7.6571	0	1	105	-3.1058	4.2473	1	5.8942	3.2474	0	-7.3438	3	-1	1	0	0	0	0
1	377.34	-0.14076	-7.6571	-0.14076	-7.6571	0	1	105	-3.1058	4.2473	1	5.8942	3.2474	0	-7.3438	3	-1	1	0	0	0	0
1	393.94	-0.14076	-7.6571	-0.14076	-7.6571	0	1	105	-3.1058	4.2473	1	5.8942	3.2474	0	-7.3438	3	-1	1	0	0	0	0
1	410.52	-0.14076	-7.6571	-0.14076	-7.6571	0	1	105	-3.1058	4.2473	1	5.8942	3.2474	0	-7.3438	3	-1	1	0	0	0	0
1	427.08	-0.14076	-7.6571	-0.14076	-7.6571	0	1	105	-3.1058	4.2473	1	5.8942	3.2474	0	-7.3438	3	-1	1	0	0	0	0
1	443.67	-0.14076	-7.6571	-0.14076	-7.6571	0	1	105	-3.1058	4.2473	1	5.8942	3.2474	0	-7.3438	3	-1	1	0	0	0	0
1	460.19	-0.14076	-7.6571	-0.14076	-7.6571	0	1	105	-3.1058	4.2473	1	5.8942	3.2474	0	-7.3438	3	-1	1	0	0	0	0
1	476.88	-0.14076	-7.6571	-0.14076	-7.6571	0	1	105	-3.1058	4.2473	1	5.8942	3.2474	0	-7.3438	3	-1	1	0	0	0	0
1	493.5	-0.14076	-7.6571	-0.14076	-7.6571	0	1	105	-3.1058	4.2473	1	5.8942	3.2474	0	-7.3438	3	-1	1	0	0	0	0
1	510.08	-0.14076	-7.6571	-0.14076	-7.6571	0	1	105	-3.1058	4.2473	1	5.8942	3.2474	0	-7.3438	3	-1	1	0	0	0	0
1	526.64	-0.14076	-7.6571	-0.14076	-7.6571	0	1	105	-3.1058	4.2473	1	5.8942	3.2474	0	-7.3438	3	-1	1	0	0	0	0
1	543.26	-0.14076	-7.6571	-0.14076	-7.6571	0	1	105	-3.1058	4.2473	1	5.8942	3.2474	0	-7.3438	3	-1	1	0	0	0	0
1	559.84	-0.14076	-7.6571	-0.14076	-7.6571	0	1	105	-3.1058	4.2473	1	5.8942	3.2474	0	-7.3438	3	-1	1	0	0	0	0
1	576.43	-0.14076	-7.6571	-0.14076	-7.6571	0	1	105	-3.1058	4.2473	1	5.8942	3.2474	0	-7.3438	3	-1	1	0	0	0	0
1	593.05	-0.14076	-7.6571	-0.14076	-7.6571	0	1	105	-3.1058	4.2473	1	5.8942	3.2474	0	-7.3438	3	-1	1	0	0	0	0
1	609.62	-0.14076	-7.6571	-0.14076	-7.6571	0	1	105	-3.1058	4.2473	1	5.8942	3.2474	0	-7.3438	3	-1	1	0	0	0	0
1	626.24	-0.14076	-7.6571	-0.14076	-7.6571	0	1	105	-3.1058	4.2473	1	5.8942	3.2474	0	-7.3438	3	-1	1	0	0	0	0
1	642.82	-0.14076	-7.6571	-0.14076	-7.6571	0	1	105	-3.1058	4.2473	1	5.8942	3.2474	0	-7.3438	3	-1	1	0	0	0	0
1	659.37	-0.14076	-7.6571	-0.14076	-7.6571	0	1	105	-3.1058	4.2473	1	5.8942	3.2474	0	-7.3438	3	-1	1	0	0	0	0
1	676.01	-0.14076	-7.6571	-0.14076	-7.6571	0	1	105	-3.1058	4.2473	1	5.8942	3.2474	0	-7.3438	3	-1	1	0	0	0	0
1	692.62	-0.14076	-7.6571	-0.14076	-7.6571	0	1	105	-3.1058	4.2473	1	5.8942	3.2474	0	-7.3438	3	-1	1	0	0	0	0
1	709.17	-0.14076	-7.6571	-0.14076	-7.6571	0	1	105	-3.1058	4.2473	1	5.8942	3.2474	0	-7.3438	3	-1	1	0	0	0	0
1	725.78	-0.14076	-7.6571	-0.14076	-7.6571	0	1	105	-3.1058	4.2473	1	5.8942	3.2474	0	-7.3438	3	-1	1	0	0	0	0
1	742.4	-0.16086	-7.6571	-0.16086	-7.6571	0	1	105	-3.1058	4.2473	1	5.8942	3.2474	0	-7.3438	3	-1	1	0	0	0	0
1	758.97	-0.16086	-7.6571	-0.16086	-7.6571	0	1	105	-3.1058	4.2473	1	5.8942	3.2474	0	-7.3438	3	-1	1	0	0	0	0
1	775.56	-0.16086	-7.6571	-0.16086	-7.6571	0	1	105	-3.1058	4.2473	1	5.8942	3.2474	0	-7.3438	3	-1	1	0	0	0	0
1	792.09	-0.16086	-7.6571	-0.16086	-7.6571	0	1	105	-3.1058	4.2473	1	5.8942	3.2474	0	-7.3438	3	-1	1	0	0	0	0
1	808.66	-0.16086	-7.6571	-0.16086	-7.6571	0	1	105	-3.1058	4.2473	1	5.8942	3.2474	0	-7.3438	3	-1	1	0	0	0	0
1	825.37	-0.16086	-7.6249	-0.16086	-7.6249	0	1	105	-3.1058	4.2473	1	5.8942	3.2474	0	-7.3438	3	-1	1	1	0	0	0
1	841.97	-0.18097	-7.5927	-0.18097	-7.5927	0	1	105	-3.1058	4.2473	1	5.8942	3.2474	0	-7.3438	3	-1	1	1	0	0	0
1	858.47	-0.22119	-7.4319	-0.22119	-7.4319	0	1	105	-3.1058	4.2473	1	5.8942	3.2474	0	-7.3438	3	-1	1	1	0	0	0
1	875.09	-0.28151	-7.3354	-0.28151	-7.3354	0	1	105	-3.1058	4.2473	1	5.8942	3.2474	0	-7.3438	3	-1	1	1	0	0	0
1	891.73	-0.44237	-7.0458	-0.44237	-7.0458	0	1	105	-3.1058	4.2473	1	5.8942	3.2474	0	-7.3438	3	-1	1	1	0	0	0
1	908.43	-0.64345	-6.6597	-0.64345	-6.6597	0	1	105	-3.1058	4.2473	1	5.8942	3.2474	0	-7.3438	3	-1	1	1	0	0	0
1	924.94	-0.74399	-6.4667	-0.74399	-6.4667	0	1	105	-3.1058	4.2473	1	5.8942	3.2474	0	-7.3438	3	-1	1	1	0	0	0
1	941.49	-1.0255	-5.9841	-1.0255	-5.9841	0	1	105	-3.1058	4.2473	1	5.8942	3.2474	0	-7.3438	3	-1	1	1	0	0	0
1	958.04	-1.3271	-5.4693	-1.3271	-5.4693	0	1	105	-3.1058	4.2473	1	5.8942	3.2474	0	-7.3438	3	-1	1	1	0	0	0
1	974.65	-1.488	-5.212	-1.488	-5.212	0	2	105	-3.1058	4.2473	1	5.8942	3.2474	0	-7.3438	3	-1	1	1	0	0	0
1	991.29	-1.8097	-4.6972	-1.8097	-4.6972	0	2	105	-3.1058	4.2473	1	5.8942	3.2474	0	-7.3438	3	-1	1	1	0	0	0
1	1007.9	-2.1515	-4.1824	-2.1515	-4.1824	0	2	105	-3.1058	4.2473	1	5.8942	3.2474	0	-7.3438	3	-1	1	1	0	0	0
1	1024.5	-2.3325	-3.8929	-2.3325	-3.8929	0	2	105	-3.1058	4.2473	1	5.8942	3.2474	0	-7.3438	3	-1	1	1	0	0	0
1	1041.1	-2.7347	-3.2494	-2.7347	-3.2494	0	2	105	-3.1058	4.2473	1	5.8942	3.2474	0	-7.3438	3	-1	1	1	0	0	0
1	1057.7	-3.1569	-2.5416	-3.1569	-2.5416	0	2	105	-3.1058	4.2473	1	5.8942	3.2474	0	-7.3438	3	-1	1	1	0	0	0
1	1074.3	-3.358	-2.1877	-3.358	-2.1877	0	2	105	-3.1058	4.2473	1	5.8942	3.2474	0	-7.3438	3	-1	1	1	0	1	0
1	1090.8	-3.7803	-1.5121	-3.7803	-1.5121	0	2	105	-3.1058	4.2473	1	5.8942	3.2474	0	-7.3438	3	-1	1	1	0	0	0
1	1107.4	-4.2025	-0.83649	-4.2025	-0.83649	0	2	105	-3.1058	4.2473	1	5.8942	3.2474	0	-7.3438	3	-1	1	1	0	0	0
1	1124.1	-4.4237	-0.51476	-4.4237	-0.51476	0	2	105	-3.1058	4.2473	1	5.8942	3.2474	0	-7.3438	3	-1	1	1	0	0	0
1	1140.7	-4.846	0.12869	-4.846	0.12869	0	2	105	-3.1058	4.2473	1	5.8942	3.2474	0	-7.3438	3	-1	1	1	0	0	0
1	1157.2	-5.2683	0.7078	-5.2683	0.7078	0	2	105	-3.1058	4.2473	1	5.8942	3.2474	0	-7.3438	3	-1	1	1	0	0	0
1	1173.8	-5.4895	0.99735	-5.4895	0.99735	0	2	105	-3.1058	4.2473	1	5.8942	3.2474	0	-7.3438	3	-1	1	1	0	0	0
1	1190.4	-5.8916	1.5443	-5.8916	1.5443	0	2	105	-3.1058	4.2473	1	5.8942	3.2474	0	-7.3438	3	-1	1	1	0	0	0
1	1207	-6.0726	1.8017	-6.0726	1.8017	0	2	105	-3.1058	4.2473	1	5.8942	3.2474	0	-7.3438	3	-1	1	1	0	0	0
1	1223.6	-6.4144	2.3164	-6.4144	2.3164	0	2	105	-3.1058	4.2473	1	5.8942	3.2474	0	-7.3438	3	-1	1	1	0	0	0
1	1240.2	-6.6758	2.7668	-6.6758	2.7668	0	2	105	-3.1058	4.2473	1	5.8942	3.2474	0	-7.3438	3	-1	1	1	0	0	0
1	1256.8	-6.8769	3.1851	-6.8769	3.1851	0	2	105	-3.1058	4.2473	1	5.8942	3.2474	0	-7.3438	3	-1	1	1	0	0	0
1	1273.5	-6.9573	3.346	-6.9573	3.346	0	2	105	-3.1058	4.2473	1	5.8942	3.2474	0	-7.3438	3	-1	1	1	0	0	0
1	1290	-7.078	3.5712	-7.078	3.5712	0	2	105	-3.1058	4.2473	1	5.8942	3.2474	0	-7.3438	3	-1	1	1	0	0	0
1	1306.6	-7.1383	3.6355	-7.1383	3.6355	0	2	105	-3.1058	4.2473	1	5.8942	3.2474	0	-7.3438	3	-1	1	1	0	0	0
1	1323.2	-7.1986	3.732	-7.1986	3.732	0	2	105	-3.1058	4.2473	1	5.8942	3.2474	0	-7.3438	3	-1	1	0	0	0	0
1	1339.8	-7.2187	3.7642	-7.2187	3.7642	0	2	105	-3.1058	4.2473	1	5.8942	3.2474	0	-7.3438	3	-1	1	0	0	0	0
1	1356.3	-7.2187	3.7642	-7.2187	3.7642	0	2	105	-3.1058	4.2473	1	5.8942	3.2474	0	-7.3438	3	-1	1	0	0	0	0
1	1372.9	-7.2187	3.7642	-7.2187	3.7642	0	2	105	-3.1058	4.2473	1	5.8942	3.2474	0	-7.3438	3	-1	1	0	0	0	0
1	1389.6	-7.2187	3.7642	-7.2187	3.7642	0	2	105	-3.1058	4.2473	1	5.8942	3.2474	0	-7.3438	3	-1	1	0	0	0	0
1	1406.2	-7.2187	3.7642	-7.2187	3.7642	0	2	105	-3.1058	4.2473	1	5.8942	3.2474	0	-7.3438	3	-1	1	0	0	0	0
1	1422.8	-7.2187	3.7642	-7.2187	3.7642	0	2	105	-3.1058	4.2473	1	5.8942	3.2474	0	-7.3438	3	-1	1	0	0	0	0
1	1439.3	-7.2187	3.7642	-7.2187	3.7642	0	3	105	-3.1058	4.2473	1	5.8942	3.2474	0	-7.3438	3	-1	1	0	0	0	0
2	30.254	-0.5027	-7.5284	-0.5027	-7.5284	0	1	90	0	4.6562	1	9	3.6562	0	-7.3438	3	-1	1	0	0	0	0
2	46.865	-0.38205	-7.5927	-0.38205	-7.5927	0	1	90	0	4.6562	1	9	3.6562	0	-7.3438	3	-1	1	0	0	0	0
2	63.471	-0.32173	-7.6249	-0.32173	-7.6249	0	1	90	0	4.6562	1	9	3.6562	0	-7.3438	3	-1	1	0	0	0	0
2	80.071	-0.24129	-7.6571	-0.24129	-7.6571	0	1	90	0	4.6562	1	9	3.6562	0	-7.3438	3	-1	1	0	0	0	0
2	96.647	-0.18097	-7.6571	-0.18097	-7.6571	0	1	90	0	4.6562	1	9	3.6562	0	-7.3438	3	-1	1	0	0	0	0
2	113.21	-0.18097	-7.6571	-0.18097	-7.6571	0	1	90	0	4.6562	1	9	3.6562	0	-7.3438	3	-1	1	0	0	0	0
2	129.79	-0.18097	-7.6571	-0.18097	-7.6571	0	1	90	0	4.6562	1	9	3.6562	0	-7.3438	3	-1	1	0	0	0	0
2	146.41	-0.18097	-7.6571	-0.18097	-7.6571	0	1	90	0	4.6562	1	9	3.6562	0	-7.3438	3	-1	1	0	0	0	0
2	163.08	-0.18097	-7.6571	-0.18097	-7.6571	0	1	90	0	4.6562	1	9	3.6562	0	-7.3438	3	-1	1	0	0	0	0
2	179.62	-0.18097	-7.6571	-0.18097	-7.6571	0	1	90	0	4.6562	1	9	3.6562	0	-7.3438	3	-1	1	0	0	0	0
2	196.16	-0.18097	-7.6571	-0.18097	-7.6571	0	1	90	0	4.6562	1	9	3.6562	0	-7.3438	3	-1	1	0	0	0	0
2	212.79	-0.18097	-7.6571	-0.18097	-7.6571	0	1	90	0	4.6562	1	9	3.6562	0	-7.3438	3	-1	1	0	0	0	0
2	229.29	-0.18097	-7.6571	-0.18097	-7.6571	0	1	90	0	4.6562	1	9	3.6562	0	-7.3438	3	-1	1	0	0	0	0
2	245.97	-0.18097	-7.6571	-0.18097	-7.6571	0	1	90	0	4.6562	1	9	3.6562	0	-7.3438	3	-1	1	0	0	0	0
2	262.54	-0.18097	-7.6571	-0.18097	-7.6571	0	1	90	0	4.6562	1	9	3.6562	0	-7.3438	3	-1	1	0	0	0	0
2	279.2	-0.18097	-7.6571	-0.18097	-7.6571	0	1	90	0	4.6562	1	9	3.6562	0	-7.3438	3	-1	1	0	0	0	0
2	295.79	-0.18097	-7.6571	-0.18097	-7.6571	0	1	90	0	4.6562	1	9	3.6562	0	-7.3438	3	-1	1	0	0	0	0
2	312.36	-0.18097	-7.6571	-0.18097	-7.6571	0	1	90	0	4.6562	1	9	3.6562	0	-7.3438	3	-1	1	0	0	0	0
2	328.93	-0.18097	-7.6571	-0.18097	-7.6571	0	1	90	0	4.6562	1	9	3.6562	0	-7.3438	3	-1	1	0	0	0	0
2	345.52	-0.18097	-7.6571	-0.18097	-7.6571	0	1	90	0	4.6562	1	9	3.6562	0	-7.3438	3	-1	1	0	0	0	0
2	362.12	-0.18097	-7.6571	-0.18097	-7.6571	0	1	90	0	4.6562	1	9	3.6562	0	-7.3438	3	-1	1	1	0	0	0
2	378.73	-0.18097	-7.6571	-0.18097	-7.6571	0	1	90	0	4.6562	1	9	3.6562	0	-7.3438	3	-1	1	1	0	0	0
2	395.3	-0.18097	-7.6571	-0.18097	-7.6571	0	1	90	0	4.6562	1	9	3.6562	0	-7.3438	3	-1	1	1	0	0	0
2	411.95	-0.18097	-7.6571	-0.18097	-7.6571	0	1	90	0	4.6562	1	9	3.6562	0	-7.3438	3	-1	1	1	0	0	0
2	428.53	-0.16086	-7.6571	-0.16086	-7.6571	0	1	90	0	4.6562	1	9	3.6562	0	-7.3438	3	-1	1	1	0	0	0
2	445.1	-0.14076	-7.6249	-0.14076	-7.6249	0	1	90	0	4.6562	1	9	3.6562	0	-7.3438	3	-1	1	1	0	0	0
2	461.7	-0.080432	-7.5927	-0.080432	-7.5927	0	1	90	0	4.6562	1	9	3.6562	0	-7.3438	3	-1	1	1	0	0	0
2	478.28	0.040216	-7.4962	0.040216	-7.4962	0	1	90	0	4.6562	1	9	3.6562	0	-7.3438	3	-1	1	1	0	0	0
2	494.91	0.10054	-7.4319	0.10054	-7.4319	0	1	90	0	4.6562	1	9	3.6562	0	-7.3438	3	-1	1	1	0	0	0
2	511.42	0.18097	-7.2388	0.18097	-7.2388	0	1	90	0	4.6562	1	9	3.6562	0	-7.3438	3	-1	1	1	0	0	0
2	528.14	0.20108	-6.9493	0.20108	-6.9493	0	1	90	0	4.6562	1	9	3.6562	0	-7.3438	3	-1	1	1	0	0	0
2	544.63	0.18097	-6.7562	0.18097	-6.7562	0	1	90	0	4.6562	1	9	3.6562	0	-7.3438	3	-1	1	1	0	0	0
2	561.23	0.12065	-6.338	0.12065	-6.338	0	1	90	0	4.6562	1	9	3.6562	0	-7.3438	3	-1	1	1	0	0	0
2	577.85	0	-5.8232	0	-5.8232	0	1	90	0	4.6562	1	9	3.6562	0	-7.3438	3	-1	1	1	0	0	0
2	594.45	-0.060324	-5.5337	-0.060324	-5.5337	0	1	90	0	4.6562	1	9	3.6562	0	-7.3438	3	-1	1	1	0	0	0
2	611.07	-0.16086	-4.9868	-0.16086	-4.9868	0	1	90	0	4.6562	1	9	3.6562	0	-7.3438	3	-1	1	1	0	0	0
2	627.67	-0.24129	-4.472	-0.24129	-4.472	0	2	90	0	4.6562	1	9	3.6562	0	-7.3438	3	-1	1	1	0	0	0
2	644.25	-0.28151	-4.2468	-0.28151	-4.2468	0	2	90	0	4.6562	1	9	3.6562	0	-7.3438	3	-1	1	1	0	0	0
2	660.82	-0.34183	-3.6999	-0.34183	-3.6999	0	2	90	0	4.6562	1	9	3.6562	0	-7.3438	3	-1	1	1	0	0	0
2	677.35	-0.44237	-3.0886	-0.44237	-3.0886	0	2	90	0	4.6562	1	9	3.6562	0	-7.3438	3	-1	1	1	0	0	0
2	694	-0.5027	-2.7668	-0.5027	-2.7668	0	2	90	0	4.6562	1	9	3.6562	0	-7.3438	3	-1	1	1	0	0	0
2	710.64	-0.62334	-2.0912	-0.62334	-2.0912	0	2	90	0	4.6562	1	9	3.6562	0	-7.3438	3	-1	1	1	0	1	0
2	727.2	-0.74399	-1.4478	-0.74399	-1.4478	0	2	90	0	4.6562	1	9	3.6562	0	-7.3438	3	-1	1	1	0	0	0
2	743.81	-0.82442	-1.1582	-0.82442	-1.1582	0	2	90	0	4.6562	1	9	3.6562	0	-7.3438	3	-1	1	1	0	0	0
2	760.46	-0.94507	-0.51476	-0.94507	-0.51476	0	2	90	0	4.6562	1	9	3.6562	0	-7.3438	3	-1	1	1	0	0	0
2	776.99	-1.0255	-0.19304	-1.0255	-0.19304	0	2	90	0	4.6562	1	9	3.6562	0	-7.3438	3	-1	1	1	0	0	0
2	793.57	-1.1663	0.51476	-1.1663	0.51476	0	2	90	0	4.6562	1	9	3.6562	0	-7.3438	3	-1	1	1	0	0	0
2	810.2	-1.3271	1.1582	-1.3271	1.1582	0	2	90	0	4.6562	1	9	3.6562	0	-7.3438	3	-1	1	1	0	0	0
2	826.78	-1.4679	1.7695	-1.4679	1.7695	0	2	90	0	4.6562	1	9	3.6562	0	-7.3438	3	-1	1	1	0	0	0
2	843.33	-1.5483	2.0269	-1.5483	2.0269	0	2	90	0	4.6562	1	9	3.6562	0	-7.3438	3	-1	1	1	0	0	0
2	859.97	-1.6488	2.5095	-1.6488	2.5095	0	2	90	0	4.6562	1	9	3.6562	0	-7.3438	3	-1	1	1	0	0	0
2	876.52	-1.6891	2.7347	-1.6891	2.7347	0	2	90	0	4.6562	1	9	3.6562	0	-7.3438	3	-1	1	1	0	0	0
2	893.1	-1.7293	3.1851	-1.7293	3.1851	0	2	90	0	4.6562	1	9	3.6562	0	-7.3438	3	-1	1	1	0	0	0
2	909.77	-1.7494	3.5068	-1.7494	3.5068	0	2	90	0	4.6562	1	9	3.6562	0	-7.3438	3	-1	1	1	0	0	0
2	926.31	-1.7494	3.7642	-1.7494	3.7642	0	2	90	0	4.6562	1	9	3.6562	0	-7.3438	3	-1	1	1	0	0	0
2	942.93	-1.7494	3.8607	-1.7494	3.8607	0	2	90	0	4.6562	1	9	3.6562	0	-7.3438	3	-1	1	1	0	0	0
2	959.51	-1.7293	4.0538	-1.7293	4.0537	0	2	90	0	4.6562	1	9	3.6562	0	-7.3438	3	-1	1	1	0	0	0
2	976.14	-1.7092	4.1181	-1.7092	4.1181	0	2	90	0	4.6562	1	9	3.6562	0	-7.3438	3	-1	1	1	0	0	0
2	992.73	-1.6891	4.2468	-1.6891	4.2468	0	2	90	0	4.6562	1	9	3.6562	0	-7.3438	3	-1	1	1	0	0	0
2	1009.3	-1.6891	4.3111	-1.6891	4.3111	0	2	90	0	4.6562	1	9	3.6562	0	-7.3438	3	-1	1	1	0	0	0
2	1025.9	-1.6891	4.3433	-1.6891	4.3433	0	2	90	0	4.6562	1	9	3.6562	0	-7.3438	3	-1	1	1	0	0	0
2	1042.5	-1.6891	4.3433	-1.6891	4.3433	0	2	90	0	4.6562	1	9	3.6562	0	-7.3438	3	-1	1	0	0	0	0
2	1059.1	-1.6891	4.3755	-1.6891	4.3755	0	2	90	0	4.6562	1	9	3.6562	0	-7.3438	3	-1	1	0	0	0	0
2	1075.7	-1.6891	4.3755	-1.6891	4.3755	0	3	90	0	4.6562	1	9	3.6562	0	-7.3438	3	-1	1	0	0	0	0
3	30.768	-0.34183	-7.6249	-0.34183	-7.6249	0	1	75	3.1058	4.2473	1	12.106	3.2474	0	-7.3438	3	-1	1	0	0	0	0
3	47.323	-0.28151	-7.6249	-0.28151	-7.6249	0	1	75	3.1058	4.2473	1	12.106	3.2474	0	-7.3438	3	-1	1	0	0	0	0
3	63.896	-0.22119	-7.6571	-0.22119	-7.6571	0	1	75	3.1058	4.2473	1	12.106	3.2474	0	-7.3438	3	-1	1	0	0	0	0
3	80.504	-0.20108	-7.6571	-0.20108	-7.6571	0	1	75	3.1058	4.2473	1	12.106	3.2474	0	-7.3438	3	-1	1	0	0	0	0
3	97.086	-0.20108	-7.6571	-0.20108	-7.6571	0	1	75	3.1058	4.2473	1	12.106	3.2474	0	-7.3438	3	-1	1	0	0	0	0
3	113.68	-0.20108	-7.6571	-0.20108	-7.6571	0	1	75	3.1058	4.2473	1	12.106	3.2474	0	-7.3438	3	-1	1	0	0	0	0
3	130.25	-0.20108	-7.6571	-0.20108	-7.6571	0	1	75	3.1058	4.2473	1	12.106	3.2474	0	-7.3438	3	-1	1	0	0	0	0
3	146.89	-0.20108	-7.6571	-0.20108	-7.6571	0	1	75	3.1058	4.2473	1	12.106	3.2474	0	-7.3438	3	-1	1	0	0	0	0
3	163.5	-0.20108	-7.6571	-0.20108	-7.6571	0	1	75	3.1058	4.2473	1	12.106	3.2474	0	-7.3438	3	-1	1	0	0	0	0
3	180.09	-0.20108	-7.6571	-0.20108	-7.6571	0	1	75	3.1058	4.2473	1	12.106	3.2474	0	-7.3438	3	-1	1	0	0	0	0
3	196.66	-0.20108	-7.6571	-0.20108	-7.6571	0	1	75	3.1058	4.2473	1	12.106	3.2474	0	-7.3438	3	-1	1	0	0	0	0
3	213.24	-0.20108	-7.6571	-0.20108	-7.6571	0	1	75	3.1058	4.2473	1	12.106	3.2474	0	-7.3438	3	-1	1	0	0	0	0
3	229.85	-0.20108	-7.6571	-0.20108	-7.6571	0	1	75	3.1058	4.2473	1	12.106	3.2474	0	-7.3438	3	-1	1	0	0	0	0
3	246.42	-0.20108	-7.6571	-0.20108	-7.6571	0	1	75	3.1058	4.2473	1	12.106	3.2474	0	-7.3438	3	-1	1	0	0	0	0
3	263.01	-0.20108	-7.6571	-0.20108	-7.6571	0	1	75	3.1058	4.2473	1	12.106	3.2474	0	-7.3438	3	-1	1	0	0	0	0
3	279.63	-0.20108	-7.6571	-0.20108	-7.6571	0	1	75	3.1058	4.2473	1	12.106	3.2474	0	-7.3438	3	-1	1	0	0	0	0
3	296.2	-0.20108	-7.6571	-0.20108	-7.6571	0	1	75	3.1058	4.2473	1	12.106	3.2474	0	-7.3438	3	-1	1	0	0	0	0
3	312.9	-0.20108	-7.6571	-0.20108	-7.6571	0	1	75	3.1058	4.2473	1	12.106	3.2474	0	-7.3438	3	-1	1	0	0	0	0
3	329.4	-0.20108	-7.6571	-0.20108	-7.6571	0	1	75	3.1058	4.2473	1	12.106	3.2474	0	-7.3438	3	-1	1	0	0	0	0
3	346.01	-0.20108	-7.6571	-0.20108	-7.6571	0	1	75	3.1058	4.2473	1	12.106	3.2474	0	-7.3438	3	-1	1	0	0	0	0
3	362.61	-0.20108	-7.6571	-0.20108	-7.6571	0	1	75	3.1058	4.2473	1	12.106	3.2474	0	-7.3438	3	-1	1	0	0	0	0
3	379.22	-0.20108	-7.6571	-0.20108	-7.6571	0	1	75	3.1058	4.2473	1	12.106	3.2474	0	-7.3438	3	-1	1	0	0	0	0
3	395.78	-0.20108	-7.6571	-0.20108	-7.6571	0	1	75	3.1058	4.2473	1	12.106	3.2474	0	-7.3438	3	-1	1	1	0	0	0
3	412.42	-0.20108	-7.6571	-0.20108	-7.6571	0	1	75	3.1058	4.2473	1	12.106	3.2474	0	-7.3438	3	-1	1	1	0	0	0
3	428.99	-0.18097	-7.6571	-0.18097	-7.6571	0	1	75	3.1058	4.2473	1	12.106	3.2474	0	-7.3438	3	-1	1	1	0	0	0
3	445.6	-0.18097	-7.6571	-0.18097	-7.6571	0	1	75	3.1058	4.2473	1	12.106	3.2474	0	-7.3438	3	-1	1	1	0	0	0
3	462.17	-0.16086	-7.6571	-0.16086	-7.6571	0	1	75	3.1058	4.2473	1	12.106	3.2474	0	-7.3438	3	-1	1	1	0	0	0
3	478.83	-0.12065	-7.6249	-0.12065	-7.6249	0	1	75	3.1058	4.2473	1	12.106	3.2474	0	-7.3438	3	-1	1	1	0	0	0
3	495.38	-0.060324	-7.5606	-0.060324	-7.5606	0	1	75	3.1058	4.2473	1	12.106	3.2474	0	-7.3438	3	-1	1	1	0	0	0
3	511.92	-0.040216	-7.5284	-0.040216	-7.5284	0	1	75	3.1058	4.2473	1	12.106	3.2474	0	-7.3438	3	-1	1	1	0	0	0
3	528.59	0.020108	-7.3997	0.020108	-7.3997	0	1	75	3.1058	4.2473	1	12.106	3.2474	0	-7.3438	3	-1	1	1	0	0	0
3	545.13	0.080432	-7.1423	0.080432	-7.1423	0	1	75	3.1058	4.2473	1	12.106	3.2474	0	-7.3438	3	-1	1	1	0	0	0
3	561.76	0.10054	-7.0136	0.10054	-7.0136	0	1	75	3.1058	4.2473	1	12.106	3.2474	0	-7.3438	3	-1	1	1	0	0	0
3	578.33	0.14076	-6.6597	0.14076	-6.6597	0	1	75	3.1058	4.2473	1	12.106	3.2474	0	-7.3438	3	-1	1	1	0	0	0
3	594.93	0.20108	-6.2415	0.20108	-6.2415	0	1	75	3.1058	4.2473	1	12.106	3.2474	0	-7.3438	3	-1	1	1	0	0	0
3	611.54	0.24129	-6.0163	0.24129	-6.0163	0	1	75	3.1058	4.2473	1	12.106	3.2474	0	-7.3438	3	-1	1	1	0	0	0
3	628.08	0.36194	-5.5337	0.36194	-5.5337	0	1	75	3.1058	4.2473	1	12.106	3.2474	0	-7.3438	3	-1	1	1	0	0	0
3	644.66	0.42227	-5.3085	0.42227	-5.3085	0	1	75	3.1058	4.2473	1	12.106	3.2474	0	-7.3438	3	-1	1	1	0	0	0
3	661.3	0.56302	-4.8259	0.56302	-4.8259	0	2	75	3.1058	4.2473	1	12.106	3.2474	0	-7.3438	3	-1	1	1	0	0	0
3	677.93	0.72388	-4.279	0.72388	-4.279	0	2	75	3.1058	4.2473	1	12.106	3.2474	0	-7.3438	3	-1	1	1	0	0	0
3	694.52	0.94507	-3.6999	0.94507	-3.6999	0	2	75	3.1058	4.2473	1	12.106	3.2474	0	-7.3438	3	-1	1	1	0	1	0
3	711.01	1.0657	-3.4103	1.0657	-3.4103	0	2	75	3.1058	4.2473	1	12.106	3.2474	0	-7.3438	3	-1	1	1	0	0	0
3	727.71	1.2869	-2.8634	1.2869	-2.8634	0	2	75	3.1058	4.2473	1	12.106	3.2474	0	-7.3438	3	-1	1	1	0	0	0
3	744.28	1.4076	-2.606	1.4076	-2.606	0	2	75	3.1058	4.2473	1	12.106	3.2474	0	-7.3438	3	-1	1	1	0	0	0
3	760.84	1.6086	-2.0269	1.6086	-2.0269	0	2	75	3.1058	4.2473	1	12.106	3.2474	0	-7.3438	3	-1	1	1	0	0	0
3	777.42	1.7896	-1.4799	1.7896	-1.4799	0	2	75	3.1058	4.2473	1	12.106	3.2474	0	-7.3438	3	-1	1	1	0	0	0
3	794.04	1.9706	-0.99735	1.9706	-0.99735	0	2	75	3.1058	4.2473	1	12.106	3.2474	0	-7.3438	3	-1	1	1	0	0	0
3	810.67	2.051	-0.80432	2.051	-0.80432	0	2	75	3.1058	4.2473	1	12.106	3.2474	0	-7.3438	3	-1	1	1	0	0	0
3	827.26	2.1918	-0.48259	2.1918	-0.48259	0	2	75	3.1058	4.2473	1	12.106	3.2474	0	-7.3438	3	-1	1	1	0	0	0
3	843.85	2.2722	-0.32173	2.2722	-0.32173	0	2	75	3.1058	4.2473	1	12.106	3.2474	0	-7.3438	3	-1	1	1	0	0	0
3	860.45	2.4331	0.064345	2.4331	0.064345	0	2	75	3.1058	4.2473	1	12.106	3.2474	0	-7.3438	3	-1	1	1	0	0	0
3	877.02	2.5939	0.45042	2.5939	0.45042	0	2	75	3.1058	4.2473	1	12.106	3.2474	0	-7.3438	3	-1	1	1	0	0	0
3	893.6	2.7347	0.77214	2.7347	0.77214	0	2	75	3.1058	4.2473	1	12.106	3.2474	0	-7.3438	3	-1	1	1	0	0	0
3	910.2	2.7749	0.86866	2.7749	0.86866	0	2	75	3.1058	4.2473	1	12.106	3.2474	0	-7.3438	3	-1	1	1	0	0	0
3	926.79	2.8553	1.0295	2.8553	1.0295	0	2	75	3.1058	4.2473	1	12.106	3.2474	0	-7.3438	3	-1	1	1	0	0	0
3	943.43	2.8754	1.0939	2.8754	1.0939	0	2	75	3.1058	4.2473	1	12.106	3.2474	0	-7.3438	3	-1	1	1	0	0	0
3	960	2.9358	1.2226	2.9358	1.2226	0	2	75	3.1058	4.2473	1	12.106	3.2474	0	-7.3438	3	-1	1	1	0	0	0
3	976.57	2.9559	1.2869	2.9559	1.2869	0	2	75	3.1058	4.2473	1	12.106	3.2474	0	-7.3438	3	-1	1	0	0	0	0
3	993.15	2.976	1.3191	2.976	1.3191	0	2	75	3.1058	4.2473	1	12.106	3.2474	0	-7.3438	3	-1	1	0	0	0	0
3	1009.8	2.976	1.3191	2.976	1.3191	0	2	75	3.1058	4.2473	1	12.106	3.2474	0	-7.3438	3	-1	1	0	0	0	0
3	1026.4	2.976	1.3191	2.976	1.3191	0	2	75	3.1058	4.2473	1	12.106	3.2474	0	-7.3438	3	-1	1	0	0	0	0
3	1043	2.976	1.3191	2.976	1.3191	0	3	75	3.1058	4.2473	1	12.106	3.2474	0	-7.3438	3	-1	1	0	0	0	0
4	30.227	0.48259	-7.464	0.48259	-7.464	0	1	105	-3.1058	4.2473	1	5.8942	3.2474	0	-7.3438	3	-1	1	0	0	0	0
4	46.734	0.42227	-7.5284	0.42227	-7.5284	0	1	105	-3.1058	4.2473	1	5.8942	3.2474	0	-7.3438	3	-1	1	0	0	0	0
4	63.367	0.38205	-7.5606	0.38205	-7.5606	0	1	105	-3.1058	4.2473	1	5.8942	3.2474	0	-7.3438	3	-1	1	0	0	0	0
4	79.982	0.34183	-7.5606	0.34183	-7.5606	0	1	105	-3.1058	4.2473	1	5.8942	3.2474	0	-7.3438	3	-1	1	0	0	0	0
4	96.573	0.24129	-7.5927	0.24129	-7.5927	0	1	105	-3.1058	4.2473	1	5.8942	3.2474	0	-7.3438	3	-1	1	0	0	0	0
4	113.12	0.20108	-7.6249	0.20108	-7.6249	0	1	105	-3.1058	4.2473	1	5.8942	3.2474	0	-7.3438	3	-1	1	0	0	0	0
4	129.69	0.18097	-7.6249	0.18097	-7.6249	0	1	105	-3.1058	4.2473	1	5.8942	3.2474	0	-7.3438	3	-1	1	0	0	0	0
4	146.37	0.18097	-7.6249	0.18097	-7.6249	0	1	105	-3.1058	4.2473	1	5.8942	3.2474	0	-7.3438	3	-1	1	0	0	0	0
4	162.97	0.18097	-7.6249	0.18097	-7.6249	0	1	105	-3.1058	4.2473	1	5.8942	3.2474	0	-7.3438	3	-1	1	0	0	0	0
4	179.57	0.18097	-7.6249	0.18097	-7.6249	0	1	105	-3.1058	4.2473	1	5.8942	3.2474	0	-7.3438	3	-1	1	0	0	0	0
4	196.15	0.18097	-7.6249	0.18097	-7.6249	0	1	105	-3.1058	4.2473	1	5.8942	3.2474	0	-7.3438	3	-1	1	0	0	0	0
4	212.7	0.18097	-7.6249	0.18097	-7.6249	0	1	105	-3.1058	4.2473	1	5.8942	3.2474	0	-7.3438	3	-1	1	0	0	0	0
4	229.34	0.18097	-7.6249	0.18097	-7.6249	0	1	105	-3.1058	4.2473	1	5.8942	3.2474	0	-7.3438	3	-1	1	0	0	0	0
4	245.85	0.16086	-7.6249	0.16086	-7.6249	0	1	105	-3.1058	4.2473	1	5.8942	3.2474	0	-7.3438	3	-1	1	0	0	0	0
4	262.47	0.16086	-7.6249	0.16086	-7.6249	0	1	105	-3.1058	4.2473	1	5.8942	3.2474	0	-7.3438	3	-1	1	0	0	0	0
4	279.09	0.16086	-7.6249	0.16086	-7.6249	0	1	105	-3.1058	4.2473	1	5.8942	3.2474	0	-7.3438	3	-1	1	0	0	0	0
4	295.72	0.14076	-7.6249	0.14076	-7.6249	0	1	105	-3.1058	4.2473	1	5.8942	3.2474	0	-7.3438	3	-1	1	0	0	0	0
4	312.31	0.14076	-7.6249	0.14076	-7.6249	0	1	105	-3.1058	4.2473	1	5.8942	3.2474	0	-7.3438	3	-1	1	0	0	0	0
4	328.89	0.12065	-7.6249	0.12065	-7.6249	0	1	105	-3.1058	4.2473	1	5.8942	3.2474	0	-7.3438	3	-1	1	0	0	0	0
4	345.47	0.12065	-7.6249	0.12065	-7.6249	0	1	105	-3.1058	4.2473	1	5.8942	3.2474	0	-7.3438	3	-1	1	0	0	0	0
4	362.05	0.12065	-7.6249	0.12065	-7.6249	0	1	105	-3.1058	4.2473	1	5.8942	3.2474	0	-7.3438	3	-1	1	0	0	0	0
4	378.62	0.12065	-7.6249	0.12065	-7.6249	0	1	105	-3.1058	4.2473	1	5.8942	3.2474	0	-7.3438	3	-1	1	0	0	0	0
4	395.25	0.12065	-7.6249	0.12065	-7.6249	0	1	105	-3.1058	4.2473	1	5.8942	3.2474	0	-7.3438	3	-1	1	0	0	0	0
4	411.84	0.12065	-7.6249	0.12065	-7.6249	0	1	105	-3.1058	4.2473	1	5.8942	3.2474	0	-7.3438	3	-1	1	0	0	0	0
4	428.45	0.12065	-7.6249	0.12065	-7.6249	0	1	105	-3.1058	4.2473	1	5.8942	3.2474	0	-7.3438	3	-1	1	0	0	0	0
4	445.02	0.12065	-7.6249	0.12065	-7.6249	0	1	105	-3.1058	4.2473	1	5.8942	3.2474	0	-7.3438	3	-1	1	0	0	0	0
4	461.63	0.12065	-7.6249	0.12065	-7.6249	0	1	105	-3.1058	4.2473	1	5.8942	3.2474	0	-7.3438	3	-1	1	0	0	0	0
4	478.18	0.12065	-7.6249	0.12065	-7.6249	0	1	105	-3.1058	4.2473	1	5.8942	3.2474	0	-7.3438	3	-1	1	0	0	0	0
4	494.82	0.12065	-7.6249	0.12065	-7.6249	0	1	105	-3.1058	4.2473	1	5.8942	3.2474	0	-7.3438	3	-1	1	0	0	0	0
4	511.52	0.12065	-7.6249	0.12065	-7.6249	0	1	105	-3.1058	4.2473	1	5.8942	3.2474	0	-7.3438	3	-1	1	0	0	0	0
4	528.03	0.12065	-7.6249	0.12065	-7.6249	0	1	105	-3.1058	4.2473	1	5.8942	3.2474	0	-7.3438	3	-1	1	0	0	0	0
4	544.62	0.12065	-7.6249	0.12065	-7.6249	0	1	105	-3.1058	4.2473	1	5.8942	3.2474	0	-7.3438	3	-1	1	0	0	0	0
4	561.14	0.12065	-7.6249	0.12065	-7.6249	0	1	105	-3.1058	4.2473	1	5.8942	3.2474	0	-7.3438	3	-1	1	0	0	0	0
4	577.78	0.12065	-7.6249	0.12065	-7.6249	0	1	105	-3.1058	4.2473	1	5.8942	3.2474	0	-7.3438	3	-1	1	0	0	0	0
4	594.36	0.12065	-7.6249	0.12065	-7.6249	0	1	105	-3.1058	4.2473	1	5.8942	3.2474	0	-7.3438	3	-1	1	0	0	0	0
4	610.97	0.12065	-7.6249	0.12065	-7.6249	0	1	105	-3.1058	4.2473	1	5.8942	3.2474	0	-7.3438	3	-1	1	0	0	0	0
4	627.59	0.12065	-7.6249	0.12065	-7.6249	0	1	105	-3.1058	4.2473	1	5.8942	3.2474	0	-7.3438	3	-1	1	0	0	0	0
4	644.15	0.12065	-7.6249	0.12065	-7.6249	0	1	105	-3.1058	4.2473	1	5.8942	3.2474	0	-7.3438	3	-1	1	0	0	0	0
4	660.78	0.12065	-7.6249	0.12065	-7.6249	0	1	105	-3.1058	4.2473	1	5.8942	3.2474	0	-7.3438	3	-1	1	0	0	0	0
4	677.35	0.12065	-7.5927	0.12065	-7.5927	0	1	105	-3.1058	4.2473	1	5.8942	3.2474	0	-7.3438	3	-1	1	0	0	0	0
4	693.89	0.060324	-7.5284	0.060324	-7.5284	0	1	105	-3.1058	4.2473	1	5.8942	3.2474	0	-7.3438	3	-1	1	1	0	0	0
4	710.54	0	-7.464	0	-7.464	0	1	105	-3.1058	4.2473	1	5.8942	3.2474	0	-7.3438	3	-1	1	1	0	0	0
4	727.11	-0.16086	-7.2388	-0.16086	-7.2388	0	1	105	-3.1058	4.2473	1	5.8942	3.2474	0	-7.3438	3	-1	1	1	0	0	0
4	743.76	-0.2614	-7.078	-0.2614	-7.078	0	1	105	-3.1058	4.2473	1	5.8942	3.2474	0	-7.3438	3	-1	1	1	0	0	0
4	760.34	-0.52281	-6.6919	-0.52281	-6.6919	0	1	105	-3.1058	4.2473	1	5.8942	3.2474	0	-7.3438	3	-1	1	1	0	0	0
4	776.91	-0.88475	-6.2415	-0.88475	-6.2415	0	1	105	-3.1058	4.2473	1	5.8942	3.2474	0	-7.3438	3	-1	1	1	0	0	0
4	793.48	-1.1059	-5.9519	-1.1059	-5.9519	0	1	105	-3.1058	4.2473	1	5.8942	3.2474	0	-7.3438	3	-1	1	1	0	0	0
4	810.06	-1.5684	-5.3728	-1.5684	-5.3728	0	1	105	-3.1058	4.2473	1	5.8942	3.2474	0	-7.3438	3	-1	1	1	0	0	0
4	826.69	-2.051	-4.7615	-2.051	-4.7615	0	2	105	-3.1058	4.2473	1	5.8942	3.2474	0	-7.3438	3	-1	1	1	0	0	0
4	843.3	-2.3124	-4.4398	-2.3124	-4.4398	0	2	105	-3.1058	4.2473	1	5.8942	3.2474	0	-7.3438	3	-1	1	1	0	0	0
4	859.92	-2.8754	-3.6677	-2.8754	-3.6677	0	2	105	-3.1058	4.2473	1	5.8942	3.2474	0	-7.3438	3	-1	1	1	0	0	0
4	876.51	-3.4586	-2.8312	-3.4586	-2.8312	0	2	105	-3.1058	4.2473	1	5.8942	3.2474	0	-7.3438	3	-1	1	1	0	0	0
4	893.09	-3.7401	-2.4451	-3.7401	-2.4451	0	2	105	-3.1058	4.2473	1	5.8942	3.2474	0	-7.3438	3	-1	1	1	0	1	0
4	909.66	-4.3031	-1.7051	-4.3031	-1.7051	0	2	105	-3.1058	4.2473	1	5.8942	3.2474	0	-7.3438	3	-1	1	1	0	0	0
4	926.36	-4.8259	-0.93301	-4.8259	-0.93301	0	2	105	-3.1058	4.2473	1	5.8942	3.2474	0	-7.3438	3	-1	1	1	0	0	0
4	942.86	-5.0873	-0.51476	-5.0873	-0.51476	0	2	105	-3.1058	4.2473	1	5.8942	3.2474	0	-7.3438	3	-1	1	1	0	0	0
4	959.52	-5.5699	0.32173	-5.5699	0.32173	0	2	105	-3.1058	4.2473	1	5.8942	3.2474	0	-7.3438	3	-1	1	1	0	0	0
4	976.08	-6.0123	1.1582	-6.0123	1.1582	0	2	105	-3.1058	4.2473	1	5.8942	3.2474	0	-7.3438	3	-1	1	1	0	0	0
4	992.65	-6.2536	1.5121	-6.2536	1.5121	0	2	105	-3.1058	4.2473	1	5.8942	3.2474	0	-7.3438	3	-1	1	1	0	0	0
4	1009.3	-6.6758	2.2521	-6.6758	2.2521	0	2	105	-3.1058	4.2473	1	5.8942	3.2474	0	-7.3438	3	-1	1	1	0	0	0
4	1025.8	-7.0177	2.9921	-7.0177	2.9921	0	2	105	-3.1058	4.2473	1	5.8942	3.2474	0	-7.3438	3	-1	1	1	0	0	0
4	1042.6	-7.1584	3.346	-7.1584	3.346	0	2	105	-3.1058	4.2473	1	5.8942	3.2474	0	-7.3438	3	-1	1	1	0	0	0
4	1059	-7.4198	3.9572	-7.4198	3.9572	0	2	105	-3.1058	4.2473	1	5.8942	3.2474	0	-7.3438	3	-1	1	1	0	0	0
4	1075.7	-7.6611	4.4076	-7.6611	4.4076	0	2	105	-3.1058	4.2473	1	5.8942	3.2474	0	-7.3438	3	-1	1	1	0	0	0
4	1092.2	-7.7818	4.5685	-7.7818	4.5685	0	2	105	-3.1058	4.2473	1	5.8942	3.2474	0	-7.3438	3	-1	1	1	0	0	0
4	1108.8	-7.9627	4.8259	-7.9627	4.8259	0	2	105	-3.1058	4.2473	1	5.8942	3.2474	0	-7.3438	3	-1	1	1	0	0	0
4	1125.4	-8.0633	4.9868	-8.0633	4.9868	0	2	105	-3.1058	4.2473	1	5.8942	3.2474	0	-7.3438	3	-1	1	0	0	0	0
4	1141.9	-8.1035	5.0189	-8.1035	5.0189	0	2	105	-3.1058	4.2473	1	5.8942	3.2474	0	-7.3438	3	-1	1	0	0	0	0
4	1158.6	-8.1236	5.0833	-8.1236	5.0833	0	2	105	-3.1058	4.2473	1	5.8942	3.2474	0	-7.3438	3	-1	1	0	0	0	0
4	1175.2	-8.1236	5.0833	-8.1236	5.0833	0	2	105	-3.1058	4.2473	1	5.8942	3.2474	0	-7.3438	3	-1	1	0	0	0	0
4	1191.8	-8.1236	5.0833	-8.1236	5.0833	0	2	105	-3.1058	4.2473	1	5.8942	3.2474	0	-7.3438	3	-1	1	0	0	0	0
4	1208.4	-8.1236	5.0833	-8.1236	5.0833	0	2	105	-3.1058	4.2473	1	5.8942	3.2474	0	-7.3438	3	-1	1	0	0	0	0
4	1225	-8.1236	5.0833	-8.1236	5.0833	0	2	105	-3.1058	4.2473	1	5.8942	3.2474	0	-7.3438	3	-1	1	0	0	0	0
4	1241.5	-8.1236	5.0833	-8.1236	5.0833	0	2	105	-3.1058	4.2473	1	5.8942	3.2474	0	-7.3438	3	-1	1	0	0	0	0
4	1258.1	-8.1236	5.0833	-8.1236	5.0833	0	3	105	-3.1058	4.2473	1	5.8942	3.2474	0	-7.3438	3	-1	1	0	0	0	0
5	30.386	-0.040216	-7.6249	-0.040216	-7.6249	0	1	90	0	4.6562	1	9	3.6562	0	-7.3438	3	-1	1	0	0	0	0
5	46.986	-0.020108	-7.6571	-0.020108	-7.6571	0	1	90	0	4.6562	1	9	3.6562	0	-7.3438	3	-1	1	0	0	0	0
5	63.618	-0.020108	-7.6571	-0.020108	-7.6571	0	1	90	0	4.6562	1	9	3.6562	0	-7.3438	3	-1	1	0	0	0	0
5	80.234	-0.020108	-7.6571	-0.020108	-7.6571	0	1	90	0	4.6562	1	9	3.6562	0	-7.3438	3	-1	1	0	0	0	0
5	96.797	-0.020108	-7.6571	-0.020108	-7.6571	0	1	90	0	4.6562	1	9	3.6562	0	-7.3438	3	-1	1	0	0	0	0
5	113.36	-0.020108	-7.6571	-0.020108	-7.6571	0	1	90	0	4.6562	1	9	3.6562	0	-7.3438	3	-1	1	0	0	0	0
5	129.98	-0.020108	-7.6571	-0.020108	-7.6571	0	1	90	0	4.6562	1	9	3.6562	0	-7.3438	3	-1	1	0	0	0	0
5	146.49	-0.020108	-7.6571	-0.020108	-7.6571	0	1	90	0	4.6562	1	9	3.6562	0	-7.3438	3	-1	1	0	0	0	0
5	163.19	-0.020108	-7.6571	-0.020108	-7.6571	0	1	90	0	4.6562	1	9	3.6562	0	-7.3438	3	-1	1	0	0	0	0
5	179.73	-0.020108	-7.6571	-0.020108	-7.6571	0	1	90	0	4.6562	1	9	3.6562	0	-7.3438	3	-1	1	0	0	0	0
5	196.36	-0.020108	-7.6571	-0.020108	-7.6571	0	1	90	0	4.6562	1	9	3.6562	0	-7.3438	3	-1	1	0	0	0	0
5	212.93	-0.020108	-7.6571	-0.020108	-7.6571	0	1	90	0	4.6562	1	9	3.6562	0	-7.3438	3	-1	1	0	0	0	0
5	229.52	-0.020108	-7.6571	-0.020108	-7.6571	0	1	90	0	4.6562	1	9	3.6562	0	-7.3438	3	-1	1	0	0	0	0
5	246.14	-0.020108	-7.6571	-0.020108	-7.6571	0	1	90	0	4.6562	1	9	3.6562	0	-7.3438	3	-1	1	0	0	0	0
5	262.72	-0.020108	-7.6571	-0.020108	-7.6571	0	1	90	0	4.6562	1	9	3.6562	0	-7.3438	3	-1	1	0	0	0	0
5	279.25	-0.020108	-7.6571	-0.020108	-7.6571	0	1	90	0	4.6562	1	9	3.6562	0	-7.3438	3	-1	1	0	0	0	0
5	295.87	-0.020108	-7.6571	-0.020108	-7.6571	0	1	90	0	4.6562	1	9	3.6562	0	-7.3438	3	-1	1	0	0	0	0
5	312.52	-0.020108	-7.6571	-0.020108	-7.6571	0	1	90	0	4.6562	1	9	3.6562	0	-7.3438	3	-1	1	0	0	0	0
5	329.07	-0.020108	-7.6571	-0.020108	-7.6571	0	1	90	0	4.6562	1	9	3.6562	0	-7.3438	3	-1	1	0	0	0	0
5	345.64	-0.020108	-7.6571	-0.020108	-7.6571	0	1	90	0	4.6562	1	9	3.6562	0	-7.3438	3	-1	1	0	0	0	0
5	362.28	-0.020108	-7.6571	-0.020108	-7.6571	0	1	90	0	4.6562	1	9	3.6562	0	-7.3438	3	-1	1	0	0	0	0
5	378.8	-0.020108	-7.6571	-0.020108	-7.6571	0	1	90	0	4.6562	1	9	3.6562	0	-7.3438	3	-1	1	0	0	0	0
5	395.47	-0.020108	-7.6571	-0.020108	-7.6571	0	1	90	0	4.6562	1	9	3.6562	0	-7.3438	3	-1	1	0	0	0	0
5	412.1	-0.020108	-7.6571	-0.020108	-7.6571	0	1	90	0	4.6562	1	9	3.6562	0	-7.3438	3	-1	1	0	0	0	0
5	428.68	-0.020108	-7.6571	-0.020108	-7.6571	0	1	90	0	4.6562	1	9	3.6562	0	-7.3438	3	-1	1	0	0	0	0
5	445.21	0	-7.6249	0	-7.6249	0	1	90	0	4.6562	1	9	3.6562	0	-7.3438	3	-1	1	0	0	0	0
5	461.84	0.060324	-7.6249	0.060324	-7.6249	0	1	90	0	4.6562	1	9	3.6562	0	-7.3438	3	-1	1	0	0	0	0
5	478.42	0.080432	-7.5927	0.080432	-7.5927	0	1	90	0	4.6562	1	9	3.6562	0	-7.3438	3	-1	1	0	0	0	0
5	495	0.14076	-7.5606	0.14076	-7.5606	0	1	90	0	4.6562	1	9	3.6562	0	-7.3438	3	-1	1	0	0	0	0
5	511.64	0.16086	-7.5284	0.16086	-7.5284	0	1	90	0	4.6562	1	9	3.6562	0	-7.3438	3	-1	1	1	0	0	0
5	528.23	0.16086	-7.4319	0.16086	-7.4319	0	1	90	0	4.6562	1	9	3.6562	0	-7.3438	3	-1	1	1	0	0	0
5	544.8	0.14076	-7.3032	0.14076	-7.3032	0	1	90	0	4.6562	1	9	3.6562	0	-7.3438	3	-1	1	1	0	0	0
5	561.4	0.12065	-7.2067	0.12065	-7.2067	0	1	90	0	4.6562	1	9	3.6562	0	-7.3438	3	-1	1	1	0	0	0
5	578.02	0.040216	-6.9493	0.040216	-6.9493	0	1	90	0	4.6562	1	9	3.6562	0	-7.3438	3	-1	1	1	0	0	0
5	594.61	-0.060324	-6.5632	-0.060324	-6.5632	0	1	90	0	4.6562	1	9	3.6562	0	-7.3438	3	-1	1	1	0	0	0
5	611.19	-0.10054	-6.3702	-0.10054	-6.3702	0	1	90	0	4.6562	1	9	3.6562	0	-7.3438	3	-1	1	1	0	0	0
5	627.81	-0.20108	-5.8876	-0.20108	-5.8876	0	1	90	0	4.6562	1	9	3.6562	0	-7.3438	3	-1	1	1	0	0	0
5	644.4	-0.32173	-5.3407	-0.32173	-5.3407	0	1	90	0	4.6562	1	9	3.6562	0	-7.3438	3	-1	1	1	0	0	0
5	660.95	-0.40216	-5.0189	-0.40216	-5.0189	0	2	90	0	4.6562	1	9	3.6562	0	-7.3438	3	-1	1	1	0	0	0
5	677.36	-0.58313	-4.3755	-0.58313	-4.3755	0	2	90	0	4.6562	1	9	3.6562	0	-7.3438	3	-1	1	1	0	0	0
5	694.19	-0.80432	-3.6355	-0.80432	-3.6355	0	2	90	0	4.6562	1	9	3.6562	0	-7.3438	3	-1	1	1	0	0	0
5	710.77	-0.90485	-3.2494	-0.90485	-3.2494	0	2	90	0	4.6562	1	9	3.6562	0	-7.3438	3	-1	1	1	0	0	0
5	727.39	-1.126	-2.4451	-1.126	-2.4451	0	2	90	0	4.6562	1	9	3.6562	0	-7.3438	3	-1	1	1	0	0	0
5	743.98	-1.3271	-1.5765	-1.3271	-1.5765	0	2	90	0	4.6562	1	9	3.6562	0	-7.3438	3	-1	1	1	0	0	0
5	760.56	-1.4277	-1.126	-1.4277	-1.126	0	2	90	0	4.6562	1	9	3.6562	0	-7.3438	3	-1	1	1	0	0	0
5	777.14	-1.6488	-0.12869	-1.6488	-0.12869	0	2	90	0	4.6562	1	9	3.6562	0	-7.3438	3	-1	1	1	0	1	0
5	793.69	-1.8901	0.93301	-1.8901	0.93301	0	2	90	0	4.6562	1	9	3.6562	0	-7.3438	3	-1	1	1	0	0	0
5	810.29	-1.9907	1.4156	-1.9907	1.4156	0	2	90	0	4.6562	1	9	3.6562	0	-7.3438	3	-1	1	1	0	0	0
5	826.88	-2.1314	2.3164	-2.1314	2.3164	0	2	90	0	4.6562	1	9	3.6562	0	-7.3438	3	-1	1	1	0	0	0
5	843.54	-2.1717	3.1851	-2.1717	3.1851	0	2	90	0	4.6562	1	9	3.6562	0	-7.3438	3	-1	1	1	0	0	0
5	860.14	-2.1717	3.6033	-2.1717	3.6033	0	2	90	0	4.6562	1	9	3.6562	0	-7.3438	3	-1	1	1	0	0	0
5	876.72	-2.1717	4.4398	-2.1717	4.4398	0	2	90	0	4.6562	1	9	3.6562	0	-7.3438	3	-1	1	1	0	0	0
5	893.31	-2.2119	5.1476	-2.2119	5.1476	0	2	90	0	4.6562	1	9	3.6562	0	-7.3438	3	-1	1	1	0	0	0
5	909.87	-2.2521	5.4693	-2.2521	5.4693	0	2	90	0	4.6562	1	9	3.6562	0	-7.3438	3	-1	1	1	0	0	0
5	926.45	-2.2722	6.0806	-2.2722	6.0806	0	2	90	0	4.6562	1	9	3.6562	0	-7.3438	3	-1	1	1	0	0	0
5	943.08	-2.2722	6.6919	-2.2722	6.6919	0	2	90	0	4.6562	1	9	3.6562	0	-7.3438	3	-1	1	1	0	0	0
5	959.67	-2.2722	7.0136	-2.2722	7.0136	0	2	90	0	4.6562	1	9	3.6562	0	-7.3438	3	-1	1	1	0	0	0
5	976.3	-2.2521	7.5606	-2.2521	7.5606	0	2	90	0	4.6562	1	9	3.6562	0	-7.3438	3	-1	1	1	0	0	0
5	992.88	-2.2521	7.7536	-2.2521	7.7536	0	2	90	0	4.6562	1	9	3.6562	0	-7.3438	3	-1	1	1	0	0	0
5	1009.4	-2.2722	8.1075	-2.2722	8.1075	0	2	90	0	4.6562	1	9	3.6562	0	-7.3438	3	-1	1	1	0	0	0
5	1026	-2.2722	8.3327	-2.2722	8.3327	0	2	90	0	4.6562	1	9	3.6562	0	-7.3438	3	-1	1	1	0	0	0
5	1042.6	-2.2722	8.5257	-2.2722	8.5257	0	2	90	0	4.6562	1	9	3.6562	0	-7.3438	3	-1	1	0	0	0	0
5	1059.2	-2.2722	8.5901	-2.2722	8.5901	0	2	90	0	4.6562	1	9	3.6562	0	-7.3438	3	-1	1	0	0	0	0
5	1075.9	-2.2521	8.6544	-2.2521	8.6544	0	2	90	0	4.6562	1	9	3.6562	0	-7.3438	3	-1	1	0	0	0	0
5	1092.4	-2.2521	8.7831	-2.2521	8.7831	0	2	90	0	4.6562	1	9	3.6562	0	-7.3438	3	-1	1	0	0	0	0
5	1109	-2.2521	8.8796	-2.2521	8.8796	0	2	90	0	4.6562	1	9	3.6562	0	-7.3438	3	-1	1	0	0	0	0
5	1125.6	-2.2521	8.944	-2.2521	8.944	0	2	90	0	4.6562	1	9	3.6562	0	-7.3438	3	-1	1	0	0	0	0
5	1142.2	-2.2722	9.0083	-2.2722	9.0083	0	2	90	0	4.6562	1	9	3.6562	0	-7.3438	3	-1	1	0	0	0	0
5	1158.8	-2.2722	9.0083	-2.2722	9.0083	0	2	90	0	4.6562	1	9	3.6562	0	-7.3438	3	-1	1	0	0	0	0
5	1175.4	-2.2923	9.0405	-2.2923	9.0405	0	3	90	0	4.6562	1	9	3.6562	0	-7.3438	3	-1	1	0	0	0	0
6	29.344	-0.22119	-7.6571	-0.22119	-7.6571	0	1	105	-3.1058	4.2473	1	5.8942	3.2474	0	-7.3438	3	-1	1	0	0	0	0
6	45.956	-0.16086	-7.6893	-0.16086	-7.6893	0	1	105	-3.1058	4.2473	1	5.8942	3.2474	0	-7.3438	3	-1	1	0	0	0	0
6	62.606	-0.16086	-7.6893	-0.16086	-7.6893	0	1	105	-3.1058	4.2473	1	5.8942	3.2474	0	-7.3438	3	-1	1	0	0	0	0
6	79.204	-0.12065	-7.6893	-0.12065	-7.6893	0	1	105	-3.1058	4.2473	1	5.8942	3.2474	0	-7.3438	3	-1	1	0	0	0	0
6	95.781	-0.12065	-7.6893	-0.12065	-7.6893	0	1	105	-3.1058	4.2473	1	5.8942	3.2474	0	-7.3438	3	-1	1	0	0	0	0
6	112.33	-0.10054	-7.6893	-0.10054	-7.6893	0	1	105	-3.1058	4.2473	1	5.8942	3.2474	0	-7.3438	3	-1	1	0	0	0	0
6	128.94	-0.10054	-7.6893	-0.10054	-7.6893	0	1	105	-3.1058	4.2473	1	5.8942	3.2474	0	-7.3438	3	-1	1	0	0	0	0
6	145.51	-0.10054	-7.6893	-0.10054	-7.6893	0	1	105	-3.1058	4.2473	1	5.8942	3.2474	0	-7.3438	3	-1	1	0	0	0	0
6	162.21	-0.10054	-7.6893	-0.10054	-7.6893	0	1	105	-3.1058	4.2473	1	5.8942	3.2474	0	-7.3438	3	-1	1	0	0	0	0
6	178.78	-0.10054	-7.6893	-0.10054	-7.6893	0	1	105	-3.1058	4.2473	1	5.8942	3.2474	0	-7.3438	3	-1	1	0	0	0	0
6	195.43	-0.10054	-7.6893	-0.10054	-7.6893	0	1	105	-3.1058	4.2473	1	5.8942	3.2474	0	-7.3438	3	-1	1	0	0	0	0
6	211.95	-0.10054	-7.6893	-0.10054	-7.6893	0	1	105	-3.1058	4.2473	1	5.8942	3.2474	0	-7.3438	3	-1	1	0	0	0	0
6	228.55	-0.10054	-7.6893	-0.10054	-7.6893	0	1	105	-3.1058	4.2473	1	5.8942	3.2474	0	-7.3438	3	-1	1	0	0	0	0
6	245.06	-0.10054	-7.6893	-0.10054	-7.6893	0	1	105	-3.1058	4.2473	1	5.8942	3.2474	0	-7.3438	3	-1	1	0	0	0	0
6	261.81	-0.10054	-7.6893	-0.10054	-7.6893	0	1	105	-3.1058	4.2473	1	5.8942	3.2474	0	-7.3438	3	-1	1	0	0	0	0
6	278.33	-0.10054	-7.6893	-0.10054	-7.6893	0	1	105	-3.1058	4.2473	1	5.8942	3.2474	0	-7.3438	3	-1	1	0	0	0	0
6	294.93	-0.10054	-7.6893	-0.10054	-7.6893	0	1	105	-3.1058	4.2473	1	5.8942	3.2474	0	-7.3438	3	-1	1	0	0	0	0
6	311.55	-0.10054	-7.6893	-0.10054	-7.6893	0	1	105	-3.1058	4.2473	1	5.8942	3.2474	0	-7.3438	3	-1	1	0	0	0	0
6	328.07	-0.10054	-7.6893	-0.10054	-7.6893	0	1	105	-3.1058	4.2473	1	5.8942	3.2474	0	-7.3438	3	-1	1	0	0	0	0
6	344.61	-0.10054	-7.6893	-0.10054	-7.6893	0	1	105	-3.1058	4.2473	1	5.8942	3.2474	0	-7.3438	3	-1	1	0	0	0	0
6	361.33	-0.10054	-7.6893	-0.10054	-7.6893	0	1	105	-3.1058	4.2473	1	5.8942	3.2474	0	-7.3438	3	-1	1	0	0	0	0
6	377.94	-0.10054	-7.6893	-0.10054	-7.6893	0	1	105	-3.1058	4.2473	1	5.8942	3.2474	0	-7.3438	3	-1	1	0	0	0	0
6	394.47	-0.080432	-7.6571	-0.080432	-7.6571	0	1	105	-3.1058	4.2473	1	5.8942	3.2474	0	-7.3438	3	-1	1	1	0	0	0
6	411.06	-0.020108	-7.5927	-0.020108	-7.5927	0	1	105	-3.1058	4.2473	1	5.8942	3.2474	0	-7.3438	3	-1	1	1	0	0	0
6	427.64	0.060324	-7.3997	0.060324	-7.3997	0	1	105	-3.1058	4.2473	1	5.8942	3.2474	0	-7.3438	3	-1	1	1	0	0	0
6	444.23	0.060324	-7.3032	0.060324	-7.3032	0	1	105	-3.1058	4.2473	1	5.8942	3.2474	0	-7.3438	3	-1	1	1	0	0	0
6	460.79	0.040216	-6.9815	0.040216	-6.9815	0	1	105	-3.1058	4.2473	1	5.8942	3.2474	0	-7.3438	3	-1	1	1	0	0	0
6	477.39	-0.060324	-6.5632	-0.060324	-6.5632	0	1	105	-3.1058	4.2473	1	5.8942	3.2474	0	-7.3438	3	-1	1	1	0	0	0
6	494.01	-0.14076	-6.338	-0.14076	-6.338	0	1	105	-3.1058	4.2473	1	5.8942	3.2474	0	-7.3438	3	-1	1	1	0	0	0
6	510.62	-0.40216	-5.8232	-0.40216	-5.8232	0	1	105	-3.1058	4.2473	1	5.8942	3.2474	0	-7.3438	3	-1	1	1	0	0	0
6	527.2	-0.72388	-5.2763	-0.72388	-5.2763	0	1	105	-3.1058	4.2473	1	5.8942	3.2474	0	-7.3438	3	-1	1	1	0	0	0
6	543.79	-0.90485	-5.0189	-0.90485	-5.0189	0	2	105	-3.1058	4.2473	1	5.8942	3.2474	0	-7.3438	3	-1	1	1	0	0	0
6	560.35	-1.2869	-4.472	-1.2869	-4.472	0	2	105	-3.1058	4.2473	1	5.8942	3.2474	0	-7.3438	3	-1	1	1	0	0	0
6	576.97	-1.7293	-3.8285	-1.7293	-3.8285	0	2	105	-3.1058	4.2473	1	5.8942	3.2474	0	-7.3438	3	-1	1	1	0	0	0
6	593.54	-1.9907	-3.4425	-1.9907	-3.4425	0	2	105	-3.1058	4.2473	1	5.8942	3.2474	0	-7.3438	3	-1	1	1	0	0	0
6	610.16	-2.5135	-2.606	-2.5135	-2.606	0	2	105	-3.1058	4.2473	1	5.8942	3.2474	0	-7.3438	3	-1	1	1	0	1	0
6	626.79	-3.0765	-1.7051	-3.0765	-1.7051	0	2	105	-3.1058	4.2473	1	5.8942	3.2474	0	-7.3438	3	-1	1	1	0	0	0
6	643.4	-3.3379	-1.2547	-3.3379	-1.2547	0	2	105	-3.1058	4.2473	1	5.8942	3.2474	0	-7.3438	3	-1	1	1	0	0	0
6	659.99	-3.7803	-0.45042	-3.7803	-0.45042	0	2	105	-3.1058	4.2473	1	5.8942	3.2474	0	-7.3438	3	-1	1	1	0	0	0
6	676.53	-4.1623	0.3539	-4.1623	0.3539	0	2	105	-3.1058	4.2473	1	5.8942	3.2474	0	-7.3438	3	-1	1	1	0	0	0
6	693.18	-4.3232	0.73997	-4.3232	0.73997	0	2	105	-3.1058	4.2473	1	5.8942	3.2474	0	-7.3438	3	-1	1	1	0	0	0
6	709.8	-4.6047	1.5121	-4.6047	1.5121	0	2	105	-3.1058	4.2473	1	5.8942	3.2474	0	-7.3438	3	-1	1	1	0	0	0
6	726.39	-4.846	2.0912	-4.846	2.0912	0	2	105	-3.1058	4.2473	1	5.8942	3.2474	0	-7.3438	3	-1	1	1	0	0	0
6	742.96	-4.9465	2.3486	-4.9465	2.3486	0	2	105	-3.1058	4.2473	1	5.8942	3.2474	0	-7.3438	3	-1	1	1	0	0	0
6	759.58	-5.1677	2.799	-5.1677	2.799	0	2	105	-3.1058	4.2473	1	5.8942	3.2474	0	-7.3438	3	-1	1	1	0	0	0
6	776.1	-5.2683	3.0564	-5.2683	3.0564	0	2	105	-3.1058	4.2473	1	5.8942	3.2474	0	-7.3438	3	-1	1	1	0	0	0
6	792.71	-5.4492	3.6355	-5.4492	3.6355	0	2	105	-3.1058	4.2473	1	5.8942	3.2474	0	-7.3438	3	-1	1	1	0	0	0
6	809.37	-5.6302	4.2468	-5.6302	4.2468	0	2	105	-3.1058	4.2473	1	5.8942	3.2474	0	-7.3438	3	-1	1	1	0	0	0
6	825.95	-5.8514	4.7937	-5.8514	4.7937	0	2	105	-3.1058	4.2473	1	5.8942	3.2474	0	-7.3438	3	-1	1	1	0	0	0
6	842.57	-5.972	5.0189	-5.972	5.0189	0	2	105	-3.1058	4.2473	1	5.8942	3.2474	0	-7.3438	3	-1	1	1	0	0	0
6	859.14	-6.1731	5.5337	-6.1731	5.5337	0	2	105	-3.1058	4.2473	1	5.8942	3.2474	0	-7.3438	3	-1	1	1	0	0	0
6	875.73	-6.2737	5.7911	-6.2737	5.7911	0	2	105	-3.1058	4.2473	1	5.8942	3.2474	0	-7.3438	3	-1	1	1	0	0	0
6	892.21	-6.4345	6.3058	-6.4345	6.3058	0	2	105	-3.1058	4.2473	1	5.8942	3.2474	0	-7.3438	3	-1	1	1	0	0	0
6	908.85	-6.5954	6.7884	-6.5954	6.7884	0	2	105	-3.1058	4.2473	1	5.8942	3.2474	0	-7.3438	3	-1	1	1	0	0	0
6	925.48	-6.7764	7.1101	-6.7764	7.1101	0	2	105	-3.1058	4.2473	1	5.8942	3.2474	0	-7.3438	3	-1	1	1	0	0	0
6	942.11	-6.8568	7.271	-6.8568	7.271	0	2	105	-3.1058	4.2473	1	5.8942	3.2474	0	-7.3438	3	-1	1	1	0	0	0
6	958.66	-6.9975	7.5284	-6.9975	7.5284	0	2	105	-3.1058	4.2473	1	5.8942	3.2474	0	-7.3438	3	-1	1	1	0	0	0
6	975.27	-7.078	7.6571	-7.078	7.6571	0	2	105	-3.1058	4.2473	1	5.8942	3.2474	0	-7.3438	3	-1	1	1	0	0	0
6	991.87	-7.1785	7.8823	-7.1785	7.8823	0	2	105	-3.1058	4.2473	1	5.8942	3.2474	0	-7.3438	3	-1	1	1	0	0	0
6	1008.4	-7.2791	8.0753	-7.2791	8.0753	0	2	105	-3.1058	4.2473	1	5.8942	3.2474	0	-7.3438	3	-1	1	1	0	0	0
6	1025	-7.3595	8.1718	-7.3595	8.1718	0	2	105	-3.1058	4.2473	1	5.8942	3.2474	0	-7.3438	3	-1	1	0	0	0	0
6	1041.5	-7.3796	8.2362	-7.3796	8.2362	0	2	105	-3.1058	4.2473	1	5.8942	3.2474	0	-7.3438	3	-1	1	0	0	0	0
6	1058.2	-7.4399	8.3005	-7.4399	8.3005	0	2	105	-3.1058	4.2473	1	5.8942	3.2474	0	-7.3438	3	-1	1	0	0	0	0
6	1074.9	-7.4399	8.3327	-7.4399	8.3327	0	2	105	-3.1058	4.2473	1	5.8942	3.2474	0	-7.3438	3	-1	1	0	0	0	0
6	1091.4	-7.46	8.3649	-7.46	8.3649	0	2	105	-3.1058	4.2473	1	5.8942	3.2474	0	-7.3438	3	-1	1	0	0	0	0
6	1108	-7.46	8.3649	-7.46	8.3649	0	2	105	-3.1058	4.2473	1	5.8942	3.2474	0	-7.3438	3	-1	1	0	0	0	0
6	1124.6	-7.46	8.3649	-7.46	8.3649	0	3	105	-3.1058	4.2473	1	5.8942	3.2474	0	-7.3438	3	-1	1	0	0	0	0
7	30.512	-0.060324	-7.6249	-0.060324	-7.6249	0	1	75	3.1058	4.2473	1	12.106	3.2474	0	-7.3438	3	-1	1	0	0	0	0
7	47.092	-0.020108	-7.6571	-0.020108	-7.6571	0	1	75	3.1058	4.2473	1	12.106	3.2474	0	-7.3438	3	-1	1	0	0	0	0
7	63.783	-0.020108	-7.6571	-0.020108	-7.6571	0	1	75	3.1058	4.2473	1	12.106	3.2474	0	-7.3438	3	-1	1	0	0	0	0
7	80.372	-0.020108	-7.6571	-0.020108	-7.6571	0	1	75	3.1058	4.2473	1	12.106	3.2474	0	-7.3438	3	-1	1	0	0	0	0
7	96.957	-0.020108	-7.6571	-0.020108	-7.6571	0	1	75	3.1058	4.2473	1	12.106	3.2474	0	-7.3438	3	-1	1	0	0	0	0
7	113.56	-0.020108	-7.6571	-0.020108	-7.6571	0	1	75	3.1058	4.2473	1	12.106	3.2474	0	-7.3438	3	-1	1	0	0	0	0
7	130.09	-0.020108	-7.6571	-0.020108	-7.6571	0	1	75	3.1058	4.2473	1	12.106	3.2474	0	-7.3438	3	-1	1	0	0	0	0
7	146.73	-0.020108	-7.6571	-0.020108	-7.6571	0	1	75	3.1058	4.2473	1	12.106	3.2474	0	-7.3438	3	-1	1	0	0	0	0
7	163.22	0	-7.6571	0	-7.6571	0	1	75	3.1058	4.2473	1	12.106	3.2474	0	-7.3438	3	-1	1	0	0	0	0
7	179.88	0	-7.6571	0	-7.6571	0	1	75	3.1058	4.2473	1	12.106	3.2474	0	-7.3438	3	-1	1	0	0	0	0
7	196.48	0	-7.6893	0	-7.6893	0	1	75	3.1058	4.2473	1	12.106	3.2474	0	-7.3438	3	-1	1	0	0	0	0
7	213.11	0	-7.6893	0	-7.6893	0	1	75	3.1058	4.2473	1	12.106	3.2474	0	-7.3438	3	-1	1	0	0	0	0
7	229.7	0	-7.6893	0	-7.6893	0	1	75	3.1058	4.2473	1	12.106	3.2474	0	-7.3438	3	-1	1	0	0	0	0
7	246.28	0	-7.6893	0	-7.6893	0	1	75	3.1058	4.2473	1	12.106	3.2474	0	-7.3438	3	-1	1	0	0	0	0
7	262.86	0	-7.6893	0	-7.6893	0	1	75	3.1058	4.2473	1	12.106	3.2474	0	-7.3438	3	-1	1	0	0	0	0
7	279.44	0	-7.6893	0	-7.6893	0	1	75	3.1058	4.2473	1	12.106	3.2474	0	-7.3438	3	-1	1	0	0	0	0
7	296.06	0	-7.6893	0	-7.6893	0	1	75	3.1058	4.2473	1	12.106	3.2474	0	-7.3438	3	-1	1	0	0	0	0
7	312.62	0	-7.6893	0	-7.6893	0	1	75	3.1058	4.2473	1	12.106	3.2474	0	-7.3438	3	-1	1	0	0	0	0
7	329.16	0	-7.6571	0	-7.6571	0	1	75	3.1058	4.2473	1	12.106	3.2474	0	-7.3438	3	-1	1	0	0	0	0
7	345.85	0	-7.6571	0	-7.6571	0	1	75	3.1058	4.2473	1	12.106	3.2474	0	-7.3438	3	-1	1	0	0	0	0
7	362.43	0	-7.6571	0	-7.6571	0	1	75	3.1058	4.2473	1	12.106	3.2474	0	-7.3438	3	-1	1	0	0	0	0
7	379	0	-7.6571	0	-7.6571	0	1	75	3.1058	4.2473	1	12.106	3.2474	0	-7.3438	3	-1	1	1	0	0	0
7	395.61	0	-7.6249	0	-7.6249	0	1	75	3.1058	4.2473	1	12.106	3.2474	0	-7.3438	3	-1	1	1	0	0	0
7	412.18	0.040216	-7.5284	0.040216	-7.5284	0	1	75	3.1058	4.2473	1	12.106	3.2474	0	-7.3438	3	-1	1	1	0	0	0
7	428.84	0.060324	-7.3354	0.060324	-7.3354	0	1	75	3.1058	4.2473	1	12.106	3.2474	0	-7.3438	3	-1	1	1	0	0	0
7	445.43	0.080432	-7.2067	0.080432	-7.2067	0	1	75	3.1058	4.2473	1	12.106	3.2474	0	-7.3438	3	-1	1	1	0	0	0
7	461.98	0.080432	-6.8528	0.080432	-6.8528	0	1	75	3.1058	4.2473	1	12.106	3.2474	0	-7.3438	3	-1	1	1	0	0	0
7	478.56	0.10054	-6.6597	0.10054	-6.6597	0	1	75	3.1058	4.2473	1	12.106	3.2474	0	-7.3438	3	-1	1	1	0	0	0
7	495.17	0.16086	-6.2093	0.16086	-6.2093	0	1	75	3.1058	4.2473	1	12.106	3.2474	0	-7.3438	3	-1	1	1	0	0	0
7	511.78	0.2614	-5.7267	0.2614	-5.7267	0	1	75	3.1058	4.2473	1	12.106	3.2474	0	-7.3438	3	-1	1	1	0	0	0
7	528.37	0.40216	-5.1476	0.40216	-5.1476	0	1	75	3.1058	4.2473	1	12.106	3.2474	0	-7.3438	3	-1	1	1	0	0	0
7	544.9	0.48259	-4.8581	0.48259	-4.8581	0	2	75	3.1058	4.2473	1	12.106	3.2474	0	-7.3438	3	-1	1	1	0	0	0
7	561.57	0.68367	-4.2146	0.68367	-4.2146	0	2	75	3.1058	4.2473	1	12.106	3.2474	0	-7.3438	3	-1	1	1	0	0	0
7	578.15	0.78421	-3.8607	0.78421	-3.8607	0	2	75	3.1058	4.2473	1	12.106	3.2474	0	-7.3438	3	-1	1	1	0	0	0
7	594.74	1.0255	-3.1851	1.0255	-3.1851	0	2	75	3.1058	4.2473	1	12.106	3.2474	0	-7.3438	3	-1	1	1	0	0	0
7	611.33	1.2869	-2.4773	1.2869	-2.4773	0	2	75	3.1058	4.2473	1	12.106	3.2474	0	-7.3438	3	-1	1	1	0	1	0
7	627.93	1.5282	-1.7695	1.5282	-1.7695	0	2	75	3.1058	4.2473	1	12.106	3.2474	0	-7.3438	3	-1	1	1	0	0	0
7	644.46	1.6488	-1.4156	1.6488	-1.4156	0	2	75	3.1058	4.2473	1	12.106	3.2474	0	-7.3438	3	-1	1	1	0	0	0
7	661.16	1.8901	-0.7078	1.8901	-0.7078	0	2	75	3.1058	4.2473	1	12.106	3.2474	0	-7.3438	3	-1	1	1	0	0	0
7	677.74	2.0108	-0.38607	2.0108	-0.38607	0	2	75	3.1058	4.2473	1	12.106	3.2474	0	-7.3438	3	-1	1	1	0	0	0
7	694.31	2.232	0.28955	2.232	0.28955	0	2	75	3.1058	4.2473	1	12.106	3.2474	0	-7.3438	3	-1	1	1	0	0	0
7	710.92	2.3928	0.93301	2.3928	0.93301	0	2	75	3.1058	4.2473	1	12.106	3.2474	0	-7.3438	3	-1	1	1	0	0	0
7	727.51	2.5336	1.5765	2.5336	1.5765	0	2	75	3.1058	4.2473	1	12.106	3.2474	0	-7.3438	3	-1	1	1	0	0	0
7	743.99	2.5939	1.8982	2.5939	1.8982	0	2	75	3.1058	4.2473	1	12.106	3.2474	0	-7.3438	3	-1	1	1	0	0	0
7	760.72	2.6945	2.5738	2.6945	2.5738	0	2	75	3.1058	4.2473	1	12.106	3.2474	0	-7.3438	3	-1	1	1	0	0	0
7	777.34	2.7347	2.8955	2.7347	2.8955	0	2	75	3.1058	4.2473	1	12.106	3.2474	0	-7.3438	3	-1	1	1	0	0	0
7	793.89	2.8352	3.5068	2.8352	3.5068	0	2	75	3.1058	4.2473	1	12.106	3.2474	0	-7.3438	3	-1	1	1	0	0	0
7	810.5	2.9559	4.0538	2.9559	4.0537	0	2	75	3.1058	4.2473	1	12.106	3.2474	0	-7.3438	3	-1	1	1	0	0	0
7	827.06	3.0564	4.6329	3.0564	4.6329	0	2	75	3.1058	4.2473	1	12.106	3.2474	0	-7.3438	3	-1	1	1	0	0	0
7	843.63	3.1167	4.9224	3.1167	4.9224	0	2	75	3.1058	4.2473	1	12.106	3.2474	0	-7.3438	3	-1	1	1	0	0	0
7	860.21	3.2374	5.5015	3.2374	5.5015	0	2	75	3.1058	4.2473	1	12.106	3.2474	0	-7.3438	3	-1	1	1	0	0	0
7	876.83	3.2776	5.7267	3.2776	5.7267	0	2	75	3.1058	4.2473	1	12.106	3.2474	0	-7.3438	3	-1	1	1	0	0	0
7	893.44	3.3781	6.1128	3.3781	6.1128	0	2	75	3.1058	4.2473	1	12.106	3.2474	0	-7.3438	3	-1	1	1	0	0	0
7	910.03	3.4384	6.4024	3.4384	6.4024	0	2	75	3.1058	4.2473	1	12.106	3.2474	0	-7.3438	3	-1	1	1	0	0	0
7	926.59	3.4787	6.6276	3.4787	6.6276	0	2	75	3.1058	4.2473	1	12.106	3.2474	0	-7.3438	3	-1	1	1	0	0	0
7	943.15	3.4988	6.7562	3.4988	6.7562	0	2	75	3.1058	4.2473	1	12.106	3.2474	0	-7.3438	3	-1	1	1	0	0	0
7	959.8	3.539	6.9171	3.539	6.9171	0	2	75	3.1058	4.2473	1	12.106	3.2474	0	-7.3438	3	-1	1	1	0	0	0
7	976.43	3.5792	7.0136	3.5792	7.0136	0	2	75	3.1058	4.2473	1	12.106	3.2474	0	-7.3438	3	-1	1	1	0	0	0
7	992.99	3.6395	7.2067	3.6395	7.2067	0	2	75	3.1058	4.2473	1	12.106	3.2474	0	-7.3438	3	-1	1	1	0	0	0
7	1009.6	3.6797	7.3032	3.6797	7.3032	0	2	75	3.1058	4.2473	1	12.106	3.2474	0	-7.3438	3	-1	1	0	0	0	0
7	1026.3	3.6797	7.3354	3.6797	7.3354	0	2	75	3.1058	4.2473	1	12.106	3.2474	0	-7.3438	3	-1	1	0	0	0	0
7	1042.8	3.6797	7.3354	3.6797	7.3354	0	2	75	3.1058	4.2473	1	12.106	3.2474	0	-7.3438	3	-1	1	0	0	0	0
7	1059.4	3.6797	7.3354	3.6797	7.3354	0	2	75	3.1058	4.2473	1	12.106	3.2474	0	-7.3438	3	-1	1	0	0	0	0
7	1076	3.6797	7.3354	3.6797	7.3354	0	3	75	3.1058	4.2473	1	12.106	3.2474	0	-7.3438	3	-1	1	0	0	0	0
8	30.59	0.060324	-7.3675	0.060324	-7.3675	0	1	90	0	4.6562	1	9	3.6562	0	-7.3438	3	-1	1	0	0	0	0
8	47.192	0.020108	-7.4962	0.020108	-7.4962	0	1	90	0	4.6562	1	9	3.6562	0	-7.3438	3	-1	1	0	0	0	0
8	63.81	0	-7.6571	0	-7.6571	0	1	90	0	4.6562	1	9	3.6562	0	-7.3438	3	-1	1	0	0	0	0
8	80.333	0	-7.6893	0	-7.6893	0	1	90	0	4.6562	1	9	3.6562	0	-7.3438	3	-1	1	0	0	0	0
8	96.915	0	-7.6893	0	-7.6893	0	1	90	0	4.6562	1	9	3.6562	0	-7.3438	3	-1	1	0	0	0	0
8	113.52	0	-7.6893	0	-7.6893	0	1	90	0	4.6562	1	9	3.6562	0	-7.3438	3	-1	1	0	0	0	0
8	130.19	0	-7.6893	0	-7.6893	0	1	90	0	4.6562	1	9	3.6562	0	-7.3438	3	-1	1	0	0	0	0
8	146.7	0	-7.6893	0	-7.6893	0	1	90	0	4.6562	1	9	3.6562	0	-7.3438	3	-1	1	0	0	0	0
8	163.33	0	-7.6893	0	-7.6893	0	1	90	0	4.6562	1	9	3.6562	0	-7.3438	3	-1	1	0	0	0	0
8	179.88	0	-7.6893	0	-7.6893	0	1	90	0	4.6562	1	9	3.6562	0	-7.3438	3	-1	1	0	0	0	0
8	196.44	0	-7.6893	0	-7.6893	0	1	90	0	4.6562	1	9	3.6562	0	-7.3438	3	-1	1	0	0	0	0
8	213.12	0	-7.6893	0	-7.6893	0	1	90	0	4.6562	1	9	3.6562	0	-7.3438	3	-1	1	0	0	0	0
8	229.69	0	-7.6893	0	-7.6893	0	1	90	0	4.6562	1	9	3.6562	0	-7.3438	3	-1	1	0	0	0	0
8	246.28	0	-7.6893	0	-7.6893	0	1	90	0	4.6562	1	9	3.6562	0	-7.3438	3	-1	1	0	0	0	0
8	262.91	0	-7.6893	0	-7.6893	0	1	90	0	4.6562	1	9	3.6562	0	-7.3438	3	-1	1	0	0	0	0
8	279.46	0	-7.6893	0	-7.6893	0	1	90	0	4.6562	1	9	3.6562	0	-7.3438	3	-1	1	0	0	0	0
8	296.07	0	-7.6893	0	-7.6893	0	1	90	0	4.6562	1	9	3.6562	0	-7.3438	3	-1	1	0	0	0	0
8	312.64	0	-7.6893	0	-7.6893	0	1	90	0	4.6562	1	9	3.6562	0	-7.3438	3	-1	1	1	0	0	0
8	329.24	0	-7.6893	0	-7.6893	0	1	90	0	4.6562	1	9	3.6562	0	-7.3438	3	-1	1	1	0	0	0
8	345.84	0	-7.6893	0	-7.6893	0	1	90	0	4.6562	1	9	3.6562	0	-7.3438	3	-1	1	1	0	0	0
8	362.42	0	-7.6571	0	-7.6571	0	1	90	0	4.6562	1	9	3.6562	0	-7.3438	3	-1	1	1	0	0	0
8	379.02	0	-7.6571	0	-7.6571	0	1	90	0	4.6562	1	9	3.6562	0	-7.3438	3	-1	1	1	0	0	0
8	395.63	-0.12065	-7.5284	-0.12065	-7.5284	0	1	90	0	4.6562	1	9	3.6562	0	-7.3438	3	-1	1	1	0	0	0
8	412.19	-0.2614	-7.3997	-0.2614	-7.3997	0	1	90	0	4.6562	1	9	3.6562	0	-7.3438	3	-1	1	1	0	0	0
8	428.82	-0.58313	-6.9815	-0.58313	-6.9815	0	1	90	0	4.6562	1	9	3.6562	0	-7.3438	3	-1	1	1	0	0	0
8	445.36	-0.94507	-6.3702	-0.94507	-6.3702	0	1	90	0	4.6562	1	9	3.6562	0	-7.3438	3	-1	1	1	0	0	0
8	462	-1.2668	-5.6302	-1.2668	-5.6302	0	1	90	0	4.6562	1	9	3.6562	0	-7.3438	3	-1	1	1	0	0	0
8	478.63	-1.4076	-5.2441	-1.4076	-5.2441	0	2	90	0	4.6562	1	9	3.6562	0	-7.3438	3	-1	1	1	0	0	0
8	495.23	-1.6287	-4.472	-1.6287	-4.472	0	2	90	0	4.6562	1	9	3.6562	0	-7.3438	3	-1	1	1	0	0	0
8	511.76	-1.7293	-4.0859	-1.7293	-4.0859	0	2	90	0	4.6562	1	9	3.6562	0	-7.3438	3	-1	1	1	0	0	0
8	528.34	-1.9102	-3.346	-1.9102	-3.346	0	2	90	0	4.6562	1	9	3.6562	0	-7.3438	3	-1	1	1	0	0	0
8	544.91	-2.0711	-2.5095	-2.0711	-2.5095	0	2	90	0	4.6562	1	9	3.6562	0	-7.3438	3	-1	1	1	0	0	0
8	561.53	-2.1717	-1.7051	-2.1717	-1.7051	0	2	90	0	4.6562	1	9	3.6562	0	-7.3438	3	-1	1	1	0	0	0
8	578.17	-2.2119	-1.3513	-2.2119	-1.3512	0	2	90	0	4.6562	1	9	3.6562	0	-7.3438	3	-1	1	1	0	0	0
8	594.75	-2.232	-0.7078	-2.232	-0.7078	0	2	90	0	4.6562	1	9	3.6562	0	-7.3438	3	-1	1	1	0	0	0
8	611.32	-2.2521	-0.41824	-2.2521	-0.41824	0	2	90	0	4.6562	1	9	3.6562	0	-7.3438	3	-1	1	1	0	0	0
8	627.9	-2.2923	0.28955	-2.2923	0.28955	0	2	90	0	4.6562	1	9	3.6562	0	-7.3438	3	-1	1	1	0	1	0
8	644.49	-2.3325	1.0939	-2.3325	1.0939	0	2	90	0	4.6562	1	9	3.6562	0	-7.3438	3	-1	1	1	0	0	0
8	661.1	-2.3124	1.9304	-2.3124	1.9304	0	2	90	0	4.6562	1	9	3.6562	0	-7.3438	3	-1	1	1	0	0	0
8	677.69	-2.2923	2.3486	-2.2923	2.3486	0	2	90	0	4.6562	1	9	3.6562	0	-7.3438	3	-1	1	1	0	0	0
8	694.29	-2.2119	3.1207	-2.2119	3.1207	0	2	90	0	4.6562	1	9	3.6562	0	-7.3438	3	-1	1	1	0	0	0
8	710.9	-2.1717	3.5068	-2.1717	3.5068	0	2	90	0	4.6562	1	9	3.6562	0	-7.3438	3	-1	1	1	0	0	0
8	727.49	-2.0711	4.279	-2.0711	4.279	0	2	90	0	4.6562	1	9	3.6562	0	-7.3438	3	-1	1	1	0	0	0
8	744.05	-1.9505	5.0189	-1.9505	5.0189	0	2	90	0	4.6562	1	9	3.6562	0	-7.3438	3	-1	1	1	0	0	0
8	760.66	-1.8298	5.6946	-1.8298	5.6946	0	2	90	0	4.6562	1	9	3.6562	0	-7.3438	3	-1	1	1	0	0	0
8	777.25	-1.7695	5.9841	-1.7695	5.9841	0	2	90	0	4.6562	1	9	3.6562	0	-7.3438	3	-1	1	1	0	0	0
8	793.91	-1.6488	6.531	-1.6488	6.531	0	2	90	0	4.6562	1	9	3.6562	0	-7.3438	3	-1	1	1	0	0	0
8	810.47	-1.6086	6.7884	-1.6086	6.7884	0	2	90	0	4.6562	1	9	3.6562	0	-7.3438	3	-1	1	1	0	0	0
8	827.25	-1.5282	7.271	-1.5282	7.271	0	2	90	0	4.6562	1	9	3.6562	0	-7.3438	3	-1	1	1	0	0	0
8	843.65	-1.4679	7.7214	-1.4679	7.7214	0	2	90	0	4.6562	1	9	3.6562	0	-7.3438	3	-1	1	1	0	0	0
8	860.23	-1.4277	8.1397	-1.4277	8.1397	0	2	90	0	4.6562	1	9	3.6562	0	-7.3438	3	-1	1	1	0	0	0
8	876.81	-1.4277	8.3327	-1.4277	8.3327	0	2	90	0	4.6562	1	9	3.6562	0	-7.3438	3	-1	1	1	0	0	0
8	893.47	-1.4478	8.7188	-1.4478	8.7188	0	2	90	0	4.6562	1	9	3.6562	0	-7.3438	3	-1	1	1	0	0	0
8	910.03	-1.4478	8.8475	-1.4478	8.8475	0	2	90	0	4.6562	1	9	3.6562	0	-7.3438	3	-1	1	1	0	0	0
8	926.66	-1.4679	9.0727	-1.4679	9.0727	0	2	90	0	4.6562	1	9	3.6562	0	-7.3438	3	-1	1	1	0	0	0
8	943.26	-1.488	9.2014	-1.488	9.2014	0	2	90	0	4.6562	1	9	3.6562	0	-7.3438	3	-1	1	1	0	0	0
8	959.8	-1.488	9.2335	-1.488	9.2335	0	2	90	0	4.6562	1	9	3.6562	0	-7.3438	3	-1	1	0	0	0	0
8	976.38	-1.5081	9.3301	-1.5081	9.3301	0	2	90	0	4.6562	1	9	3.6562	0	-7.3438	3	-1	1	0	0	0	0
8	993.02	-1.5081	9.3622	-1.5081	9.3622	0	2	90	0	4.6562	1	9	3.6562	0	-7.3438	3	-1	1	0	0	0	0
8	1009.6	-1.5081	9.3944	-1.5081	9.3944	0	2	90	0	4.6562	1	9	3.6562	0	-7.3438	3	-1	1	0	0	0	0
8	1026.2	-1.5282	9.3944	-1.5282	9.3944	0	2	90	0	4.6562	1	9	3.6562	0	-7.3438	3	-1	1	0	0	0	0
8	1042.8	-1.5282	9.3944	-1.5282	9.3944	0	2	90	0	4.6562	1	9	3.6562	0	-7.3438	3	-1	1	0	0	0	0
8	1059.4	-1.5282	9.3944	-1.5282	9.3944	0	3	90	0	4.6562	1	9	3.6562	0	-7.3438	3	-1	1	0	0	0	0
9	30.077	0.18097	-7.5606	0.18097	-7.5606	0	1	105	-3.1058	4.2473	1	5.8942	3.2474	0	-7.3438	3	-1	1	0	0	0	0
9	46.689	0.14076	-7.5927	0.14076	-7.5927	0	1	105	-3.1058	4.2473	1	5.8942	3.2474	0	-7.3438	3	-1	1	0	0	0	0
9	63.38	0.12065	-7.6249	0.12065	-7.6249	0	1	105	-3.1058	4.2473	1	5.8942	3.2474	0	-7.3438	3	-1	1	0	0	0	0
9	79.97	0.12065	-7.6571	0.12065	-7.6571	0	1	105	-3.1058	4.2473	1	5.8942	3.2474	0	-7.3438	3	-1	1	0	0	0	0
9	96.512	0.10054	-7.6571	0.10054	-7.6571	0	1	105	-3.1058	4.2473	1	5.8942	3.2474	0	-7.3438	3	-1	1	0	0	0	0
9	113.11	0.10054	-7.6571	0.10054	-7.6571	0	1	105	-3.1058	4.2473	1	5.8942	3.2474	0	-7.3438	3	-1	1	0	0	0	0
9	129.68	0.10054	-7.6571	0.10054	-7.6571	0	1	105	-3.1058	4.2473	1	5.8942	3.2474	0	-7.3438	3	-1	1	0	0	0	0
9	146.34	0.10054	-7.6571	0.10054	-7.6571	0	1	105	-3.1058	4.2473	1	5.8942	3.2474	0	-7.3438	3	-1	1	0	0	0	0
9	162.89	0.10054	-7.6571	0.10054	-7.6571	0	1	105	-3.1058	4.2473	1	5.8942	3.2474	0	-7.3438	3	-1	1	0	0	0	0
9	179.66	0.10054	-7.6571	0.10054	-7.6571	0	1	105	-3.1058	4.2473	1	5.8942	3.2474	0	-7.3438	3	-1	1	0	0	0	0
9	196.04	0.10054	-7.6571	0.10054	-7.6571	0	1	105	-3.1058	4.2473	1	5.8942	3.2474	0	-7.3438	3	-1	1	0	0	0	0
9	212.63	0.10054	-7.6571	0.10054	-7.6571	0	1	105	-3.1058	4.2473	1	5.8942	3.2474	0	-7.3438	3	-1	1	0	0	0	0
9	229.25	0.10054	-7.6571	0.10054	-7.6571	0	1	105	-3.1058	4.2473	1	5.8942	3.2474	0	-7.3438	3	-1	1	0	0	0	0
9	245.89	0.10054	-7.6571	0.10054	-7.6571	0	1	105	-3.1058	4.2473	1	5.8942	3.2474	0	-7.3438	3	-1	1	0	0	0	0
9	262.47	0.10054	-7.6571	0.10054	-7.6571	0	1	105	-3.1058	4.2473	1	5.8942	3.2474	0	-7.3438	3	-1	1	0	0	0	0
9	279.08	0.10054	-7.6571	0.10054	-7.6571	0	1	105	-3.1058	4.2473	1	5.8942	3.2474	0	-7.3438	3	-1	1	0	0	0	0
9	295.64	0.10054	-7.6571	0.10054	-7.6571	0	1	105	-3.1058	4.2473	1	5.8942	3.2474	0	-7.3438	3	-1	1	0	0	0	0
9	312.26	0.10054	-7.6571	0.10054	-7.6571	0	1	105	-3.1058	4.2473	1	5.8942	3.2474	0	-7.3438	3	-1	1	0	0	0	0
9	328.77	0.10054	-7.6571	0.10054	-7.6571	0	1	105	-3.1058	4.2473	1	5.8942	3.2474	0	-7.3438	3	-1	1	0	0	0	0
9	345.43	0.10054	-7.6571	0.10054	-7.6571	0	1	105	-3.1058	4.2473	1	5.8942	3.2474	0	-7.3438	3	-1	1	0	0	0	0
9	362.04	0.10054	-7.6571	0.10054	-7.6571	0	1	105	-3.1058	4.2473	1	5.8942	3.2474	0	-7.3438	3	-1	1	0	0	0	0
9	378.64	0.10054	-7.6571	0.10054	-7.6571	0	1	105	-3.1058	4.2473	1	5.8942	3.2474	0	-7.3438	3	-1	1	0	0	0	0
9	395.24	0.10054	-7.6571	0.10054	-7.6571	0	1	105	-3.1058	4.2473	1	5.8942	3.2474	0	-7.3438	3	-1	1	0	0	0	0
9	411.83	0.10054	-7.6249	0.10054	-7.6249	0	1	105	-3.1058	4.2473	1	5.8942	3.2474	0	-7.3438	3	-1	1	0	0	0	0
9	428.39	0.10054	-7.6249	0.10054	-7.6249	0	1	105	-3.1058	4.2473	1	5.8942	3.2474	0	-7.3438	3	-1	1	0	0	0	0
9	444.98	0.12065	-7.6249	0.12065	-7.6249	0	1	105	-3.1058	4.2473	1	5.8942	3.2474	0	-7.3438	3	-1	1	0	0	0	0
9	461.6	0.12065	-7.6249	0.12065	-7.6249	0	1	105	-3.1058	4.2473	1	5.8942	3.2474	0	-7.3438	3	-1	1	0	0	0	0
9	478.15	0.12065	-7.6249	0.12065	-7.6249	0	1	105	-3.1058	4.2473	1	5.8942	3.2474	0	-7.3438	3	-1	1	0	0	0	0
9	494.71	0.12065	-7.6249	0.12065	-7.6249	0	1	105	-3.1058	4.2473	1	5.8942	3.2474	0	-7.3438	3	-1	1	0	0	0	0
9	511.4	0.10054	-7.6249	0.10054	-7.6249	0	1	105	-3.1058	4.2473	1	5.8942	3.2474	0	-7.3438	3	-1	1	0	0	0	0
9	527.94	0.10054	-7.5927	0.10054	-7.5927	0	1	105	-3.1058	4.2473	1	5.8942	3.2474	0	-7.3438	3	-1	1	1	0	0	0
9	544.54	0.020108	-7.5284	0.020108	-7.5284	0	1	105	-3.1058	4.2473	1	5.8942	3.2474	0	-7.3438	3	-1	1	1	0	0	0
9	561.12	-0.12065	-7.3032	-0.12065	-7.3032	0	1	105	-3.1058	4.2473	1	5.8942	3.2474	0	-7.3438	3	-1	1	1	0	0	0
9	577.73	-0.22119	-7.1101	-0.22119	-7.1101	0	1	105	-3.1058	4.2473	1	5.8942	3.2474	0	-7.3438	3	-1	1	1	0	0	0
9	594.38	-0.42227	-6.6919	-0.42227	-6.6919	0	1	105	-3.1058	4.2473	1	5.8942	3.2474	0	-7.3438	3	-1	1	1	0	0	0
9	610.97	-0.68367	-6.2093	-0.68367	-6.2093	0	1	105	-3.1058	4.2473	1	5.8942	3.2474	0	-7.3438	3	-1	1	1	0	0	0
9	627.55	-0.82442	-5.9198	-0.82442	-5.9198	0	1	105	-3.1058	4.2473	1	5.8942	3.2474	0	-7.3438	3	-1	1	1	0	0	0
9	644.14	-1.126	-5.2763	-1.126	-5.2763	0	1	105	-3.1058	4.2473	1	5.8942	3.2474	0	-7.3438	3	-1	1	1	0	0	0
9	660.66	-1.2869	-4.9224	-1.2869	-4.9224	0	2	105	-3.1058	4.2473	1	5.8942	3.2474	0	-7.3438	3	-1	1	1	0	0	0
9	677.32	-1.6488	-4.1824	-1.6488	-4.1824	0	2	105	-3.1058	4.2473	1	5.8942	3.2474	0	-7.3438	3	-1	1	1	0	0	0
9	693.91	-2.0108	-3.4103	-2.0108	-3.4103	0	2	105	-3.1058	4.2473	1	5.8942	3.2474	0	-7.3438	3	-1	1	1	0	0	0
9	710.54	-2.4129	-2.6382	-2.4129	-2.6382	0	2	105	-3.1058	4.2473	1	5.8942	3.2474	0	-7.3438	3	-1	1	1	0	0	0
9	727.12	-2.6341	-2.2199	-2.6341	-2.2199	0	2	105	-3.1058	4.2473	1	5.8942	3.2474	0	-7.3438	3	-1	1	1	0	0	0
9	743.72	-3.1368	-1.2547	-3.1368	-1.2547	0	2	105	-3.1058	4.2473	1	5.8942	3.2474	0	-7.3438	3	-1	1	1	0	0	0
9	760.29	-3.3982	-0.73997	-3.3982	-0.73997	0	2	105	-3.1058	4.2473	1	5.8942	3.2474	0	-7.3438	3	-1	1	1	0	0	0
9	776.86	-3.9009	0.48259	-3.9009	0.48259	0	2	105	-3.1058	4.2473	1	5.8942	3.2474	0	-7.3438	3	-1	1	1	0	1	0
9	793.47	-4.3835	1.7373	-4.3835	1.7373	0	2	105	-3.1058	4.2473	1	5.8942	3.2474	0	-7.3438	3	-1	1	1	0	0	0
9	810.06	-4.8058	2.8312	-4.8058	2.8312	0	2	105	-3.1058	4.2473	1	5.8942	3.2474	0	-7.3438	3	-1	1	1	0	0	0
9	826.65	-5.0069	3.3138	-5.0069	3.3138	0	2	105	-3.1058	4.2473	1	5.8942	3.2474	0	-7.3438	3	-1	1	1	0	0	0
9	843.28	-5.3688	4.1181	-5.3688	4.1181	0	2	105	-3.1058	4.2473	1	5.8942	3.2474	0	-7.3438	3	-1	1	1	0	0	0
9	859.86	-5.5297	4.472	-5.5297	4.472	0	2	105	-3.1058	4.2473	1	5.8942	3.2474	0	-7.3438	3	-1	1	1	0	0	0
9	876.43	-5.8112	5.1798	-5.8112	5.1798	0	2	105	-3.1058	4.2473	1	5.8942	3.2474	0	-7.3438	3	-1	1	1	0	0	0
9	892.99	-6.0525	5.8876	-6.0525	5.8876	0	2	105	-3.1058	4.2473	1	5.8942	3.2474	0	-7.3438	3	-1	1	1	0	0	0
9	909.66	-6.1731	6.2415	-6.1731	6.2415	0	2	105	-3.1058	4.2473	1	5.8942	3.2474	0	-7.3438	3	-1	1	1	0	0	0
9	926.24	-6.4546	6.8849	-6.4546	6.8849	0	2	105	-3.1058	4.2473	1	5.8942	3.2474	0	-7.3438	3	-1	1	1	0	0	0
9	942.84	-6.716	7.464	-6.716	7.464	0	2	105	-3.1058	4.2473	1	5.8942	3.2474	0	-7.3438	3	-1	1	1	0	0	0
9	959.45	-6.8367	7.6893	-6.8367	7.6893	0	2	105	-3.1058	4.2473	1	5.8942	3.2474	0	-7.3438	3	-1	1	1	0	0	0
9	976.02	-7.0378	8.1718	-7.0378	8.1718	0	2	105	-3.1058	4.2473	1	5.8942	3.2474	0	-7.3438	3	-1	1	1	0	0	0
9	992.59	-7.1986	8.5579	-7.1986	8.5579	0	2	105	-3.1058	4.2473	1	5.8942	3.2474	0	-7.3438	3	-1	1	1	0	0	0
9	1009.2	-7.2791	8.751	-7.2791	8.751	0	2	105	-3.1058	4.2473	1	5.8942	3.2474	0	-7.3438	3	-1	1	1	0	0	0
9	1025.8	-7.4198	9.0727	-7.4198	9.0727	0	2	105	-3.1058	4.2473	1	5.8942	3.2474	0	-7.3438	3	-1	1	1	0	0	0
9	1042.4	-7.5606	9.3301	-7.5606	9.3301	0	2	105	-3.1058	4.2473	1	5.8942	3.2474	0	-7.3438	3	-1	1	1	0	0	0
9	1058.9	-7.6209	9.4909	-7.6209	9.4909	0	2	105	-3.1058	4.2473	1	5.8942	3.2474	0	-7.3438	3	-1	1	1	0	0	0
9	1075.6	-7.7415	9.7483	-7.7415	9.7483	0	2	105	-3.1058	4.2473	1	5.8942	3.2474	0	-7.3438	3	-1	1	1	0	0	0
9	1092.1	-7.8019	9.9092	-7.8019	9.9092	0	2	105	-3.1058	4.2473	1	5.8942	3.2474	0	-7.3438	3	-1	1	1	0	0	0
9	1108.7	-7.9024	10.199	-7.9024	10.199	0	2	105	-3.1058	4.2473	1	5.8942	3.2474	0	-7.3438	3	-1	1	1	0	0	0
9	1125.4	-8.0029	10.456	-8.0029	10.456	0	2	105	-3.1058	4.2473	1	5.8942	3.2474	0	-7.3438	3	-1	1	1	0	0	0
9	1142	-8.1035	10.617	-8.1035	10.617	0	2	105	-3.1058	4.2473	1	5.8942	3.2474	0	-7.3438	3	-1	1	0	0	0	0
9	1158.6	-8.1638	10.713	-8.1638	10.713	0	2	105	-3.1058	4.2473	1	5.8942	3.2474	0	-7.3438	3	-1	1	0	0	0	0
9	1175.2	-8.2442	10.81	-8.2442	10.81	0	2	105	-3.1058	4.2473	1	5.8942	3.2474	0	-7.3438	3	-1	1	0	0	0	0
9	1191.8	-8.2643	10.842	-8.2643	10.842	0	2	105	-3.1058	4.2473	1	5.8942	3.2474	0	-7.3438	3	-1	1	0	0	0	0
9	1208.3	-8.2844	10.874	-8.2844	10.874	0	2	105	-3.1058	4.2473	1	5.8942	3.2474	0	-7.3438	3	-1	1	0	0	0	0
9	1224.9	-8.2844	10.874	-8.2844	10.874	0	2	105	-3.1058	4.2473	1	5.8942	3.2474	0	-7.3438	3	-1	1	0	0	0	0
9	1241.5	-8.2844	10.874	-8.2844	10.874	0	3	105	-3.1058	4.2473	1	5.8942	3.2474	0	-7.3438	3	-1	1	0	0	0	0
10	30.402	-0.20108	-7.5284	-0.20108	-7.5284	0	1	75	3.1058	4.2473	1	12.106	3.2474	0	-7.3438	3	-1	1	0	0	0	0
10	47.011	-0.10054	-7.5927	-0.10054	-7.5927	0	1	75	3.1058	4.2473	1	12.106	3.2474	0	-7.3438	3	-1	1	0	0	0	0
10	63.604	-0.020108	-7.6893	-0.020108	-7.6893	0	1	75	3.1058	4.2473	1	12.106	3.2474	0	-7.3438	3	-1	1	0	0	0	0
10	80.189	-0.020108	-7.6893	-0.020108	-7.6893	0	1	75	3.1058	4.2473	1	12.106	3.2474	0	-7.3438	3	-1	1	0	0	0	0
10	96.756	-0.020108	-7.6893	-0.020108	-7.6893	0	1	75	3.1058	4.2473	1	12.106	3.2474	0	-7.3438	3	-1	1	0	0	0	0
10	113.39	-0.020108	-7.6893	-0.020108	-7.6893	0	1	75	3.1058	4.2473	1	12.106	3.2474	0	-7.3438	3	-1	1	0	0	0	0
10	130	-0.020108	-7.6893	-0.020108	-7.6893	0	1	75	3.1058	4.2473	1	12.106	3.2474	0	-7.3438	3	-1	1	0	0	0	0
10	146.54	-0.020108	-7.6893	-0.020108	-7.6893	0	1	75	3.1058	4.2473	1	12.106	3.2474	0	-7.3438	3	-1	1	0	0	0	0
10	163.14	-0.020108	-7.6893	-0.020108	-7.6893	0	1	75	3.1058	4.2473	1	12.106	3.2474	0	-7.3438	3	-1	1	0	0	0	0
10	179.82	-0.020108	-7.6893	-0.020108	-7.6893	0	1	75	3.1058	4.2473	1	12.106	3.2474	0	-7.3438	3	-1	1	0	0	0	0
10	196.29	-0.020108	-7.6893	-0.020108	-7.6893	0	1	75	3.1058	4.2473	1	12.106	3.2474	0	-7.3438	3	-1	1	0	0	0	0
10	212.91	-0.020108	-7.6893	-0.020108	-7.6893	0	1	75	3.1058	4.2473	1	12.106	3.2474	0	-7.3438	3	-1	1	0	0	0	0
10	229.48	-0.020108	-7.6893	-0.020108	-7.6893	0	1	75	3.1058	4.2473	1	12.106	3.2474	0	-7.3438	3	-1	1	0	0	0	0
10	246.1	-0.020108	-7.6893	-0.020108	-7.6893	0	1	75	3.1058	4.2473	1	12.106	3.2474	0	-7.3438	3	-1	1	0	0	0	0
10	262.69	-0.020108	-7.6893	-0.020108	-7.6893	0	1	75	3.1058	4.2473	1	12.106	3.2474	0	-7.3438	3	-1	1	0	0	0	0
10	279.32	-0.020108	-7.6893	-0.020108	-7.6893	0	1	75	3.1058	4.2473	1	12.106	3.2474	0	-7.3438	3	-1	1	0	0	0	0
10	295.91	-0.020108	-7.6893	-0.020108	-7.6893	0	1	75	3.1058	4.2473	1	12.106	3.2474	0	-7.3438	3	-1	1	0	0	0	0
10	312.47	-0.040216	-7.6893	-0.040216	-7.6893	0	1	75	3.1058	4.2473	1	12.106	3.2474	0	-7.3438	3	-1	1	0	0	0	0
10	329.02	-0.040216	-7.6893	-0.040216	-7.6893	0	1	75	3.1058	4.2473	1	12.106	3.2474	0	-7.3438	3	-1	1	0	0	0	0
10	345.65	-0.040216	-7.6893	-0.040216	-7.6893	0	1	75	3.1058	4.2473	1	12.106	3.2474	0	-7.3438	3	-1	1	0	0	0	0
10	362.25	-0.060324	-7.6893	-0.060324	-7.6893	0	1	75	3.1058	4.2473	1	12.106	3.2474	0	-7.3438	3	-1	1	0	0	0	0
10	378.84	-0.10054	-7.6893	-0.10054	-7.6893	0	1	75	3.1058	4.2473	1	12.106	3.2474	0	-7.3438	3	-1	1	0	0	0	0
10	395.48	-0.12065	-7.6893	-0.12065	-7.6893	0	1	75	3.1058	4.2473	1	12.106	3.2474	0	-7.3438	3	-1	1	0	0	0	0
10	412.01	-0.16086	-7.6893	-0.16086	-7.6893	0	1	75	3.1058	4.2473	1	12.106	3.2474	0	-7.3438	3	-1	1	0	0	0	0
10	428.6	-0.18097	-7.6893	-0.18097	-7.6893	0	1	75	3.1058	4.2473	1	12.106	3.2474	0	-7.3438	3	-1	1	0	0	0	0
10	445.24	-0.18097	-7.6893	-0.18097	-7.6893	0	1	75	3.1058	4.2473	1	12.106	3.2474	0	-7.3438	3	-1	1	0	0	0	0
10	461.8	-0.18097	-7.6893	-0.18097	-7.6893	0	1	75	3.1058	4.2473	1	12.106	3.2474	0	-7.3438	3	-1	1	0	0	0	0
10	478.42	-0.18097	-7.6893	-0.18097	-7.6893	0	1	75	3.1058	4.2473	1	12.106	3.2474	0	-7.3438	3	-1	1	0	0	0	0
10	494.95	-0.20108	-7.6893	-0.20108	-7.6893	0	1	75	3.1058	4.2473	1	12.106	3.2474	0	-7.3438	3	-1	1	0	0	0	0
10	511.64	-0.20108	-7.6893	-0.20108	-7.6893	0	1	75	3.1058	4.2473	1	12.106	3.2474	0	-7.3438	3	-1	1	0	0	0	0
10	528.18	-0.20108	-7.6893	-0.20108	-7.6893	0	1	75	3.1058	4.2473	1	12.106	3.2474	0	-7.3438	3	-1	1	0	0	0	0
10	544.75	-0.20108	-7.6893	-0.20108	-7.6893	0	1	75	3.1058	4.2473	1	12.106	3.2474	0	-7.3438	3	-1	1	0	0	0	0
10	561.42	-0.20108	-7.6893	-0.20108	-7.6893	0	1	75	3.1058	4.2473	1	12.106	3.2474	0	-7.3438	3	-1	1	0	0	0	0
10	578.03	-0.22119	-7.6571	-0.22119	-7.6571	0	1	75	3.1058	4.2473	1	12.106	3.2474	0	-7.3438	3	-1	1	0	0	0	0
10	594.58	-0.22119	-7.6571	-0.22119	-7.6571	0	1	75	3.1058	4.2473	1	12.106	3.2474	0	-7.3438	3	-1	1	0	0	0	0
10	611.19	-0.22119	-7.6571	-0.22119	-7.6571	0	1	75	3.1058	4.2473	1	12.106	3.2474	0	-7.3438	3	-1	1	0	0	0	0
10	627.77	-0.24129	-7.6571	-0.24129	-7.6571	0	1	75	3.1058	4.2473	1	12.106	3.2474	0	-7.3438	3	-1	1	0	0	0	0
10	644.36	-0.24129	-7.6571	-0.24129	-7.6571	0	1	75	3.1058	4.2473	1	12.106	3.2474	0	-7.3438	3	-1	1	0	0	0	0
10	660.95	-0.24129	-7.6571	-0.24129	-7.6571	0	1	75	3.1058	4.2473	1	12.106	3.2474	0	-7.3438	3	-1	1	0	0	0	0
10	677.47	-0.24129	-7.6571	-0.24129	-7.6571	0	1	75	3.1058	4.2473	1	12.106	3.2474	0	-7.3438	3	-1	1	0	0	0	0
10	694.14	-0.24129	-7.6571	-0.24129	-7.6571	0	1	75	3.1058	4.2473	1	12.106	3.2474	0	-7.3438	3	-1	1	0	0	0	0
10	710.76	-0.24129	-7.6571	-0.24129	-7.6571	0	1	75	3.1058	4.2473	1	12.106	3.2474	0	-7.3438	3	-1	1	0	0	0	0
10	727.36	-0.24129	-7.6571	-0.24129	-7.6571	0	1	75	3.1058	4.2473	1	12.106	3.2474	0	-7.3438	3	-1	1	0	0	0	0
10	743.89	-0.24129	-7.6571	-0.24129	-7.6571	0	1	75	3.1058	4.2473	1	12.106	3.2474	0	-7.3438	3	-1	1	0	0	0	0
10	760.51	-0.24129	-7.6571	-0.24129	-7.6571	0	1	75	3.1058	4.2473	1	12.106	3.2474	0	-7.3438	3	-1	1	0	0	0	0
10	777.11	-0.24129	-7.6571	-0.24129	-7.6571	0	1	75	3.1058	4.2473	1	12.106	3.2474	0	-7.3438	3	-1	1	0	0	0	0
10	793.67	-0.24129	-7.6571	-0.24129	-7.6571	0	1	75	3.1058	4.2473	1	12.106	3.2474	0	-7.3438	3	-1	1	0	0	0	0
10	810.32	-0.24129	-7.6571	-0.24129	-7.6571	0	1	75	3.1058	4.2473	1	12.106	3.2474	0	-7.3438	3	-1	1	0	0	0	0
10	826.91	-0.24129	-7.6571	-0.24129	-7.6571	0	1	75	3.1058	4.2473	1	12.106	3.2474	0	-7.3438	3	-1	1	1	0	0	0
10	843.5	-0.24129	-7.6571	-0.24129	-7.6571	0	1	75	3.1058	4.2473	1	12.106	3.2474	0	-7.3438	3	-1	1	1	0	0	0
10	860.09	-0.24129	-7.6571	-0.24129	-7.6571	0	1	75	3.1058	4.2473	1	12.106	3.2474	0	-7.3438	3	-1	1	1	0	0	0
10	876.66	-0.24129	-7.6571	-0.24129	-7.6571	0	1	75	3.1058	4.2473	1	12.106	3.2474	0	-7.3438	3	-1	1	1	0	0	0
10	893.24	-0.24129	-7.6249	-0.24129	-7.6249	0	1	75	3.1058	4.2473	1	12.106	3.2474	0	-7.3438	3	-1	1	1	0	0	0
10	909.87	-0.2614	-7.5927	-0.2614	-7.5927	0	1	75	3.1058	4.2473	1	12.106	3.2474	0	-7.3438	3	-1	1	1	0	0	0
10	926.46	-0.30162	-7.5284	-0.30162	-7.5284	0	1	75	3.1058	4.2473	1	12.106	3.2474	0	-7.3438	3	-1	1	1	0	0	0
10	943.04	-0.38205	-7.3032	-0.38205	-7.3032	0	1	75	3.1058	4.2473	1	12.106	3.2474	0	-7.3438	3	-1	1	1	0	0	0
10	959.64	-0.42227	-7.1745	-0.42227	-7.1745	0	1	75	3.1058	4.2473	1	12.106	3.2474	0	-7.3438	3	-1	1	1	0	0	0
10	976.25	-0.44237	-6.7884	-0.44237	-6.7884	0	1	75	3.1058	4.2473	1	12.106	3.2474	0	-7.3438	3	-1	1	1	0	0	0
10	992.82	-0.42227	-6.3058	-0.42227	-6.3058	0	1	75	3.1058	4.2473	1	12.106	3.2474	0	-7.3438	3	-1	1	1	0	0	0
10	1009.5	-0.40216	-5.7589	-0.40216	-5.7589	0	1	75	3.1058	4.2473	1	12.106	3.2474	0	-7.3438	3	-1	1	1	0	0	0
10	1026	-0.36194	-5.5015	-0.36194	-5.5015	0	1	75	3.1058	4.2473	1	12.106	3.2474	0	-7.3438	3	-1	1	1	0	0	0
10	1042.6	-0.28151	-4.9224	-0.28151	-4.9224	0	1	75	3.1058	4.2473	1	12.106	3.2474	0	-7.3438	3	-1	1	1	0	0	0
10	1059.2	-0.22119	-4.6329	-0.22119	-4.6329	0	2	75	3.1058	4.2473	1	12.106	3.2474	0	-7.3438	3	-1	1	1	0	0	0
10	1075.8	-0.080432	-4.0537	-0.080432	-4.0537	0	2	75	3.1058	4.2473	1	12.106	3.2474	0	-7.3438	3	-1	1	1	0	0	0
10	1092.3	0.060324	-3.4103	0.060324	-3.4103	0	2	75	3.1058	4.2473	1	12.106	3.2474	0	-7.3438	3	-1	1	1	0	0	0
10	1109	0.24129	-2.7347	0.24129	-2.7347	0	2	75	3.1058	4.2473	1	12.106	3.2474	0	-7.3438	3	-1	1	1	0	0	0
10	1125.5	0.34183	-2.3808	0.34183	-2.3808	0	2	75	3.1058	4.2473	1	12.106	3.2474	0	-7.3438	3	-1	1	1	0	0	0
10	1142.2	0.54291	-1.7695	0.54291	-1.7695	0	2	75	3.1058	4.2473	1	12.106	3.2474	0	-7.3438	3	-1	1	1	0	0	0
10	1158.8	0.62334	-1.4799	0.62334	-1.4799	0	2	75	3.1058	4.2473	1	12.106	3.2474	0	-7.3438	3	-1	1	1	0	0	0
10	1175.4	0.82442	-0.80432	0.82442	-0.80432	0	2	75	3.1058	4.2473	1	12.106	3.2474	0	-7.3438	3	-1	1	1	0	0	0
10	1192	1.0255	-0.096518	1.0255	-0.096518	0	2	75	3.1058	4.2473	1	12.106	3.2474	0	-7.3438	3	-1	1	1	0	0	0
10	1208.5	1.2668	0.61128	1.2668	0.61128	0	2	75	3.1058	4.2473	1	12.106	3.2474	0	-7.3438	3	-1	1	1	0	0	0
10	1225.1	1.3673	0.96518	1.3673	0.96518	0	2	75	3.1058	4.2473	1	12.106	3.2474	0	-7.3438	3	-1	1	1	0	0	0
10	1241.8	1.5885	1.673	1.5885	1.673	0	2	75	3.1058	4.2473	1	12.106	3.2474	0	-7.3438	3	-1	1	1	0	0	0
10	1258.3	1.6891	1.9947	1.6891	1.9947	0	2	75	3.1058	4.2473	1	12.106	3.2474	0	-7.3438	3	-1	1	1	0	0	0
10	1275	1.8298	2.7025	1.8298	2.7025	0	2	75	3.1058	4.2473	1	12.106	3.2474	0	-7.3438	3	-1	1	1	0	1	0
10	1291.5	1.9304	3.4746	1.9304	3.4746	0	2	75	3.1058	4.2473	1	12.106	3.2474	0	-7.3438	3	-1	1	1	0	0	0
10	1308.1	1.9505	3.8285	1.9505	3.8285	0	2	75	3.1058	4.2473	1	12.106	3.2474	0	-7.3438	3	-1	1	1	0	0	0
10	1324.7	2.0108	4.5685	2.0108	4.5685	0	2	75	3.1058	4.2473	1	12.106	3.2474	0	-7.3438	3	-1	1	1	0	0	0
10	1341.3	2.1113	5.3085	2.1113	5.3085	0	2	75	3.1058	4.2473	1	12.106	3.2474	0	-7.3438	3	-1	1	1	0	0	0
10	1357.9	2.2119	5.6624	2.2119	5.6624	0	2	75	3.1058	4.2473	1	12.106	3.2474	0	-7.3438	3	-1	1	1	0	0	0
10	1374.5	2.4129	6.4024	2.4129	6.4024	0	2	75	3.1058	4.2473	1	12.106	3.2474	0	-7.3438	3	-1	1	1	0	0	0
10	1391.1	2.6341	7.1423	2.6341	7.1423	0	2	75	3.1058	4.2473	1	12.106	3.2474	0	-7.3438	3	-1	1	1	0	0	0
10	1407.7	2.7347	7.4962	2.7347	7.4962	0	2	75	3.1058	4.2473	1	12.106	3.2474	0	-7.3438	3	-1	1	1	0	0	0
10	1424.2	2.9358	8.1718	2.9358	8.1718	0	2	75	3.1058	4.2473	1	12.106	3.2474	0	-7.3438	3	-1	1	1	0	0	0
10	1440.8	3.0765	8.751	3.0765	8.751	0	2	75	3.1058	4.2473	1	12.106	3.2474	0	-7.3438	3	-1	1	1	0	0	0
10	1457.5	3.1167	9.0083	3.1167	9.0083	0	2	75	3.1058	4.2473	1	12.106	3.2474	0	-7.3438	3	-1	1	1	0	0	0
10	1474	3.1569	9.3301	3.1569	9.3301	0	2	75	3.1058	4.2473	1	12.106	3.2474	0	-7.3438	3	-1	1	1	0	0	0
10	1490.7	3.177	9.5231	3.177	9.5231	0	2	75	3.1058	4.2473	1	12.106	3.2474	0	-7.3438	3	-1	1	1	0	0	0
10	1507.3	3.1972	9.5874	3.1972	9.5874	0	2	75	3.1058	4.2473	1	12.106	3.2474	0	-7.3438	3	-1	1	1	0	0	0
10	1523.8	3.2575	9.684	3.2575	9.684	0	2	75	3.1058	4.2473	1	12.106	3.2474	0	-7.3438	3	-1	1	1	0	0	0
10	1540.4	3.3379	9.8448	3.3379	9.8448	0	2	75	3.1058	4.2473	1	12.106	3.2474	0	-7.3438	3	-1	1	0	0	0	0
10	1557	3.358	9.9092	3.358	9.9092	0	2	75	3.1058	4.2473	1	12.106	3.2474	0	-7.3438	3	-1	1	0	0	0	0
10	1573.6	3.3982	10.102	3.3982	10.102	0	2	75	3.1058	4.2473	1	12.106	3.2474	0	-7.3438	3	-1	1	0	0	0	0
10	1590.2	3.4384	10.327	3.4384	10.327	0	2	75	3.1058	4.2473	1	12.106	3.2474	0	-7.3438	3	-1	1	0	0	0	0
10	1606.8	3.4586	10.456	3.4586	10.456	0	2	75	3.1058	4.2473	1	12.106	3.2474	0	-7.3438	3	-1	1	0	0	0	0
10	1623.4	3.4988	10.713	3.4988	10.713	0	2	75	3.1058	4.2473	1	12.106	3.2474	0	-7.3438	3	-1	1	0	0	0	0
10	1640	3.5189	10.842	3.5189	10.842	0	2	75	3.1058	4.2473	1	12.106	3.2474	0	-7.3438	3	-1	1	0	0	0	0
10	1656.5	3.5189	11.003	3.5189	11.003	0	2	75	3.1058	4.2473	1	12.106	3.2474	0	-7.3438	3	-1	1	0	0	0	0
10	1673.2	3.5189	11.132	3.5189	11.132	0	2	75	3.1058	4.2473	1	12.106	3.2474	0	-7.3438	3	-1	1	0	0	0	0
10	1689.8	3.539	11.196	3.539	11.196	0	3	75	3.1058	4.2473	1	12.106	3.2474	0	-7.3438	3	-1	1	0	0	0	0
11	29.266	0.060324	-7.5284	0.060324	-7.5284	0	1	90	0	4.6562	1	9	3.6562	0	-7.3438	3	-1	1	0	0	0	0
11	45.837	0.060324	-7.6571	0.060324	-7.6571	0	1	90	0	4.6562	1	9	3.6562	0	-7.3438	3	-1	1	0	0	0	0
11	62.399	0.060324	-7.6571	0.060324	-7.6571	0	1	90	0	4.6562	1	9	3.6562	0	-7.3438	3	-1	1	0	0	0	0
11	79.1	0.060324	-7.6571	0.060324	-7.6571	0	1	90	0	4.6562	1	9	3.6562	0	-7.3438	3	-1	1	0	0	0	0
11	95.669	0.060324	-7.6571	0.060324	-7.6571	0	1	90	0	4.6562	1	9	3.6562	0	-7.3438	3	-1	1	0	0	0	0
11	112.25	0.060324	-7.6571	0.060324	-7.6571	0	1	90	0	4.6562	1	9	3.6562	0	-7.3438	3	-1	1	0	0	0	0
11	128.82	0.060324	-7.6571	0.060324	-7.6571	0	1	90	0	4.6562	1	9	3.6562	0	-7.3438	3	-1	1	0	0	0	0
11	145.47	0.060324	-7.6571	0.060324	-7.6571	0	1	90	0	4.6562	1	9	3.6562	0	-7.3438	3	-1	1	0	0	0	0
11	162.06	0.060324	-7.6571	0.060324	-7.6571	0	1	90	0	4.6562	1	9	3.6562	0	-7.3438	3	-1	1	0	0	0	0
11	178.61	0	-7.6571	0	-7.6571	0	1	90	0	4.6562	1	9	3.6562	0	-7.3438	3	-1	1	0	0	0	0
11	195.32	-0.060324	-7.6571	-0.060324	-7.6571	0	1	90	0	4.6562	1	9	3.6562	0	-7.3438	3	-1	1	0	0	0	0
11	211.81	-0.14076	-7.6571	-0.14076	-7.6571	0	1	90	0	4.6562	1	9	3.6562	0	-7.3438	3	-1	1	0	0	0	0
11	228.36	-0.16086	-7.6893	-0.16086	-7.6893	0	1	90	0	4.6562	1	9	3.6562	0	-7.3438	3	-1	1	0	0	0	0
11	244.96	-0.18097	-7.6893	-0.18097	-7.6893	0	1	90	0	4.6562	1	9	3.6562	0	-7.3438	3	-1	1	0	0	0	0
11	261.58	-0.18097	-7.6893	-0.18097	-7.6893	0	1	90	0	4.6562	1	9	3.6562	0	-7.3438	3	-1	1	0	0	0	0
11	278.2	-0.18097	-7.6893	-0.18097	-7.6893	0	1	90	0	4.6562	1	9	3.6562	0	-7.3438	3	-1	1	0	0	0	0
11	294.82	-0.18097	-7.6893	-0.18097	-7.6893	0	1	90	0	4.6562	1	9	3.6562	0	-7.3438	3	-1	1	0	0	0	0
11	311.39	-0.18097	-7.6893	-0.18097	-7.6893	0	1	90	0	4.6562	1	9	3.6562	0	-7.3438	3	-1	1	0	0	0	0
11	327.98	-0.18097	-7.6893	-0.18097	-7.6893	0	1	90	0	4.6562	1	9	3.6562	0	-7.3438	3	-1	1	0	0	0	0
11	344.57	-0.20108	-7.6893	-0.20108	-7.6893	0	1	90	0	4.6562	1	9	3.6562	0	-7.3438	3	-1	1	0	0	0	0
11	361.17	-0.20108	-7.6893	-0.20108	-7.6893	0	1	90	0	4.6562	1	9	3.6562	0	-7.3438	3	-1	1	0	0	0	0
11	377.78	-0.20108	-7.6893	-0.20108	-7.6893	0	1	90	0	4.6562	1	9	3.6562	0	-7.3438	3	-1	1	0	0	0	0
11	394.33	-0.20108	-7.6893	-0.20108	-7.6893	0	1	90	0	4.6562	1	9	3.6562	0	-7.3438	3	-1	1	0	0	0	0
11	410.97	-0.20108	-7.6893	-0.20108	-7.6893	0	1	90	0	4.6562	1	9	3.6562	0	-7.3438	3	-1	1	0	0	0	0
11	427.59	-0.20108	-7.6893	-0.20108	-7.6893	0	1	90	0	4.6562	1	9	3.6562	0	-7.3438	3	-1	1	0	0	0	0
11	444.13	-0.20108	-7.6893	-0.20108	-7.6893	0	1	90	0	4.6562	1	9	3.6562	0	-7.3438	3	-1	1	0	0	0	0
11	460.69	-0.20108	-7.6893	-0.20108	-7.6893	0	1	90	0	4.6562	1	9	3.6562	0	-7.3438	3	-1	1	0	0	0	0
11	477.34	-0.20108	-7.6893	-0.20108	-7.6893	0	1	90	0	4.6562	1	9	3.6562	0	-7.3438	3	-1	1	0	0	0	0
11	493.96	-0.20108	-7.6571	-0.20108	-7.6571	0	1	90	0	4.6562	1	9	3.6562	0	-7.3438	3	-1	1	0	0	0	0
11	510.51	-0.22119	-7.6571	-0.22119	-7.6571	0	1	90	0	4.6562	1	9	3.6562	0	-7.3438	3	-1	1	1	0	0	0
11	527.14	-0.28151	-7.6249	-0.28151	-7.6249	0	1	90	0	4.6562	1	9	3.6562	0	-7.3438	3	-1	1	1	0	0	0
11	543.72	-0.42227	-7.5284	-0.42227	-7.5284	0	1	90	0	4.6562	1	9	3.6562	0	-7.3438	3	-1	1	1	0	0	0
11	560.29	-0.66356	-7.3032	-0.66356	-7.3032	0	1	90	0	4.6562	1	9	3.6562	0	-7.3438	3	-1	1	1	0	0	0
11	576.94	-0.94507	-7.0136	-0.94507	-7.0136	0	1	90	0	4.6562	1	9	3.6562	0	-7.3438	3	-1	1	1	0	0	0
11	593.49	-1.0657	-6.8206	-1.0657	-6.8206	0	1	90	0	4.6562	1	9	3.6562	0	-7.3438	3	-1	1	1	0	0	0
11	610.07	-1.307	-6.338	-1.307	-6.338	0	1	90	0	4.6562	1	9	3.6562	0	-7.3438	3	-1	1	1	0	0	0
11	626.69	-1.4277	-6.0485	-1.4277	-6.0485	0	1	90	0	4.6562	1	9	3.6562	0	-7.3438	3	-1	1	1	0	0	0
11	643.23	-1.5885	-5.4693	-1.5885	-5.4693	0	1	90	0	4.6562	1	9	3.6562	0	-7.3438	3	-1	1	1	0	0	0
11	659.88	-1.7092	-4.8581	-1.7092	-4.8581	0	2	90	0	4.6562	1	9	3.6562	0	-7.3438	3	-1	1	1	0	0	0
11	676.4	-1.7494	-4.2146	-1.7494	-4.2146	0	2	90	0	4.6562	1	9	3.6562	0	-7.3438	3	-1	1	1	0	0	0
11	693.03	-1.7695	-3.8929	-1.7695	-3.8929	0	2	90	0	4.6562	1	9	3.6562	0	-7.3438	3	-1	1	1	0	0	0
11	709.63	-1.7896	-3.2173	-1.7896	-3.2173	0	2	90	0	4.6562	1	9	3.6562	0	-7.3438	3	-1	1	1	0	0	0
11	726.23	-1.7695	-2.8634	-1.7695	-2.8634	0	2	90	0	4.6562	1	9	3.6562	0	-7.3438	3	-1	1	1	0	0	0
11	742.78	-1.7494	-2.2199	-1.7494	-2.2199	0	2	90	0	4.6562	1	9	3.6562	0	-7.3438	3	-1	1	1	0	0	0
11	759.43	-1.7092	-1.5765	-1.7092	-1.5765	0	2	90	0	4.6562	1	9	3.6562	0	-7.3438	3	-1	1	1	0	0	0
11	775.99	-1.6891	-1.2547	-1.6891	-1.2547	0	2	90	0	4.6562	1	9	3.6562	0	-7.3438	3	-1	1	1	0	0	0
11	792.6	-1.6488	-0.51476	-1.6488	-0.51476	0	2	90	0	4.6562	1	9	3.6562	0	-7.3438	3	-1	1	1	0	0	0
11	809.18	-1.6488	0.38607	-1.6488	0.38607	0	2	90	0	4.6562	1	9	3.6562	0	-7.3438	3	-1	1	1	0	0	0
11	825.79	-1.6488	0.83649	-1.6488	0.83649	0	2	90	0	4.6562	1	9	3.6562	0	-7.3438	3	-1	1	1	0	1	0
11	842.3	-1.6891	1.7373	-1.6891	1.7373	0	2	90	0	4.6562	1	9	3.6562	0	-7.3438	3	-1	1	1	0	0	0
11	859.01	-1.7896	2.606	-1.7896	2.606	0	2	90	0	4.6562	1	9	3.6562	0	-7.3438	3	-1	1	1	0	0	0
11	875.51	-1.8298	3.0242	-1.8298	3.0242	0	2	90	0	4.6562	1	9	3.6562	0	-7.3438	3	-1	1	1	0	0	0
11	892.17	-1.9304	3.8929	-1.9304	3.8929	0	2	90	0	4.6562	1	9	3.6562	0	-7.3438	3	-1	1	1	0	0	0
11	908.77	-2.051	4.8259	-2.051	4.8259	0	2	90	0	4.6562	1	9	3.6562	0	-7.3438	3	-1	1	1	0	0	0
11	925.33	-2.1113	5.3085	-2.1113	5.3085	0	2	90	0	4.6562	1	9	3.6562	0	-7.3438	3	-1	1	1	0	0	0
11	942	-2.232	6.1771	-2.232	6.1771	0	2	90	0	4.6562	1	9	3.6562	0	-7.3438	3	-1	1	1	0	0	0
11	958.59	-2.3325	6.9171	-2.3325	6.9171	0	2	90	0	4.6562	1	9	3.6562	0	-7.3438	3	-1	1	1	0	0	0
11	975.19	-2.3526	7.1745	-2.3526	7.1745	0	2	90	0	4.6562	1	9	3.6562	0	-7.3438	3	-1	1	1	0	0	0
11	991.79	-2.3124	7.4962	-2.3124	7.4962	0	2	90	0	4.6562	1	9	3.6562	0	-7.3438	3	-1	1	1	0	0	0
11	1008.3	-2.232	7.6249	-2.232	7.6249	0	2	90	0	4.6562	1	9	3.6562	0	-7.3438	3	-1	1	0	0	0	0
11	1024.9	-2.1717	7.6571	-2.1717	7.6571	0	2	90	0	4.6562	1	9	3.6562	0	-7.3438	3	-1	1	0	0	0	0
11	1041.6	-2.0912	7.6571	-2.0912	7.6571	0	2	90	0	4.6562	1	9	3.6562	0	-7.3438	3	-1	1	0	0	0	0
11	1058.1	-2.0711	7.6893	-2.0711	7.6893	0	2	90	0	4.6562	1	9	3.6562	0	-7.3438	3	-1	1	0	0	0	0
11	1074.7	-2.051	7.6893	-2.051	7.6893	0	2	90	0	4.6562	1	9	3.6562	0	-7.3438	3	-1	1	0	0	0	0
11	1091.3	-2.051	7.6893	-2.051	7.6893	0	2	90	0	4.6562	1	9	3.6562	0	-7.3438	3	-1	1	0	0	0	0
11	1107.9	-2.051	7.6893	-2.051	7.6893	0	2	90	0	4.6562	1	9	3.6562	0	-7.3438	3	-1	1	0	0	0	0
11	1124.5	-2.051	7.6893	-2.051	7.6893	0	2	90	0	4.6562	1	9	3.6562	0	-7.3438	3	-1	1	0	0	0	0
11	1141.1	-2.051	7.6893	-2.051	7.6893	0	2	90	0	4.6562	1	9	3.6562	0	-7.3438	3	-1	1	0	0	0	0
11	1157.8	-2.051	7.6893	-2.051	7.6893	0	3	90	0	4.6562	1	9	3.6562	0	-7.3438	3	-1	1	0	0	0	0
