0	9.666	-0.62334	-7.1745	-0.62334	-7.1745	0	1	75	3.1058	4.2473	-1	-5.8942	3.2474	0	-7.3438	3	-1	1	0	0	0	0
0	26.223	-0.58313	-7.2067	-0.58313	-7.2067	0	1	75	3.1058	4.2473	-1	-5.8942	3.2474	0	-7.3438	3	-1	1	0	0	0	0
0	42.836	-0.54291	-7.2388	-0.54291	-7.2388	0	1	75	3.1058	4.2473	-1	-5.8942	3.2474	0	-7.3438	3	-1	1	0	0	0	0
0	59.455	-0.38205	-7.3675	-0.38205	-7.3675	0	1	75	3.1058	4.2473	-1	-5.8942	3.2474	0	-7.3438	3	-1	1	0	0	0	0
0	76.039	-0.28151	-7.4319	-0.28151	-7.4319	0	1	75	3.1058	4.2473	-1	-5.8942	3.2474	0	-7.3438	3	-1	1	0	0	0	0
0	92.684	-0.14076	-7.4962	-0.14076	-7.4962	0	1	75	3.1058	4.2473	-1	-5.8942	3.2474	0	-7.3438	3	-1	1	0	0	0	0
0	109.3	-0.060324	-7.4962	-0.060324	-7.4962	0	1	75	3.1058	4.2473	-1	-5.8942	3.2474	0	-7.3438	3	-1	1	0	0	0	0
0	125.98	0.040216	-7.4962	0.040216	-7.4962	0	1	75	3.1058	4.2473	-1	-5.8942	3.2474	0	-7.3438	3	-1	1	0	0	0	0
0	142.52	0.080432	-7.4962	0.080432	-7.4962	0	1	75	3.1058	4.2473	-1	-5.8942	3.2474	0	-7.3438	3	-1	1	0	0	0	0
0	159.14	0.14076	-7.4962	0.14076	-7.4962	0	1	75	3.1058	4.2473	-1	-5.8942	3.2474	0	-7.3438	3	-1	1	0	0	0	0
0	175.79	0.16086	-7.4962	0.16086	-7.4962	0	1	75	3.1058	4.2473	-1	-5.8942	3.2474	0	-7.3438	3	-1	1	0	0	0	0
0	192.37	0.18097	-7.4962	0.18097	-7.4962	0	1	75	3.1058	4.2473	-1	-5.8942	3.2474	0	-7.3438	3	-1	1	0	0	0	0
0	208.89	0.20108	-7.4962	0.20108	-7.4962	0	1	75	3.1058	4.2473	-1	-5.8942	3.2474	0	-7.3438	3	-1	1	0	0	0	0
0	225.49	0.20108	-7.4962	0.20108	-7.4962	0	1	75	3.1058	4.2473	-1	-5.8942	3.2474	0	-7.3438	3	-1	1	0	0	0	0
0	242.09	0.18097	-7.4962	0.18097	-7.4962	0	1	75	3.1058	4.2473	-1	-5.8942	3.2474	0	-7.3438	3	-1	1	0	0	0	0
0	258.69	0.18097	-7.4962	0.18097	-7.4962	0	1	75	3.1058	4.2473	-1	-5.8942	3.2474	0	-7.3438	3	-1	1	0	0	0	0
0	275.25	0.18097	-7.4962	0.18097	-7.4962	0	1	75	3.1058	4.2473	-1	-5.8942	3.2474	0	-7.3438	3	-1	1	0	0	0	0
0	291.94	0.18097	-7.4962	0.18097	-7.4962	0	1	75	3.1058	4.2473	-1	-5.8942	3.2474	0	-7.3438	3	-1	1	0	0	0	0
0	308.42	0.18097	-7.4962	0.18097	-7.4962	0	1	75	3.1058	4.2473	-1	-5.8942	3.2474	0	-7.3438	3	-1	1	0	0	0	0
0	325.07	0.18097	-7.4962	0.18097	-7.4962	0	1	75	3.1058	4.2473	-1	-5.8942	3.2474	0	-7.3438	3	-1	1	0	0	0	0
0	341.66	0.18097	-7.4962	0.18097	-7.4962	0	1	75	3.1058	4.2473	-1	-5.8942	3.2474	0	-7.3438	3	-1	1	0	0	0	0
0	358.29	0.18097	-7.4962	0.18097	-7.4962	0	1	75	3.1058	4.2473	-1	-5.8942	3.2474	0	-7.3438	3	-1	1	0	0	0	0
0	374.83	0.18097	-7.4962	0.18097	-7.4962	0	1	75	3.1058	4.2473	-1	-5.8942	3.2474	0	-7.3438	3	-1	1	0	0	0	0
0	391.42	0.18097	-7.4962	0.18097	-7.4962	0	1	75	3.1058	4.2473	-1	-5.8942	3.2474	0	-7.3438	3	-1	1	0	0	0	0
0	408.09	0.18097	-7.4962	0.18097	-7.4962	0	1	75	3.1058	4.2473	-1	-5.8942	3.2474	0	-7.3438	3	-1	1	0	0	0	0
0	424.68	0.16086	-7.4962	0.16086	-7.4962	0	1	75	3.1058	4.2473	-1	-5.8942	3.2474	0	-7.3438	3	-1	1	0	0	0	0
0	441.28	0.16086	-7.4962	0.16086	-7.4962	0	1	75	3.1058	4.2473	-1	-5.8942	3.2474	0	-7.3438	3	-1	1	0	0	0	0
0	457.81	0.16086	-7.4962	0.16086	-7.4962	0	1	75	3.1058	4.2473	-1	-5.8942	3.2474	0	-7.3438	3	-1	1	0	0	0	0
0	474.4	0.16086	-7.4962	0.16086	-7.4962	0	1	75	3.1058	4.2473	-1	-5.8942	3.2474	0	-7.3438	3	-1	1	0	0	0	0
0	490.98	0.16086	-7.4962	0.16086	-7.4962	0	1	75	3.1058	4.2473	-1	-5.8942	3.2474	0	-7.3438	3	-1	1	0	0	0	0
0	507.62	0.14076	-7.4962	0.14076	-7.4962	0	1	75	3.1058	4.2473	-1	-5.8942	3.2474	0	-7.3438	3	-1	1	0	0	0	0
0	524.25	0.14076	-7.4962	0.14076	-7.4962	0	1	75	3.1058	4.2473	-1	-5.8942	3.2474	0	-7.3438	3	-1	1	0	0	0	0
0	540.91	0.14076	-7.4962	0.14076	-7.4962	0	1	75	3.1058	4.2473	-1	-5.8942	3.2474	0	-7.3438	3	-1	1	1	0	0	0
0	557.47	0.14076	-7.4962	0.14076	-7.4962	0	1	75	3.1058	4.2473	-1	-5.8942	3.2474	0	-7.3438	3	-1	1	1	0	0	0
0	574.09	0.14076	-7.4962	0.14076	-7.4962	0	1	75	3.1058	4.2473	-1	-5.8942	3.2474	0	-7.3438	3	-1	1	1	0	0	0
0	590.64	0.14076	-7.4962	0.14076	-7.4962	0	1	75	3.1058	4.2473	-1	-5.8942	3.2474	0	-7.3438	3	-1	1	1	0	0	0
0	607.25	0.14076	-7.4962	0.14076	-7.4962	0	1	75	3.1058	4.2473	-1	-5.8942	3.2474	0	-7.3438	3	-1	1	1	0	0	0
0	623.91	0.14076	-7.4962	0.14076	-7.4962	0	1	75	3.1058	4.2473	-1	-5.8942	3.2474	0	-7.3438	3	-1	1	1	0	0	0
0	640.49	0.14076	-7.4962	0.14076	-7.4962	0	1	75	3.1058	4.2473	-1	-5.8942	3.2474	0	-7.3438	3	-1	1	1	0	0	0
0	657.1	0.14076	-7.4962	0.14076	-7.4962	0	1	75	3.1058	4.2473	-1	-5.8942	3.2474	0	-7.3438	3	-1	1	1	0	0	0
0	673.67	0.14076	-7.464	0.14076	-7.464	0	1	75	3.1058	4.2473	-1	-5.8942	3.2474	0	-7.3438	3	-1	1	1	0	0	0
0	690.26	0.14076	-7.464	0.14076	-7.464	0	1	75	3.1058	4.2473	-1	-5.8942	3.2474	0	-7.3438	3	-1	1	1	0	0	0
0	706.81	0.14076	-7.464	0.14076	-7.464	0	1	75	3.1058	4.2473	-1	-5.8942	3.2474	0	-7.3438	3	-1	1	1	0	0	0
0	723.43	0.14076	-7.4319	0.14076	-7.4319	0	1	75	3.1058	4.2473	-1	-5.8942	3.2474	0	-7.3438	3	-1	1	1	0	0	0
0	740.07	0.14076	-7.271	0.14076	-7.271	0	1	75	3.1058	4.2473	-1	-5.8942	3.2474	0	-7.3438	3	-1	1	1	0	0	0
0	756.64	0.16086	-7.1423	0.16086	-7.1423	0	1	75	3.1058	4.2473	-1	-5.8942	3.2474	0	-7.3438	3	-1	1	1	0	0	0
0	773.25	0.24129	-6.7884	0.24129	-6.7884	0	1	75	3.1058	4.2473	-1	-5.8942	3.2474	0	-7.3438	3	-1	1	1	0	0	0
0	789.86	0.36194	-6.338	0.36194	-6.338	0	1	75	3.1058	4.2473	-1	-5.8942	3.2474	0	-7.3438	3	-1	1	1	0	0	0
0	806.41	0.5027	-5.8554	0.5027	-5.8554	0	1	75	3.1058	4.2473	-1	-5.8942	3.2474	0	-7.3438	3	-1	1	1	0	0	0
0	823.07	0.56302	-5.598	0.56302	-5.598	0	1	75	3.1058	4.2473	-1	-5.8942	3.2474	0	-7.3438	3	-1	1	1	0	0	0
0	839.6	0.70378	-5.0511	0.70378	-5.0511	0	1	75	3.1058	4.2473	-1	-5.8942	3.2474	0	-7.3438	3	-1	1	1	0	0	0
0	856.19	0.78421	-4.7615	0.78421	-4.7615	0	2	75	3.1058	4.2473	-1	-5.8942	3.2474	0	-7.3438	3	-1	1	1	0	0	0
0	872.81	0.92496	-4.1503	0.92496	-4.1503	0	2	75	3.1058	4.2473	-1	-5.8942	3.2474	0	-7.3438	3	-1	1	1	0	1	0
0	889.4	1.0657	-3.539	1.0657	-3.539	0	2	75	3.1058	4.2473	-1	-5.8942	3.2474	0	-7.3438	3	-1	1	1	0	0	0
0	906	1.126	-3.2494	1.126	-3.2494	0	2	75	3.1058	4.2473	-1	-5.8942	3.2474	0	-7.3438	3	-1	1	1	0	0	0
0	922.56	1.2266	-2.6703	1.2266	-2.6703	0	2	75	3.1058	4.2473	-1	-5.8942	3.2474	0	-7.3438	3	-1	1	1	0	0	0
0	939.12	1.307	-2.1234	1.307	-2.1234	0	2	75	3.1058	4.2473	-1	-5.8942	3.2474	0	-7.3438	3	-1	1	1	0	0	0
0	955.75	1.3472	-1.866	1.3472	-1.866	0	2	75	3.1058	4.2473	-1	-5.8942	3.2474	0	-7.3438	3	-1	1	1	0	0	0
0	972.3	1.3874	-1.3834	1.3874	-1.3834	0	2	75	3.1058	4.2473	-1	-5.8942	3.2474	0	-7.3438	3	-1	1	1	0	0	0
0	988.93	1.4076	-0.93301	1.4076	-0.93301	0	2	75	3.1058	4.2473	-1	-5.8942	3.2474	0	-7.3438	3	-1	1	1	0	0	0
0	1005.6	1.4277	-0.73997	1.4277	-0.73997	0	2	75	3.1058	4.2473	-1	-5.8942	3.2474	0	-7.3438	3	-1	1	1	0	0	0
0	1022.1	1.4277	-0.3539	1.4277	-0.3539	0	2	75	3.1058	4.2473	-1	-5.8942	3.2474	0	-7.3438	3	-1	1	1	0	0	0
0	1038.7	1.4679	0	1.4679	0	0	2	75	3.1058	4.2473	-1	-5.8942	3.2474	0	-7.3438	3	-1	1	1	0	0	0
0	1055.3	1.5081	0.19304	1.5081	0.19304	0	2	75	3.1058	4.2473	-1	-5.8942	3.2474	0	-7.3438	3	-1	1	1	0	0	0
0	1071.9	1.6287	0.57911	1.6287	0.57911	0	2	75	3.1058	4.2473	-1	-5.8942	3.2474	0	-7.3438	3	-1	1	1	0	0	0
0	1088.5	1.6891	0.77214	1.6891	0.77214	0	2	75	3.1058	4.2473	-1	-5.8942	3.2474	0	-7.3438	3	-1	1	1	0	0	0
0	1105.1	1.7896	1.0939	1.7896	1.0939	0	2	75	3.1058	4.2473	-1	-5.8942	3.2474	0	-7.3438	3	-1	1	1	0	0	0
0	1121.7	1.9102	1.3834	1.9102	1.3834	0	2	75	3.1058	4.2473	-1	-5.8942	3.2474	0	-7.3438	3	-1	1	1	0	0	0
0	1138.3	2.0108	1.673	2.0108	1.673	0	2	75	3.1058	4.2473	-1	-5.8942	3.2474	0	-7.3438	3	-1	1	1	0	0	0
0	1154.9	2.0711	1.7695	2.0711	1.7695	0	2	75	3.1058	4.2473	-1	-5.8942	3.2474	0	-7.3438	3	-1	1	1	0	0	0
0	1171.4	2.1515	1.9625	2.1515	1.9625	0	2	75	3.1058	4.2473	-1	-5.8942	3.2474	0	-7.3438	3	-1	1	1	0	0	0
0	1188.1	2.1918	1.9947	2.1918	1.9947	0	2	75	3.1058	4.2473	-1	-5.8942	3.2474	0	-7.3438	3	-1	1	1	0	0	0
0	1204.7	2.2119	2.059	2.2119	2.059	0	2	75	3.1058	4.2473	-1	-5.8942	3.2474	0	-7.3438	3	-1	1	1	0	0	0
0	1221.3	2.2521	2.0912	2.2521	2.0912	0	2	75	3.1058	4.2473	-1	-5.8942	3.2474	0	-7.3438	3	-1	1	1	0	0	0
0	1237.9	2.2722	2.1234	2.2722	2.1234	0	2	75	3.1058	4.2473	-1	-5.8942	3.2474	0	-7.3438	3	-1	1	1	0	0	0
0	1254.4	2.2722	2.1234	2.2722	2.1234	0	2	75	3.1058	4.2473	-1	-5.8942	3.2474	0	-7.3438	3	-1	1	1	0	0	0
0	1271	2.2923	2.1234	2.2923	2.1234	0	2	75	3.1058	4.2473	-1	-5.8942	3.2474	0	-7.3438	3	-1	1	1	0	0	0
0	1287.6	2.2923	2.1234	2.2923	2.1234	0	3	75	3.1058	4.2473	-1	-5.8942	3.2474	0	-7.3438	3	-1	1	1	0	0	0
0	1569.7	3.4988	3.0242	3.4988	3.0242	0	2	75	3.1058	4.2473	-1	-5.8942	3.2474	0	-7.3438	3	-1	1	0	0	0	0
0	1586.3	3.4988	3.0242	3.4988	3.0242	0	3	75	3.1058	4.2473	-1	-5.8942	3.2474	0	-7.3438	3	-1	1	0	0	0	0
1	29.756	-0.22119	-7.5606	-0.22119	-7.5606	0	1	105	-3.1058	4.2473	-1	-12.106	3.2474	0	-7.3438	3	-1	1	0	0	0	0
1	46.36	-0.12065	-7.5927	-0.12065	-7.5927	0	1	105	-3.1058	4.2473	-1	-12.106	3.2474	0	-7.3438	3	-1	1	0	0	0	0
1	62.889	-0.10054	-7.6249	-0.10054	-7.6249	0	1	105	-3.1058	4.2473	-1	-12.106	3.2474	0	-7.3438	3	-1	1	0	0	0	0
1	79.48	-0.040216	-7.6249	-0.040216	-7.6249	0	1	105	-3.1058	4.2473	-1	-12.106	3.2474	0	-7.3438	3	-1	1	1	0	0	0
1	96.08	0	-7.6249	0	-7.6249	0	1	105	-3.1058	4.2473	-1	-12.106	3.2474	0	-7.3438	3	-1	1	1	0	0	0
1	112.73	0.10054	-7.5927	0.10054	-7.5927	0	1	105	-3.1058	4.2473	-1	-12.106	3.2474	0	-7.3438	3	-1	1	1	0	0	0
1	129.3	0.18097	-7.5927	0.18097	-7.5927	0	1	105	-3.1058	4.2473	-1	-12.106	3.2474	0	-7.3438	3	-1	1	1	0	0	0
1	145.89	0.22119	-7.5927	0.22119	-7.5927	0	1	105	-3.1058	4.2473	-1	-12.106	3.2474	0	-7.3438	3	-1	1	1	0	0	0
1	162.47	0.22119	-7.5927	0.22119	-7.5927	0	1	105	-3.1058	4.2473	-1	-12.106	3.2474	0	-7.3438	3	-1	1	1	0	0	0
1	179.06	0.24129	-7.5927	0.24129	-7.5927	0	1	105	-3.1058	4.2473	-1	-12.106	3.2474	0	-7.3438	3	-1	1	1	0	0	0
1	195.67	0.24129	-7.5927	0.24129	-7.5927	0	1	105	-3.1058	4.2473	-1	-12.106	3.2474	0	-7.3438	3	-1	1	1	0	0	0
1	212.26	0.24129	-7.5927	0.24129	-7.5927	0	1	105	-3.1058	4.2473	-1	-12.106	3.2474	0	-7.3438	3	-1	1	1	0	0	0
1	228.86	0.24129	-7.5927	0.24129	-7.5927	0	1	105	-3.1058	4.2473	-1	-12.106	3.2474	0	-7.3438	3	-1	1	1	0	0	0
1	245.46	0.24129	-7.5927	0.24129	-7.5927	0	1	105	-3.1058	4.2473	-1	-12.106	3.2474	0	-7.3438	3	-1	1	1	0	0	0
1	262.01	0.24129	-7.5927	0.24129	-7.5927	0	1	105	-3.1058	4.2473	-1	-12.106	3.2474	0	-7.3438	3	-1	1	1	0	0	0
1	278.58	0.24129	-7.5927	0.24129	-7.5927	0	1	105	-3.1058	4.2473	-1	-12.106	3.2474	0	-7.3438	3	-1	1	1	0	0	0
1	295.19	0.24129	-7.5927	0.24129	-7.5927	0	1	105	-3.1058	4.2473	-1	-12.106	3.2474	0	-7.3438	3	-1	1	1	0	0	0
1	311.82	0.24129	-7.5927	0.24129	-7.5927	0	1	105	-3.1058	4.2473	-1	-12.106	3.2474	0	-7.3438	3	-1	1	1	0	0	0
1	328.4	0.22119	-7.5927	0.22119	-7.5927	0	1	105	-3.1058	4.2473	-1	-12.106	3.2474	0	-7.3438	3	-1	1	1	0	0	0
1	345.03	0.22119	-7.5927	0.22119	-7.5927	0	1	105	-3.1058	4.2473	-1	-12.106	3.2474	0	-7.3438	3	-1	1	1	0	0	0
1	361.61	0.22119	-7.5606	0.22119	-7.5606	0	1	105	-3.1058	4.2473	-1	-12.106	3.2474	0	-7.3438	3	-1	1	1	0	0	0
1	378.19	0.18097	-7.5284	0.18097	-7.5284	0	1	105	-3.1058	4.2473	-1	-12.106	3.2474	0	-7.3438	3	-1	1	1	0	0	0
1	394.77	0.16086	-7.4962	0.16086	-7.4962	0	1	105	-3.1058	4.2473	-1	-12.106	3.2474	0	-7.3438	3	-1	1	1	0	0	0
1	411.35	0.020108	-7.3997	0.020108	-7.3997	0	1	105	-3.1058	4.2473	-1	-12.106	3.2474	0	-7.3438	3	-1	1	1	0	0	0
1	427.96	-0.22119	-7.1745	-0.22119	-7.1745	0	1	105	-3.1058	4.2473	-1	-12.106	3.2474	0	-7.3438	3	-1	1	1	0	0	0
1	444.57	-0.36194	-7.0458	-0.36194	-7.0458	0	1	105	-3.1058	4.2473	-1	-12.106	3.2474	0	-7.3438	3	-1	1	1	0	0	0
1	461.15	-0.64345	-6.6919	-0.64345	-6.6919	0	1	105	-3.1058	4.2473	-1	-12.106	3.2474	0	-7.3438	3	-1	1	1	0	0	0
1	477.79	-0.94507	-6.2737	-0.94507	-6.2737	0	1	105	-3.1058	4.2473	-1	-12.106	3.2474	0	-7.3438	3	-1	1	1	0	0	0
1	494.36	-1.1059	-6.0485	-1.1059	-6.0485	0	1	105	-3.1058	4.2473	-1	-12.106	3.2474	0	-7.3438	3	-1	1	1	0	0	0
1	510.97	-1.4478	-5.5659	-1.4478	-5.5659	0	1	105	-3.1058	4.2473	-1	-12.106	3.2474	0	-7.3438	3	-1	1	1	0	0	0
1	527.54	-1.7695	-5.0511	-1.7695	-5.0511	0	2	105	-3.1058	4.2473	-1	-12.106	3.2474	0	-7.3438	3	-1	1	1	0	0	0
1	544.13	-1.9102	-4.7937	-1.9102	-4.7937	0	2	105	-3.1058	4.2473	-1	-12.106	3.2474	0	-7.3438	3	-1	1	1	0	0	0
1	560.74	-2.1918	-4.2468	-2.1918	-4.2468	0	2	105	-3.1058	4.2473	-1	-12.106	3.2474	0	-7.3438	3	-1	1	1	0	0	0
1	577.3	-2.4532	-3.6999	-2.4532	-3.6999	0	2	105	-3.1058	4.2473	-1	-12.106	3.2474	0	-7.3438	3	-1	1	1	0	0	0
1	593.93	-2.5537	-3.4103	-2.5537	-3.4103	0	2	105	-3.1058	4.2473	-1	-12.106	3.2474	0	-7.3438	3	-1	1	1	0	1	0
1	610.5	-2.7548	-2.799	-2.7548	-2.799	0	2	105	-3.1058	4.2473	-1	-12.106	3.2474	0	-7.3438	3	-1	1	1	0	0	0
1	627.1	-2.9156	-2.1877	-2.9156	-2.1877	0	2	105	-3.1058	4.2473	-1	-12.106	3.2474	0	-7.3438	3	-1	1	1	0	0	0
1	643.7	-2.9961	-1.866	-2.9961	-1.866	0	2	105	-3.1058	4.2473	-1	-12.106	3.2474	0	-7.3438	3	-1	1	1	0	0	0
1	660.3	-3.1368	-1.2547	-3.1368	-1.2547	0	2	105	-3.1058	4.2473	-1	-12.106	3.2474	0	-7.3438	3	-1	1	1	0	0	0
1	676.95	-3.2776	-0.67563	-3.2776	-0.67562	0	2	105	-3.1058	4.2473	-1	-12.106	3.2474	0	-7.3438	3	-1	1	1	0	0	0
1	693.51	-3.358	-0.38607	-3.358	-0.38607	0	2	105	-3.1058	4.2473	-1	-12.106	3.2474	0	-7.3438	3	-1	1	1	0	0	0
1	710.09	-3.4787	0.12869	-3.4787	0.12869	0	2	105	-3.1058	4.2473	-1	-12.106	3.2474	0	-7.3438	3	-1	1	1	0	0	0
1	726.68	-3.5993	0.61128	-3.5993	0.61128	0	2	105	-3.1058	4.2473	-1	-12.106	3.2474	0	-7.3438	3	-1	1	1	0	0	0
1	743.21	-3.6395	0.80432	-3.6395	0.80432	0	2	105	-3.1058	4.2473	-1	-12.106	3.2474	0	-7.3438	3	-1	1	1	0	0	0
1	759.81	-3.72	1.1904	-3.72	1.1904	0	2	105	-3.1058	4.2473	-1	-12.106	3.2474	0	-7.3438	3	-1	1	1	0	0	0
1	776.46	-3.7602	1.3513	-3.7602	1.3512	0	2	105	-3.1058	4.2473	-1	-12.106	3.2474	0	-7.3438	3	-1	1	1	0	0	0
1	793.09	-3.8406	1.5765	-3.8406	1.5765	0	2	105	-3.1058	4.2473	-1	-12.106	3.2474	0	-7.3438	3	-1	1	1	0	0	0
1	809.67	-3.8808	1.7373	-3.8808	1.7373	0	2	105	-3.1058	4.2473	-1	-12.106	3.2474	0	-7.3438	3	-1	1	1	0	0	0
1	826.23	-3.921	1.866	-3.921	1.866	0	2	105	-3.1058	4.2473	-1	-12.106	3.2474	0	-7.3438	3	-1	1	0	0	0	0
1	842.83	-3.921	1.8982	-3.921	1.8982	0	2	105	-3.1058	4.2473	-1	-12.106	3.2474	0	-7.3438	3	-1	1	0	0	0	0
1	859.43	-3.921	1.9304	-3.921	1.9304	0	2	105	-3.1058	4.2473	-1	-12.106	3.2474	0	-7.3438	3	-1	1	0	0	0	0
1	876.03	-3.921	1.9304	-3.921	1.9304	0	2	105	-3.1058	4.2473	-1	-12.106	3.2474	0	-7.3438	3	-1	1	0	0	0	0
1	892.65	-3.921	1.9304	-3.921	1.9304	0	2	105	-3.1058	4.2473	-1	-12.106	3.2474	0	-7.3438	3	-1	1	0	0	0	0
1	909.2	-3.921	1.9304	-3.921	1.9304	0	2	105	-3.1058	4.2473	-1	-12.106	3.2474	0	-7.3438	3	-1	1	0	0	0	0
1	925.8	-3.921	1.9304	-3.921	1.9304	0	3	105	-3.1058	4.2473	-1	-12.106	3.2474	0	-7.3438	3	-1	1	0	0	0	0
2	29.94	-0.36194	-7.464	-0.36194	-7.464	0	1	90	0	4.6562	-1	-9	3.6562	0	-7.3438	3	-1	1	0	0	0	0
2	46.609	-0.22119	-7.5606	-0.22119	-7.5606	0	1	90	0	4.6562	-1	-9	3.6562	0	-7.3438	3	-1	1	0	0	0	0
2	63.196	-0.16086	-7.5927	-0.16086	-7.5927	0	1	90	0	4.6562	-1	-9	3.6562	0	-7.3438	3	-1	1	0	0	0	0
2	79.784	-0.14076	-7.5927	-0.14076	-7.5927	0	1	90	0	4.6562	-1	-9	3.6562	0	-7.3438	3	-1	1	0	0	0	0
2	96.358	-0.14076	-7.5927	-0.14076	-7.5927	0	1	90	0	4.6562	-1	-9	3.6562	0	-7.3438	3	-1	1	0	0	0	0
2	112.93	-0.14076	-7.5927	-0.14076	-7.5927	0	1	90	0	4.6562	-1	-9	3.6562	0	-7.3438	3	-1	1	0	0	0	0
2	129.59	-0.14076	-7.5927	-0.14076	-7.5927	0	1	90	0	4.6562	-1	-9	3.6562	0	-7.3438	3	-1	1	0	0	0	0
2	146.19	-0.14076	-7.5927	-0.14076	-7.5927	0	1	90	0	4.6562	-1	-9	3.6562	0	-7.3438	3	-1	1	0	0	0	0
2	162.78	-0.14076	-7.5927	-0.14076	-7.5927	0	1	90	0	4.6562	-1	-9	3.6562	0	-7.3438	3	-1	1	0	0	0	0
2	179.34	-0.14076	-7.5927	-0.14076	-7.5927	0	1	90	0	4.6562	-1	-9	3.6562	0	-7.3438	3	-1	1	0	0	0	0
2	195.93	-0.14076	-7.5927	-0.14076	-7.5927	0	1	90	0	4.6562	-1	-9	3.6562	0	-7.3438	3	-1	1	0	0	0	0
2	212.52	-0.14076	-7.5927	-0.14076	-7.5927	0	1	90	0	4.6562	-1	-9	3.6562	0	-7.3438	3	-1	1	0	0	0	0
2	229.15	-0.14076	-7.5927	-0.14076	-7.5927	0	1	90	0	4.6562	-1	-9	3.6562	0	-7.3438	3	-1	1	0	0	0	0
2	245.74	-0.14076	-7.5927	-0.14076	-7.5927	0	1	90	0	4.6562	-1	-9	3.6562	0	-7.3438	3	-1	1	0	0	0	0
2	262.34	-0.14076	-7.5927	-0.14076	-7.5927	0	1	90	0	4.6562	-1	-9	3.6562	0	-7.3438	3	-1	1	0	0	0	0
2	278.93	-0.14076	-7.5927	-0.14076	-7.5927	0	1	90	0	4.6562	-1	-9	3.6562	0	-7.3438	3	-1	1	0	0	0	0
2	295.52	-0.14076	-7.5927	-0.14076	-7.5927	0	1	90	0	4.6562	-1	-9	3.6562	0	-7.3438	3	-1	1	0	0	0	0
2	312.06	-0.14076	-7.5927	-0.14076	-7.5927	0	1	90	0	4.6562	-1	-9	3.6562	0	-7.3438	3	-1	1	0	0	0	0
2	328.65	-0.14076	-7.5927	-0.14076	-7.5927	0	1	90	0	4.6562	-1	-9	3.6562	0	-7.3438	3	-1	1	0	0	0	0
2	345.3	-0.14076	-7.5284	-0.14076	-7.5284	0	1	90	0	4.6562	-1	-9	3.6562	0	-7.3438	3	-1	1	1	0	0	0
2	361.9	-0.14076	-7.4962	-0.14076	-7.4962	0	1	90	0	4.6562	-1	-9	3.6562	0	-7.3438	3	-1	1	1	0	0	0
2	378.48	-0.12065	-7.3354	-0.12065	-7.3354	0	1	90	0	4.6562	-1	-9	3.6562	0	-7.3438	3	-1	1	1	0	0	0
2	394.98	-0.080432	-7.078	-0.080432	-7.078	0	1	90	0	4.6562	-1	-9	3.6562	0	-7.3438	3	-1	1	1	0	0	0
2	411.67	-0.020108	-6.6919	-0.020108	-6.6919	0	1	90	0	4.6562	-1	-9	3.6562	0	-7.3438	3	-1	1	1	0	0	0
2	428.33	0	-6.4989	0	-6.4989	0	1	90	0	4.6562	-1	-9	3.6562	0	-7.3438	3	-1	1	1	0	0	0
2	444.81	0.060324	-6.0163	0.060324	-6.0163	0	1	90	0	4.6562	-1	-9	3.6562	0	-7.3438	3	-1	1	1	0	0	0
2	461.4	0.080432	-5.7911	0.080432	-5.7911	0	1	90	0	4.6562	-1	-9	3.6562	0	-7.3438	3	-1	1	1	0	0	0
2	478.03	0.12065	-5.2441	0.12065	-5.2441	0	1	90	0	4.6562	-1	-9	3.6562	0	-7.3438	3	-1	1	1	0	0	0
2	494.63	0.14076	-4.665	0.14076	-4.665	0	2	90	0	4.6562	-1	-9	3.6562	0	-7.3438	3	-1	1	1	0	0	0
2	511.21	0.16086	-4.0216	0.16086	-4.0216	0	2	90	0	4.6562	-1	-9	3.6562	0	-7.3438	3	-1	1	1	0	0	0
2	527.85	0.16086	-3.6999	0.16086	-3.6999	0	2	90	0	4.6562	-1	-9	3.6562	0	-7.3438	3	-1	1	1	0	0	0
2	544.4	0.16086	-3.0242	0.16086	-3.0242	0	2	90	0	4.6562	-1	-9	3.6562	0	-7.3438	3	-1	1	1	0	0	0
2	561.01	0.16086	-2.6703	0.16086	-2.6703	0	2	90	0	4.6562	-1	-9	3.6562	0	-7.3438	3	-1	1	1	0	1	0
2	577.53	0.14076	-1.9947	0.14076	-1.9947	0	2	90	0	4.6562	-1	-9	3.6562	0	-7.3438	3	-1	1	1	0	0	0
2	594.21	0.10054	-1.3513	0.10054	-1.3512	0	2	90	0	4.6562	-1	-9	3.6562	0	-7.3438	3	-1	1	1	0	0	0
2	610.82	0.040216	-0.7078	0.040216	-0.7078	0	2	90	0	4.6562	-1	-9	3.6562	0	-7.3438	3	-1	1	1	0	0	0
2	627.4	0	-0.38607	0	-0.38607	0	2	90	0	4.6562	-1	-9	3.6562	0	-7.3438	3	-1	1	1	0	0	0
2	643.93	-0.040216	0.19304	-0.040216	0.19304	0	2	90	0	4.6562	-1	-9	3.6562	0	-7.3438	3	-1	1	1	0	0	0
2	660.55	-0.080432	0.45042	-0.080432	0.45042	0	2	90	0	4.6562	-1	-9	3.6562	0	-7.3438	3	-1	1	1	0	0	0
2	677.15	-0.10054	0.99735	-0.10054	0.99735	0	2	90	0	4.6562	-1	-9	3.6562	0	-7.3438	3	-1	1	1	0	0	0
2	693.57	-0.12065	1.4799	-0.12065	1.4799	0	2	90	0	4.6562	-1	-9	3.6562	0	-7.3438	3	-1	1	1	0	0	0
2	710.33	-0.14076	1.7051	-0.14076	1.7051	0	2	90	0	4.6562	-1	-9	3.6562	0	-7.3438	3	-1	1	1	0	0	0
2	726.96	-0.16086	2.1234	-0.16086	2.1234	0	2	90	0	4.6562	-1	-9	3.6562	0	-7.3438	3	-1	1	1	0	0	0
2	743.55	-0.20108	2.4773	-0.20108	2.4773	0	2	90	0	4.6562	-1	-9	3.6562	0	-7.3438	3	-1	1	1	0	0	0
2	760.1	-0.22119	2.606	-0.22119	2.606	0	2	90	0	4.6562	-1	-9	3.6562	0	-7.3438	3	-1	1	1	0	0	0
2	776.72	-0.24129	2.8312	-0.24129	2.8312	0	2	90	0	4.6562	-1	-9	3.6562	0	-7.3438	3	-1	1	1	0	0	0
2	793.35	-0.2614	2.9277	-0.2614	2.9277	0	2	90	0	4.6562	-1	-9	3.6562	0	-7.3438	3	-1	1	1	0	0	0
2	809.95	-0.28151	3.0564	-0.28151	3.0564	0	2	90	0	4.6562	-1	-9	3.6562	0	-7.3438	3	-1	1	0	0	0	0
2	826.54	-0.30162	3.0886	-0.30162	3.0886	0	2	90	0	4.6562	-1	-9	3.6562	0	-7.3438	3	-1	1	0	0	0	0
2	843.13	-0.30162	3.1207	-0.30162	3.1207	0	2	90	0	4.6562	-1	-9	3.6562	0	-7.3438	3	-1	1	0	0	0	0
2	859.7	-0.30162	3.1207	-0.30162	3.1207	0	2	90	0	4.6562	-1	-9	3.6562	0	-7.3438	3	-1	1	0	0	0	0
2	876.27	-0.30162	3.1207	-0.30162	3.1207	0	2	90	0	4.6562	-1	-9	3.6562	0	-7.3438	3	-1	1	0	0	0	0
2	892.87	-0.30162	3.1207	-0.30162	3.1207	0	2	90	0	4.6562	-1	-9	3.6562	0	-7.3438	3	-1	1	0	0	0	0
2	909.51	-0.30162	3.1207	-0.30162	3.1207	0	3	90	0	4.6562	-1	-9	3.6562	0	-7.3438	3	-1	1	0	0	0	0
3	30.73	-0.62334	-7.2388	-0.62334	-7.2388	0	1	90	0	4.6562	-1	-9	3.6562	0	-7.3438	3	-1	1	0	0	0	0
3	47.322	-0.58313	-7.271	-0.58313	-7.271	0	1	90	0	4.6562	-1	-9	3.6562	0	-7.3438	3	-1	1	0	0	0	0
3	63.92	-0.56302	-7.271	-0.56302	-7.271	0	1	90	0	4.6562	-1	-9	3.6562	0	-7.3438	3	-1	1	0	0	0	0
3	80.441	-0.56302	-7.271	-0.56302	-7.271	0	1	90	0	4.6562	-1	-9	3.6562	0	-7.3438	3	-1	1	0	0	0	0
3	97.03	-0.56302	-7.271	-0.56302	-7.271	0	1	90	0	4.6562	-1	-9	3.6562	0	-7.3438	3	-1	1	0	0	0	0
3	113.65	-0.56302	-7.271	-0.56302	-7.271	0	1	90	0	4.6562	-1	-9	3.6562	0	-7.3438	3	-1	1	0	0	0	0
3	130.25	-0.56302	-7.271	-0.56302	-7.271	0	1	90	0	4.6562	-1	-9	3.6562	0	-7.3438	3	-1	1	0	0	0	0
3	146.89	-0.56302	-7.271	-0.56302	-7.271	0	1	90	0	4.6562	-1	-9	3.6562	0	-7.3438	3	-1	1	0	0	0	0
3	163.45	-0.56302	-7.3032	-0.56302	-7.3032	0	1	90	0	4.6562	-1	-9	3.6562	0	-7.3438	3	-1	1	0	0	0	0
3	180.05	-0.54291	-7.3032	-0.54291	-7.3032	0	1	90	0	4.6562	-1	-9	3.6562	0	-7.3438	3	-1	1	0	0	0	0
3	196.58	-0.52281	-7.3354	-0.52281	-7.3354	0	1	90	0	4.6562	-1	-9	3.6562	0	-7.3438	3	-1	1	0	0	0	0
3	213.18	-0.48259	-7.3675	-0.48259	-7.3675	0	1	90	0	4.6562	-1	-9	3.6562	0	-7.3438	3	-1	1	1	0	0	0
3	229.82	-0.44237	-7.3997	-0.44237	-7.3997	0	1	90	0	4.6562	-1	-9	3.6562	0	-7.3438	3	-1	1	1	0	0	0
3	246.39	-0.34183	-7.464	-0.34183	-7.464	0	1	90	0	4.6562	-1	-9	3.6562	0	-7.3438	3	-1	1	1	0	0	0
3	263.01	-0.30162	-7.4962	-0.30162	-7.4962	0	1	90	0	4.6562	-1	-9	3.6562	0	-7.3438	3	-1	1	1	0	0	0
3	279.63	-0.22119	-7.5606	-0.22119	-7.5606	0	1	90	0	4.6562	-1	-9	3.6562	0	-7.3438	3	-1	1	1	0	0	0
3	296.16	-0.16086	-7.5927	-0.16086	-7.5927	0	1	90	0	4.6562	-1	-9	3.6562	0	-7.3438	3	-1	1	1	0	0	0
3	312.78	-0.14076	-7.5927	-0.14076	-7.5927	0	1	90	0	4.6562	-1	-9	3.6562	0	-7.3438	3	-1	1	1	0	0	0
3	329.38	-0.14076	-7.5927	-0.14076	-7.5927	0	1	90	0	4.6562	-1	-9	3.6562	0	-7.3438	3	-1	1	1	0	0	0
3	345.98	-0.14076	-7.5927	-0.14076	-7.5927	0	1	90	0	4.6562	-1	-9	3.6562	0	-7.3438	3	-1	1	1	0	0	0
3	362.53	-0.14076	-7.5927	-0.14076	-7.5927	0	1	90	0	4.6562	-1	-9	3.6562	0	-7.3438	3	-1	1	1	0	0	0
3	379.15	-0.14076	-7.5927	-0.14076	-7.5927	0	1	90	0	4.6562	-1	-9	3.6562	0	-7.3438	3	-1	1	1	0	0	0
3	395.78	-0.14076	-7.5927	-0.14076	-7.5927	0	1	90	0	4.6562	-1	-9	3.6562	0	-7.3438	3	-1	1	1	0	0	0
3	412.35	-0.14076	-7.5927	-0.14076	-7.5927	0	1	90	0	4.6562	-1	-9	3.6562	0	-7.3438	3	-1	1	1	0	0	0
3	428.95	-0.14076	-7.5927	-0.14076	-7.5927	0	1	90	0	4.6562	-1	-9	3.6562	0	-7.3438	3	-1	1	1	0	0	0
3	445.49	-0.14076	-7.5284	-0.14076	-7.5284	0	1	90	0	4.6562	-1	-9	3.6562	0	-7.3438	3	-1	1	1	0	0	0
3	462.17	-0.14076	-7.464	-0.14076	-7.464	0	1	90	0	4.6562	-1	-9	3.6562	0	-7.3438	3	-1	1	1	0	0	0
3	478.72	-0.14076	-7.2067	-0.14076	-7.2067	0	1	90	0	4.6562	-1	-9	3.6562	0	-7.3438	3	-1	1	1	0	0	0
3	495.35	-0.080432	-6.7562	-0.080432	-6.7562	0	1	90	0	4.6562	-1	-9	3.6562	0	-7.3438	3	-1	1	1	0	0	0
3	511.94	0.020108	-6.1771	0.020108	-6.1771	0	1	90	0	4.6562	-1	-9	3.6562	0	-7.3438	3	-1	1	1	0	0	0
3	528.53	0.060324	-5.8876	0.060324	-5.8876	0	1	90	0	4.6562	-1	-9	3.6562	0	-7.3438	3	-1	1	1	0	0	0
3	545.1	0.14076	-5.2441	0.14076	-5.2441	0	1	90	0	4.6562	-1	-9	3.6562	0	-7.3438	3	-1	1	1	0	0	0
3	561.73	0.16086	-4.8902	0.16086	-4.8902	0	2	90	0	4.6562	-1	-9	3.6562	0	-7.3438	3	-1	1	1	0	0	0
3	578.31	0.24129	-4.1824	0.24129	-4.1824	0	2	90	0	4.6562	-1	-9	3.6562	0	-7.3438	3	-1	1	1	0	0	0
3	594.89	0.34183	-3.4103	0.34183	-3.4103	0	2	90	0	4.6562	-1	-9	3.6562	0	-7.3438	3	-1	1	1	0	1	0
3	611.47	0.44237	-2.606	0.44237	-2.606	0	2	90	0	4.6562	-1	-9	3.6562	0	-7.3438	3	-1	1	1	0	0	0
3	628.07	0.48259	-2.1877	0.48259	-2.1877	0	2	90	0	4.6562	-1	-9	3.6562	0	-7.3438	3	-1	1	1	0	0	0
3	644.65	0.56302	-1.4478	0.56302	-1.4478	0	2	90	0	4.6562	-1	-9	3.6562	0	-7.3438	3	-1	1	1	0	0	0
3	661.25	0.58313	-1.0617	0.58313	-1.0617	0	2	90	0	4.6562	-1	-9	3.6562	0	-7.3438	3	-1	1	1	0	0	0
3	677.89	0.62334	-0.38607	0.62334	-0.38607	0	2	90	0	4.6562	-1	-9	3.6562	0	-7.3438	3	-1	1	1	0	0	0
3	694.44	0.64345	0.22521	0.64345	0.22521	0	2	90	0	4.6562	-1	-9	3.6562	0	-7.3438	3	-1	1	1	0	0	0
3	711.07	0.64345	0.80432	0.64345	0.80432	0	2	90	0	4.6562	-1	-9	3.6562	0	-7.3438	3	-1	1	1	0	0	0
3	727.59	0.64345	1.0617	0.64345	1.0617	0	2	90	0	4.6562	-1	-9	3.6562	0	-7.3438	3	-1	1	1	0	0	0
3	744.23	0.62334	1.5443	0.62334	1.5443	0	2	90	0	4.6562	-1	-9	3.6562	0	-7.3438	3	-1	1	1	0	0	0
3	760.8	0.60324	1.7695	0.60324	1.7695	0	2	90	0	4.6562	-1	-9	3.6562	0	-7.3438	3	-1	1	1	0	0	0
3	777.39	0.58313	2.1877	0.58313	2.1877	0	2	90	0	4.6562	-1	-9	3.6562	0	-7.3438	3	-1	1	1	0	0	0
3	794.04	0.54291	2.5416	0.54291	2.5416	0	2	90	0	4.6562	-1	-9	3.6562	0	-7.3438	3	-1	1	1	0	0	0
3	810.62	0.52281	2.7025	0.52281	2.7025	0	2	90	0	4.6562	-1	-9	3.6562	0	-7.3438	3	-1	1	1	0	0	0
3	827.23	0.48259	2.9599	0.48259	2.9599	0	2	90	0	4.6562	-1	-9	3.6562	0	-7.3438	3	-1	1	1	0	0	0
3	843.81	0.44237	3.1207	0.44237	3.1207	0	2	90	0	4.6562	-1	-9	3.6562	0	-7.3438	3	-1	1	0	0	0	0
3	860.41	0.42227	3.1851	0.42227	3.1851	0	2	90	0	4.6562	-1	-9	3.6562	0	-7.3438	3	-1	1	0	0	0	0
3	876.98	0.38205	3.2816	0.38205	3.2816	0	2	90	0	4.6562	-1	-9	3.6562	0	-7.3438	3	-1	1	0	0	0	0
3	893.58	0.36194	3.3138	0.36194	3.3138	0	2	90	0	4.6562	-1	-9	3.6562	0	-7.3438	3	-1	1	0	0	0	0
3	910.15	0.36194	3.3138	0.36194	3.3138	0	2	90	0	4.6562	-1	-9	3.6562	0	-7.3438	3	-1	1	0	0	0	0
3	926.79	0.34183	3.346	0.34183	3.346	0	2	90	0	4.6562	-1	-9	3.6562	0	-7.3438	3	-1	1	0	0	0	0
3	943.35	0.34183	3.346	0.34183	3.346	0	2	90	0	4.6562	-1	-9	3.6562	0	-7.3438	3	-1	1	0	0	0	0
3	959.99	0.34183	3.346	0.34183	3.346	0	3	90	0	4.6562	-1	-9	3.6562	0	-7.3438	3	-1	1	0	0	0	0
4	30.866	-0.60324	-7.271	-0.60324	-7.271	0	1	75	3.1058	4.2473	-1	-5.8942	3.2474	0	-7.3438	3	-1	1	0	0	0	0
4	47.446	-0.52281	-7.3354	-0.52281	-7.3354	0	1	75	3.1058	4.2473	-1	-5.8942	3.2474	0	-7.3438	3	-1	1	1	0	0	0
4	64.076	-0.48259	-7.3675	-0.48259	-7.3675	0	1	75	3.1058	4.2473	-1	-5.8942	3.2474	0	-7.3438	3	-1	1	1	0	0	0
4	80.576	-0.40216	-7.464	-0.40216	-7.464	0	1	75	3.1058	4.2473	-1	-5.8942	3.2474	0	-7.3438	3	-1	1	1	0	0	0
4	97.364	-0.30162	-7.5284	-0.30162	-7.5284	0	1	75	3.1058	4.2473	-1	-5.8942	3.2474	0	-7.3438	3	-1	1	1	0	0	0
4	113.85	-0.2614	-7.5606	-0.2614	-7.5606	0	1	75	3.1058	4.2473	-1	-5.8942	3.2474	0	-7.3438	3	-1	1	1	0	0	0
4	130.42	-0.20108	-7.5927	-0.20108	-7.5927	0	1	75	3.1058	4.2473	-1	-5.8942	3.2474	0	-7.3438	3	-1	1	1	0	0	0
4	147.04	-0.16086	-7.5927	-0.16086	-7.5927	0	1	75	3.1058	4.2473	-1	-5.8942	3.2474	0	-7.3438	3	-1	1	1	0	0	0
4	163.66	-0.16086	-7.6249	-0.16086	-7.6249	0	1	75	3.1058	4.2473	-1	-5.8942	3.2474	0	-7.3438	3	-1	1	1	0	0	0
4	180.2	-0.14076	-7.6249	-0.14076	-7.6249	0	1	75	3.1058	4.2473	-1	-5.8942	3.2474	0	-7.3438	3	-1	1	1	0	0	0
4	196.83	-0.14076	-7.6249	-0.14076	-7.6249	0	1	75	3.1058	4.2473	-1	-5.8942	3.2474	0	-7.3438	3	-1	1	1	0	0	0
4	213.39	-0.14076	-7.6249	-0.14076	-7.6249	0	1	75	3.1058	4.2473	-1	-5.8942	3.2474	0	-7.3438	3	-1	1	1	0	0	0
4	229.96	-0.14076	-7.6249	-0.14076	-7.6249	0	1	75	3.1058	4.2473	-1	-5.8942	3.2474	0	-7.3438	3	-1	1	1	0	0	0
4	246.6	-0.14076	-7.6249	-0.14076	-7.6249	0	1	75	3.1058	4.2473	-1	-5.8942	3.2474	0	-7.3438	3	-1	1	1	0	0	0
4	263.21	-0.14076	-7.6249	-0.14076	-7.6249	0	1	75	3.1058	4.2473	-1	-5.8942	3.2474	0	-7.3438	3	-1	1	1	0	0	0
4	279.8	-0.14076	-7.6249	-0.14076	-7.6249	0	1	75	3.1058	4.2473	-1	-5.8942	3.2474	0	-7.3438	3	-1	1	1	0	0	0
4	296.37	-0.14076	-7.5927	-0.14076	-7.5927	0	1	75	3.1058	4.2473	-1	-5.8942	3.2474	0	-7.3438	3	-1	1	1	0	0	0
4	312.95	-0.12065	-7.5927	-0.12065	-7.5927	0	1	75	3.1058	4.2473	-1	-5.8942	3.2474	0	-7.3438	3	-1	1	1	0	0	0
4	329.55	-0.080432	-7.5284	-0.080432	-7.5284	0	1	75	3.1058	4.2473	-1	-5.8942	3.2474	0	-7.3438	3	-1	1	1	0	0	0
4	346.14	-0.040216	-7.464	-0.040216	-7.464	0	1	75	3.1058	4.2473	-1	-5.8942	3.2474	0	-7.3438	3	-1	1	1	0	0	0
4	362.78	0.12065	-7.271	0.12065	-7.271	0	1	75	3.1058	4.2473	-1	-5.8942	3.2474	0	-7.3438	3	-1	1	1	0	0	0
4	379.37	0.32173	-6.9493	0.32173	-6.9493	0	1	75	3.1058	4.2473	-1	-5.8942	3.2474	0	-7.3438	3	-1	1	1	0	0	0
4	395.94	0.58313	-6.531	0.58313	-6.531	0	1	75	3.1058	4.2473	-1	-5.8942	3.2474	0	-7.3438	3	-1	1	1	0	0	0
4	412.5	0.72388	-6.2737	0.72388	-6.2737	0	1	75	3.1058	4.2473	-1	-5.8942	3.2474	0	-7.3438	3	-1	1	1	0	0	0
4	428.91	1.0054	-5.7911	1.0054	-5.7911	0	1	75	3.1058	4.2473	-1	-5.8942	3.2474	0	-7.3438	3	-1	1	1	0	0	0
4	445.74	1.1663	-5.5337	1.1663	-5.5337	0	1	75	3.1058	4.2473	-1	-5.8942	3.2474	0	-7.3438	3	-1	1	1	0	0	0
4	462.34	1.488	-4.9546	1.488	-4.9546	0	2	75	3.1058	4.2473	-1	-5.8942	3.2474	0	-7.3438	3	-1	1	1	0	0	0
4	478.95	1.8499	-4.3755	1.8499	-4.3755	0	2	75	3.1058	4.2473	-1	-5.8942	3.2474	0	-7.3438	3	-1	1	1	0	1	0
4	495.49	2.2119	-3.7642	2.2119	-3.7642	0	2	75	3.1058	4.2473	-1	-5.8942	3.2474	0	-7.3438	3	-1	1	1	0	0	0
4	512.08	2.3727	-3.4425	2.3727	-3.4425	0	2	75	3.1058	4.2473	-1	-5.8942	3.2474	0	-7.3438	3	-1	1	1	0	0	0
4	528.66	2.6945	-2.8312	2.6945	-2.8312	0	2	75	3.1058	4.2473	-1	-5.8942	3.2474	0	-7.3438	3	-1	1	1	0	0	0
4	545.31	2.8754	-2.5416	2.8754	-2.5416	0	2	75	3.1058	4.2473	-1	-5.8942	3.2474	0	-7.3438	3	-1	1	1	0	0	0
4	561.92	3.1972	-1.9625	3.1972	-1.9625	0	2	75	3.1058	4.2473	-1	-5.8942	3.2474	0	-7.3438	3	-1	1	1	0	0	0
4	578.5	3.4988	-1.3834	3.4988	-1.3834	0	2	75	3.1058	4.2473	-1	-5.8942	3.2474	0	-7.3438	3	-1	1	1	0	0	0
4	595.09	3.8004	-0.83649	3.8004	-0.83649	0	2	75	3.1058	4.2473	-1	-5.8942	3.2474	0	-7.3438	3	-1	1	1	0	0	0
4	611.64	3.9411	-0.57911	3.9411	-0.57911	0	2	75	3.1058	4.2473	-1	-5.8942	3.2474	0	-7.3438	3	-1	1	1	0	0	0
4	628.25	4.2227	-0.064345	4.2227	-0.064345	0	2	75	3.1058	4.2473	-1	-5.8942	3.2474	0	-7.3438	3	-1	1	1	0	0	0
4	644.82	4.3634	0.16086	4.3634	0.16086	0	2	75	3.1058	4.2473	-1	-5.8942	3.2474	0	-7.3438	3	-1	1	1	0	0	0
4	661.47	4.6248	0.61128	4.6248	0.61128	0	2	75	3.1058	4.2473	-1	-5.8942	3.2474	0	-7.3438	3	-1	1	1	0	0	0
4	678.01	4.8862	0.99735	4.8862	0.99735	0	2	75	3.1058	4.2473	-1	-5.8942	3.2474	0	-7.3438	3	-1	1	1	0	0	0
4	694.61	5.1275	1.3834	5.1275	1.3834	0	2	75	3.1058	4.2473	-1	-5.8942	3.2474	0	-7.3438	3	-1	1	1	0	0	0
4	711.23	5.2482	1.5443	5.2482	1.5443	0	2	75	3.1058	4.2473	-1	-5.8942	3.2474	0	-7.3438	3	-1	1	1	0	0	0
4	727.82	5.4492	1.8338	5.4492	1.8338	0	2	75	3.1058	4.2473	-1	-5.8942	3.2474	0	-7.3438	3	-1	1	1	0	0	0
4	744.41	5.5297	1.9625	5.5297	1.9625	0	2	75	3.1058	4.2473	-1	-5.8942	3.2474	0	-7.3438	3	-1	1	1	0	0	0
4	761.01	5.6704	2.1877	5.6704	2.1877	0	2	75	3.1058	4.2473	-1	-5.8942	3.2474	0	-7.3438	3	-1	1	1	0	0	0
4	777.58	5.771	2.3486	5.771	2.3486	0	2	75	3.1058	4.2473	-1	-5.8942	3.2474	0	-7.3438	3	-1	1	0	0	0	0
4	794.19	5.8112	2.3808	5.8112	2.3808	0	2	75	3.1058	4.2473	-1	-5.8942	3.2474	0	-7.3438	3	-1	1	0	0	0	0
4	810.83	5.8514	2.4451	5.8514	2.4451	0	2	75	3.1058	4.2473	-1	-5.8942	3.2474	0	-7.3438	3	-1	1	0	0	0	0
4	827.41	5.8715	2.4773	5.8715	2.4773	0	2	75	3.1058	4.2473	-1	-5.8942	3.2474	0	-7.3438	3	-1	1	0	0	0	0
4	843.96	5.8715	2.5095	5.8715	2.5095	0	2	75	3.1058	4.2473	-1	-5.8942	3.2474	0	-7.3438	3	-1	1	0	0	0	0
4	860.52	5.8715	2.5095	5.8715	2.5095	0	2	75	3.1058	4.2473	-1	-5.8942	3.2474	0	-7.3438	3	-1	1	0	0	0	0
4	877.17	5.8715	2.5095	5.8715	2.5095	0	2	75	3.1058	4.2473	-1	-5.8942	3.2474	0	-7.3438	3	-1	1	0	0	0	0
4	893.75	5.8715	2.5095	5.8715	2.5095	0	3	75	3.1058	4.2473	-1	-5.8942	3.2474	0	-7.3438	3	-1	1	0	0	0	0
5	31.213	-0.30162	-7.078	-0.30162	-7.078	0	1	105	-3.1058	4.2473	-1	-12.106	3.2474	0	-7.3438	3	-1	1	1	0	0	0
5	47.794	-0.40216	-7.3032	-0.40216	-7.3032	0	1	105	-3.1058	4.2473	-1	-12.106	3.2474	0	-7.3438	3	-1	1	1	0	0	0
5	64.326	-0.42227	-7.3997	-0.42227	-7.3997	0	1	105	-3.1058	4.2473	-1	-12.106	3.2474	0	-7.3438	3	-1	1	1	0	0	0
5	80.913	-0.42227	-7.4319	-0.42227	-7.4319	0	1	105	-3.1058	4.2473	-1	-12.106	3.2474	0	-7.3438	3	-1	1	1	0	0	0
5	97.548	-0.40216	-7.464	-0.40216	-7.464	0	1	105	-3.1058	4.2473	-1	-12.106	3.2474	0	-7.3438	3	-1	1	1	0	0	0
5	114.15	-0.38205	-7.4962	-0.38205	-7.4962	0	1	105	-3.1058	4.2473	-1	-12.106	3.2474	0	-7.3438	3	-1	1	1	0	0	0
5	130.76	-0.34183	-7.5284	-0.34183	-7.5284	0	1	105	-3.1058	4.2473	-1	-12.106	3.2474	0	-7.3438	3	-1	1	1	0	0	0
5	147.37	-0.34183	-7.5284	-0.34183	-7.5284	0	1	105	-3.1058	4.2473	-1	-12.106	3.2474	0	-7.3438	3	-1	1	1	0	0	0
5	163.97	-0.32173	-7.5284	-0.32173	-7.5284	0	1	105	-3.1058	4.2473	-1	-12.106	3.2474	0	-7.3438	3	-1	1	1	0	0	0
5	180.46	-0.32173	-7.5284	-0.32173	-7.5284	0	1	105	-3.1058	4.2473	-1	-12.106	3.2474	0	-7.3438	3	-1	1	1	0	0	0
5	197.08	-0.32173	-7.5284	-0.32173	-7.5284	0	1	105	-3.1058	4.2473	-1	-12.106	3.2474	0	-7.3438	3	-1	1	1	0	0	0
5	213.65	-0.32173	-7.5284	-0.32173	-7.5284	0	1	105	-3.1058	4.2473	-1	-12.106	3.2474	0	-7.3438	3	-1	1	1	0	0	0
5	230.3	-0.32173	-7.5284	-0.32173	-7.5284	0	1	105	-3.1058	4.2473	-1	-12.106	3.2474	0	-7.3438	3	-1	1	1	0	0	0
5	246.9	-0.32173	-7.5284	-0.32173	-7.5284	0	1	105	-3.1058	4.2473	-1	-12.106	3.2474	0	-7.3438	3	-1	1	1	0	0	0
5	263.5	-0.32173	-7.5284	-0.32173	-7.5284	0	1	105	-3.1058	4.2473	-1	-12.106	3.2474	0	-7.3438	3	-1	1	1	0	0	0
5	280.09	-0.32173	-7.5284	-0.32173	-7.5284	0	1	105	-3.1058	4.2473	-1	-12.106	3.2474	0	-7.3438	3	-1	1	1	0	0	0
5	296.61	-0.32173	-7.5284	-0.32173	-7.5284	0	1	105	-3.1058	4.2473	-1	-12.106	3.2474	0	-7.3438	3	-1	1	1	0	0	0
5	313.33	-0.34183	-7.4962	-0.34183	-7.4962	0	1	105	-3.1058	4.2473	-1	-12.106	3.2474	0	-7.3438	3	-1	1	1	0	0	0
5	329.85	-0.40216	-7.3997	-0.40216	-7.3997	0	1	105	-3.1058	4.2473	-1	-12.106	3.2474	0	-7.3438	3	-1	1	1	0	0	0
5	346.49	-0.46248	-7.3354	-0.46248	-7.3354	0	1	105	-3.1058	4.2473	-1	-12.106	3.2474	0	-7.3438	3	-1	1	1	0	0	0
5	363.11	-0.62334	-7.1101	-0.62334	-7.1101	0	1	105	-3.1058	4.2473	-1	-12.106	3.2474	0	-7.3438	3	-1	1	1	0	0	0
5	379.72	-0.80432	-6.7884	-0.80432	-6.7884	0	1	105	-3.1058	4.2473	-1	-12.106	3.2474	0	-7.3438	3	-1	1	1	0	0	0
5	396.24	-0.90485	-6.5954	-0.90485	-6.5954	0	1	105	-3.1058	4.2473	-1	-12.106	3.2474	0	-7.3438	3	-1	1	1	0	0	0
5	412.81	-1.126	-6.145	-1.126	-6.145	0	1	105	-3.1058	4.2473	-1	-12.106	3.2474	0	-7.3438	3	-1	1	1	0	0	0
5	429.46	-1.4076	-5.598	-1.4076	-5.598	0	1	105	-3.1058	4.2473	-1	-12.106	3.2474	0	-7.3438	3	-1	1	1	0	0	0
5	446.08	-1.5483	-5.3407	-1.5483	-5.3407	0	2	105	-3.1058	4.2473	-1	-12.106	3.2474	0	-7.3438	3	-1	1	1	0	0	0
5	462.69	-1.87	-4.7294	-1.87	-4.7294	0	2	105	-3.1058	4.2473	-1	-12.106	3.2474	0	-7.3438	3	-1	1	1	0	0	0
5	479.25	-2.232	-4.1181	-2.232	-4.1181	0	2	105	-3.1058	4.2473	-1	-12.106	3.2474	0	-7.3438	3	-1	1	1	0	0	0
5	495.83	-2.4331	-3.7964	-2.4331	-3.7964	0	2	105	-3.1058	4.2473	-1	-12.106	3.2474	0	-7.3438	3	-1	1	1	0	0	0
5	512.39	-2.8151	-3.1851	-2.8151	-3.1851	0	2	105	-3.1058	4.2473	-1	-12.106	3.2474	0	-7.3438	3	-1	1	1	0	1	0
5	529.01	-3.2173	-2.5416	-3.2173	-2.5416	0	2	105	-3.1058	4.2473	-1	-12.106	3.2474	0	-7.3438	3	-1	1	1	0	0	0
5	545.61	-3.3982	-2.2199	-3.3982	-2.2199	0	2	105	-3.1058	4.2473	-1	-12.106	3.2474	0	-7.3438	3	-1	1	1	0	0	0
5	562.14	-3.8004	-1.6086	-3.8004	-1.6086	0	2	105	-3.1058	4.2473	-1	-12.106	3.2474	0	-7.3438	3	-1	1	1	0	0	0
5	578.86	-4.1824	-1.0617	-4.1824	-1.0617	0	2	105	-3.1058	4.2473	-1	-12.106	3.2474	0	-7.3438	3	-1	1	1	0	0	0
5	595.39	-4.3634	-0.80432	-4.3634	-0.80432	0	2	105	-3.1058	4.2473	-1	-12.106	3.2474	0	-7.3438	3	-1	1	1	0	0	0
5	611.98	-4.6851	-0.28955	-4.6851	-0.28955	0	2	105	-3.1058	4.2473	-1	-12.106	3.2474	0	-7.3438	3	-1	1	1	0	0	0
5	628.57	-4.9868	0.19304	-4.9868	0.19304	0	2	105	-3.1058	4.2473	-1	-12.106	3.2474	0	-7.3438	3	-1	1	1	0	0	0
5	645.16	-5.1074	0.41824	-5.1074	0.41824	0	2	105	-3.1058	4.2473	-1	-12.106	3.2474	0	-7.3438	3	-1	1	1	0	0	0
5	661.81	-5.3085	0.83649	-5.3085	0.83649	0	2	105	-3.1058	4.2473	-1	-12.106	3.2474	0	-7.3438	3	-1	1	1	0	0	0
5	678.39	-5.3889	0.99735	-5.3889	0.99735	0	2	105	-3.1058	4.2473	-1	-12.106	3.2474	0	-7.3438	3	-1	1	1	0	0	0
5	694.96	-5.5297	1.3513	-5.5297	1.3512	0	2	105	-3.1058	4.2473	-1	-12.106	3.2474	0	-7.3438	3	-1	1	1	0	0	0
5	711.57	-5.6503	1.6086	-5.6503	1.6086	0	2	105	-3.1058	4.2473	-1	-12.106	3.2474	0	-7.3438	3	-1	1	1	0	0	0
5	728.2	-5.7307	1.8338	-5.7307	1.8338	0	2	105	-3.1058	4.2473	-1	-12.106	3.2474	0	-7.3438	3	-1	1	0	0	0	0
5	744.69	-5.7509	1.8982	-5.7509	1.8982	0	2	105	-3.1058	4.2473	-1	-12.106	3.2474	0	-7.3438	3	-1	1	0	0	0	0
5	761.34	-5.8112	2.0269	-5.8112	2.0269	0	2	105	-3.1058	4.2473	-1	-12.106	3.2474	0	-7.3438	3	-1	1	0	0	0	0
5	778.02	-5.8112	2.0912	-5.8112	2.0912	0	2	105	-3.1058	4.2473	-1	-12.106	3.2474	0	-7.3438	3	-1	1	0	0	0	0
5	794.53	-5.8313	2.1234	-5.8313	2.1234	0	2	105	-3.1058	4.2473	-1	-12.106	3.2474	0	-7.3438	3	-1	1	0	0	0	0
5	811.11	-5.8514	2.1556	-5.8514	2.1556	0	2	105	-3.1058	4.2473	-1	-12.106	3.2474	0	-7.3438	3	-1	1	0	0	0	0
5	827.75	-5.8514	2.1556	-5.8514	2.1556	0	2	105	-3.1058	4.2473	-1	-12.106	3.2474	0	-7.3438	3	-1	1	0	0	0	0
5	844.33	-5.8514	2.1556	-5.8514	2.1556	0	2	105	-3.1058	4.2473	-1	-12.106	3.2474	0	-7.3438	3	-1	1	0	0	0	0
5	860.93	-5.8514	2.1556	-5.8514	2.1556	0	3	105	-3.1058	4.2473	-1	-12.106	3.2474	0	-7.3438	3	-1	1	0	0	0	0
6	31.012	-0.46248	-7.3675	-0.46248	-7.3675	0	1	90	0	4.6562	-1	-9	3.6562	0	-7.3438	3	-1	1	0	0	0	0
6	47.529	-0.32173	-7.4962	-0.32173	-7.4962	0	1	90	0	4.6562	-1	-9	3.6562	0	-7.3438	3	-1	1	1	0	0	0
6	64.141	-0.2614	-7.5284	-0.2614	-7.5284	0	1	90	0	4.6562	-1	-9	3.6562	0	-7.3438	3	-1	1	1	0	0	0
6	80.748	-0.20108	-7.5927	-0.20108	-7.5927	0	1	90	0	4.6562	-1	-9	3.6562	0	-7.3438	3	-1	1	1	0	0	0
6	97.344	-0.16086	-7.5927	-0.16086	-7.5927	0	1	90	0	4.6562	-1	-9	3.6562	0	-7.3438	3	-1	1	1	0	0	0
6	113.95	-0.16086	-7.5927	-0.16086	-7.5927	0	1	90	0	4.6562	-1	-9	3.6562	0	-7.3438	3	-1	1	1	0	0	0
6	130.52	-0.16086	-7.5927	-0.16086	-7.5927	0	1	90	0	4.6562	-1	-9	3.6562	0	-7.3438	3	-1	1	1	0	0	0
6	147.1	-0.16086	-7.5927	-0.16086	-7.5927	0	1	90	0	4.6562	-1	-9	3.6562	0	-7.3438	3	-1	1	1	0	0	0
6	163.65	-0.16086	-7.5927	-0.16086	-7.5927	0	1	90	0	4.6562	-1	-9	3.6562	0	-7.3438	3	-1	1	1	0	0	0
6	180.31	-0.16086	-7.5927	-0.16086	-7.5927	0	1	90	0	4.6562	-1	-9	3.6562	0	-7.3438	3	-1	1	1	0	0	0
6	196.94	-0.16086	-7.5927	-0.16086	-7.5927	0	1	90	0	4.6562	-1	-9	3.6562	0	-7.3438	3	-1	1	1	0	0	0
6	213.54	-0.16086	-7.5927	-0.16086	-7.5927	0	1	90	0	4.6562	-1	-9	3.6562	0	-7.3438	3	-1	1	1	0	0	0
6	230.07	-0.16086	-7.5927	-0.16086	-7.5927	0	1	90	0	4.6562	-1	-9	3.6562	0	-7.3438	3	-1	1	1	0	0	0
6	246.71	-0.16086	-7.5927	-0.16086	-7.5927	0	1	90	0	4.6562	-1	-9	3.6562	0	-7.3438	3	-1	1	1	0	0	0
6	263.26	-0.16086	-7.5927	-0.16086	-7.5927	0	1	90	0	4.6562	-1	-9	3.6562	0	-7.3438	3	-1	1	1	0	0	0
6	279.87	-0.16086	-7.5606	-0.16086	-7.5606	0	1	90	0	4.6562	-1	-9	3.6562	0	-7.3438	3	-1	1	1	0	0	0
6	296.43	-0.14076	-7.4962	-0.14076	-7.4962	0	1	90	0	4.6562	-1	-9	3.6562	0	-7.3438	3	-1	1	1	0	0	0
6	313.12	-0.12065	-7.4319	-0.12065	-7.4319	0	1	90	0	4.6562	-1	-9	3.6562	0	-7.3438	3	-1	1	1	0	0	0
6	329.64	-0.10054	-7.1745	-0.10054	-7.1745	0	1	90	0	4.6562	-1	-9	3.6562	0	-7.3438	3	-1	1	1	0	0	0
6	346.24	-0.080432	-6.7884	-0.080432	-6.7884	0	1	90	0	4.6562	-1	-9	3.6562	0	-7.3438	3	-1	1	1	0	0	0
6	362.84	-0.060324	-6.5632	-0.060324	-6.5632	0	1	90	0	4.6562	-1	-9	3.6562	0	-7.3438	3	-1	1	1	0	0	0
6	379.43	-0.040216	-6.0806	-0.040216	-6.0806	0	1	90	0	4.6562	-1	-9	3.6562	0	-7.3438	3	-1	1	1	0	0	0
6	396.01	-0.020108	-5.5337	-0.020108	-5.5337	0	1	90	0	4.6562	-1	-9	3.6562	0	-7.3438	3	-1	1	1	0	0	0
6	412.6	0	-5.2441	0	-5.2441	0	1	90	0	4.6562	-1	-9	3.6562	0	-7.3438	3	-1	1	1	0	0	0
6	429.26	0.040216	-4.5685	0.040216	-4.5685	0	2	90	0	4.6562	-1	-9	3.6562	0	-7.3438	3	-1	1	1	0	0	0
6	445.85	0.10054	-3.8285	0.10054	-3.8285	0	2	90	0	4.6562	-1	-9	3.6562	0	-7.3438	3	-1	1	1	0	0	0
6	462.39	0.14076	-3.4746	0.14076	-3.4746	0	2	90	0	4.6562	-1	-9	3.6562	0	-7.3438	3	-1	1	1	0	0	0
6	479.03	0.22119	-2.7025	0.22119	-2.7025	0	2	90	0	4.6562	-1	-9	3.6562	0	-7.3438	3	-1	1	1	0	1	0
6	495.59	0.32173	-1.8982	0.32173	-1.8982	0	2	90	0	4.6562	-1	-9	3.6562	0	-7.3438	3	-1	1	1	0	0	0
6	512.2	0.38205	-1.5121	0.38205	-1.5121	0	2	90	0	4.6562	-1	-9	3.6562	0	-7.3438	3	-1	1	1	0	0	0
6	528.79	0.5027	-0.7078	0.5027	-0.7078	0	2	90	0	4.6562	-1	-9	3.6562	0	-7.3438	3	-1	1	1	0	0	0
6	545.42	0.62334	0.032173	0.62334	0.032173	0	2	90	0	4.6562	-1	-9	3.6562	0	-7.3438	3	-1	1	1	0	0	0
6	561.97	0.70378	0.41824	0.70378	0.41824	0	2	90	0	4.6562	-1	-9	3.6562	0	-7.3438	3	-1	1	1	0	0	0
6	578.52	0.84453	1.126	0.84453	1.126	0	2	90	0	4.6562	-1	-9	3.6562	0	-7.3438	3	-1	1	1	0	0	0
6	595.17	0.98529	1.7695	0.98529	1.7695	0	2	90	0	4.6562	-1	-9	3.6562	0	-7.3438	3	-1	1	1	0	0	0
6	611.72	1.0657	2.0912	1.0657	2.0912	0	2	90	0	4.6562	-1	-9	3.6562	0	-7.3438	3	-1	1	1	0	0	0
6	628.35	1.1864	2.6382	1.1864	2.6382	0	2	90	0	4.6562	-1	-9	3.6562	0	-7.3438	3	-1	1	1	0	0	0
6	644.96	1.2869	3.1207	1.2869	3.1207	0	2	90	0	4.6562	-1	-9	3.6562	0	-7.3438	3	-1	1	1	0	0	0
6	661.57	1.3271	3.346	1.3271	3.346	0	2	90	0	4.6562	-1	-9	3.6562	0	-7.3438	3	-1	1	1	0	0	0
6	678.17	1.4076	3.6999	1.4076	3.6999	0	2	90	0	4.6562	-1	-9	3.6562	0	-7.3438	3	-1	1	1	0	0	0
6	694.74	1.4478	3.9894	1.4478	3.9894	0	2	90	0	4.6562	-1	-9	3.6562	0	-7.3438	3	-1	1	1	0	0	0
6	711.29	1.4679	4.1181	1.4679	4.1181	0	2	90	0	4.6562	-1	-9	3.6562	0	-7.3438	3	-1	1	1	0	0	0
6	727.91	1.488	4.279	1.488	4.279	0	2	90	0	4.6562	-1	-9	3.6562	0	-7.3438	3	-1	1	1	0	0	0
6	744.51	1.488	4.3433	1.488	4.3433	0	2	90	0	4.6562	-1	-9	3.6562	0	-7.3438	3	-1	1	1	0	0	0
6	761.15	1.4679	4.4076	1.4679	4.4076	0	2	90	0	4.6562	-1	-9	3.6562	0	-7.3438	3	-1	1	1	0	0	0
6	777.73	1.4679	4.4398	1.4679	4.4398	0	2	90	0	4.6562	-1	-9	3.6562	0	-7.3438	3	-1	1	1	0	0	0
6	794.31	1.4478	4.4398	1.4478	4.4398	0	2	90	0	4.6562	-1	-9	3.6562	0	-7.3438	3	-1	1	1	0	0	0
6	810.69	1.4478	4.4398	1.4478	4.4398	0	2	90	0	4.6562	-1	-9	3.6562	0	-7.3438	3	-1	1	1	0	0	0
6	827.63	1.4478	4.472	1.4478	4.472	0	2	90	0	4.6562	-1	-9	3.6562	0	-7.3438	3	-1	1	1	0	0	0
6	844.08	1.4478	4.472	1.4478	4.472	0	3	90	0	4.6562	-1	-9	3.6562	0	-7.3438	3	-1	1	1	0	0	0
6	1308.7	0.94507	2.4129	0.94507	2.4129	0	2	90	0	4.6562	-1	-9	3.6562	0	-7.3438	3	-1	1	0	0	0	0
6	1325.3	0.7641	1.866	0.7641	1.866	0	2	90	0	4.6562	-1	-9	3.6562	0	-7.3438	3	-1	1	0	0	0	0
6	1341.9	0.68367	1.5765	0.68367	1.5765	0	2	90	0	4.6562	-1	-9	3.6562	0	-7.3438	3	-1	1	0	0	0	0
6	1358.5	0.48259	0.99735	0.48259	0.99735	0	2	90	0	4.6562	-1	-9	3.6562	0	-7.3438	3	-1	1	0	0	0	0
6	1375.1	0.40216	0.7078	0.40216	0.7078	0	2	90	0	4.6562	-1	-9	3.6562	0	-7.3438	3	-1	1	0	0	0	0
6	1391.6	0.20108	0.096518	0.20108	0.096518	0	2	90	0	4.6562	-1	-9	3.6562	0	-7.3438	3	-1	1	0	0	0	0
6	1408.3	0.020108	-0.45042	0.020108	-0.45042	0	2	90	0	4.6562	-1	-9	3.6562	0	-7.3438	3	-1	1	0	0	0	0
6	1424.9	-0.16086	-0.99735	-0.16086	-0.99735	0	2	90	0	4.6562	-1	-9	3.6562	0	-7.3438	3	-1	1	0	0	0	0
6	1441.5	-0.24129	-1.2547	-0.24129	-1.2547	0	2	90	0	4.6562	-1	-9	3.6562	0	-7.3438	3	-1	1	0	0	0	0
6	1458.1	-0.38205	-1.7695	-0.38205	-1.7695	0	2	90	0	4.6562	-1	-9	3.6562	0	-7.3438	3	-1	1	0	0	0	0
6	1474.7	-0.46248	-2.0269	-0.46248	-2.0269	0	2	90	0	4.6562	-1	-9	3.6562	0	-7.3438	3	-1	1	0	0	0	0
6	1491.2	-0.58313	-2.4773	-0.58313	-2.4773	0	2	90	0	4.6562	-1	-9	3.6562	0	-7.3438	3	-1	1	0	0	0	0
6	1507.8	-0.68367	-2.9277	-0.68367	-2.9277	0	2	90	0	4.6562	-1	-9	3.6562	0	-7.3438	3	-1	1	0	0	0	0
6	1524.4	-0.74399	-3.1207	-0.74399	-3.1207	0	2	90	0	4.6562	-1	-9	3.6562	0	-7.3438	3	-1	1	0	0	0	0
6	1541.1	-0.82442	-3.5068	-0.82442	-3.5068	0	2	90	0	4.6562	-1	-9	3.6562	0	-7.3438	3	-1	1	0	0	0	0
6	1557.6	-0.90485	-3.8285	-0.90485	-3.8285	0	2	90	0	4.6562	-1	-9	3.6562	0	-7.3438	3	-1	1	0	0	0	0
6	1574.2	-0.92496	-3.9894	-0.92496	-3.9894	0	2	90	0	4.6562	-1	-9	3.6562	0	-7.3438	3	-1	1	0	0	0	0
6	1590.8	-0.98529	-4.2468	-0.98529	-4.2468	0	2	90	0	4.6562	-1	-9	3.6562	0	-7.3438	3	-1	1	0	0	0	0
6	1607.4	-1.0255	-4.5042	-1.0255	-4.5042	0	2	90	0	4.6562	-1	-9	3.6562	0	-7.3438	3	-1	1	0	0	0	0
6	1624	-1.0456	-4.6007	-1.0456	-4.6007	0	2	90	0	4.6562	-1	-9	3.6562	0	-7.3438	3	-1	1	0	0	0	0
6	1640.6	-1.0657	-4.8259	-1.0657	-4.8259	0	2	90	0	4.6562	-1	-9	3.6562	0	-7.3438	3	-1	1	0	0	0	0
6	1657.2	-1.1059	-5.0189	-1.1059	-5.0189	0	2	90	0	4.6562	-1	-9	3.6562	0	-7.3438	3	-1	1	0	0	0	0
6	1673.8	-1.1059	-5.1154	-1.1059	-5.1154	0	2	90	0	4.6562	-1	-9	3.6562	0	-7.3438	3	-1	1	0	0	0	0
6	1690.4	-1.126	-5.212	-1.126	-5.212	0	2	90	0	4.6562	-1	-9	3.6562	0	-7.3438	3	-1	1	0	0	0	0
6	1707	-1.126	-5.2763	-1.126	-5.2763	0	2	90	0	4.6562	-1	-9	3.6562	0	-7.3438	3	-1	1	0	0	0	0
6	1723.6	-1.1461	-5.2763	-1.1461	-5.2763	0	2	90	0	4.6562	-1	-9	3.6562	0	-7.3438	3	-1	1	0	0	0	0
6	1740.2	-1.1461	-5.2763	-1.1461	-5.2763	0	2	90	0	4.6562	-1	-9	3.6562	0	-7.3438	3	-1	1	0	0	0	0
6	1756.7	-1.126	-5.1476	-1.126	-5.1476	0	2	90	0	4.6562	-1	-9	3.6562	0	-7.3438	3	-1	1	0	0	0	0
6	1773.4	-1.126	-5.0189	-1.126	-5.0189	0	2	90	0	4.6562	-1	-9	3.6562	0	-7.3438	3	-1	1	0	0	0	0
6	1789.9	-1.0858	-4.6329	-1.0858	-4.6329	0	2	90	0	4.6562	-1	-9	3.6562	0	-7.3438	3	-1	1	0	0	0	0
6	1806.5	-1.0054	-4.1181	-1.0054	-4.1181	0	2	90	0	4.6562	-1	-9	3.6562	0	-7.3438	3	-1	1	0	0	0	0
6	1823.1	-0.96518	-3.7964	-0.96518	-3.7964	0	2	90	0	4.6562	-1	-9	3.6562	0	-7.3438	3	-1	1	0	0	0	0
6	1839.7	-0.86464	-3.1207	-0.86464	-3.1207	0	2	90	0	4.6562	-1	-9	3.6562	0	-7.3438	3	-1	1	0	0	0	0
6	1856.3	-0.82442	-2.7668	-0.82442	-2.7668	0	2	90	0	4.6562	-1	-9	3.6562	0	-7.3438	3	-1	1	0	0	0	0
6	1872.9	-0.74399	-1.9947	-0.74399	-1.9947	0	2	90	0	4.6562	-1	-9	3.6562	0	-7.3438	3	-1	1	0	0	0	0
6	1889.5	-0.64345	-1.2226	-0.64345	-1.2226	0	2	90	0	4.6562	-1	-9	3.6562	0	-7.3438	3	-1	1	0	0	0	0
6	1906.1	-0.58313	-0.83649	-0.58313	-0.83649	0	2	90	0	4.6562	-1	-9	3.6562	0	-7.3438	3	-1	1	0	0	0	0
6	1922.7	-0.44237	-0.032173	-0.44237	-0.032173	0	2	90	0	4.6562	-1	-9	3.6562	0	-7.3438	3	-1	1	0	0	0	0
6	1939.3	-0.28151	0.77214	-0.28151	0.77214	0	2	90	0	4.6562	-1	-9	3.6562	0	-7.3438	3	-1	1	0	0	0	0
6	1955.8	-0.20108	1.126	-0.20108	1.126	0	2	90	0	4.6562	-1	-9	3.6562	0	-7.3438	3	-1	1	0	0	0	0
6	1972.5	-0.060324	1.8338	-0.060324	1.8338	0	2	90	0	4.6562	-1	-9	3.6562	0	-7.3438	3	-1	1	0	0	0	0
6	1989.1	0.060324	2.4773	0.060324	2.4773	0	2	90	0	4.6562	-1	-9	3.6562	0	-7.3438	3	-1	1	0	0	0	0
6	2005.7	0.12065	2.7668	0.12065	2.7668	0	2	90	0	4.6562	-1	-9	3.6562	0	-7.3438	3	-1	1	0	0	0	0
6	2022.2	0.24129	3.3138	0.24129	3.3138	0	2	90	0	4.6562	-1	-9	3.6562	0	-7.3438	3	-1	1	0	0	0	0
6	2038.8	0.32173	3.732	0.32173	3.732	0	2	90	0	4.6562	-1	-9	3.6562	0	-7.3438	3	-1	1	0	0	0	0
6	2055.4	0.36194	3.9251	0.36194	3.9251	0	2	90	0	4.6562	-1	-9	3.6562	0	-7.3438	3	-1	1	0	0	0	0
6	2072	0.42227	4.2468	0.42227	4.2468	0	2	90	0	4.6562	-1	-9	3.6562	0	-7.3438	3	-1	1	0	0	0	0
6	2088.6	0.44237	4.3755	0.44237	4.3755	0	2	90	0	4.6562	-1	-9	3.6562	0	-7.3438	3	-1	1	0	0	0	0
6	2105.2	0.48259	4.5685	0.48259	4.5685	0	2	90	0	4.6562	-1	-9	3.6562	0	-7.3438	3	-1	1	0	0	0	0
6	2121.8	0.5027	4.6972	0.5027	4.6972	0	2	90	0	4.6562	-1	-9	3.6562	0	-7.3438	3	-1	1	0	0	0	0
6	2138.4	0.52281	4.7937	0.52281	4.7937	0	2	90	0	4.6562	-1	-9	3.6562	0	-7.3438	3	-1	1	0	0	0	0
6	2155	0.52281	4.8259	0.52281	4.8259	0	2	90	0	4.6562	-1	-9	3.6562	0	-7.3438	3	-1	1	0	0	0	0
6	2171.6	0.52281	4.8581	0.52281	4.8581	0	2	90	0	4.6562	-1	-9	3.6562	0	-7.3438	3	-1	1	0	0	0	0
6	2188.2	0.52281	4.8902	0.52281	4.8902	0	2	90	0	4.6562	-1	-9	3.6562	0	-7.3438	3	-1	1	0	0	0	0
6	2204.8	0.52281	4.9224	0.52281	4.9224	0	2	90	0	4.6562	-1	-9	3.6562	0	-7.3438	3	-1	1	0	0	0	0
6	2221.3	0.52281	4.9224	0.52281	4.9224	0	2	90	0	4.6562	-1	-9	3.6562	0	-7.3438	3	-1	1	0	0	0	0
6	2238	0.52281	4.9546	0.52281	4.9546	0	3	90	0	4.6562	-1	-9	3.6562	0	-7.3438	3	-1	1	0	0	0	0
6	2486.8	0.86464	6.4989	0.86464	6.4989	0	2	90	0	4.6562	-1	-9	3.6562	0	-7.3438	3	-1	1	0	0	0	0
6	2503.5	0.88475	6.5632	0.88475	6.5632	0	3	90	0	4.6562	-1	-9	3.6562	0	-7.3438	3	-1	1	0	0	0	0
7	28.09	-0.48259	-7.3675	-0.48259	-7.3675	0	1	105	-3.1058	4.2473	-1	-12.106	3.2474	0	-7.3438	3	-1	1	0	0	0	0
7	44.696	-0.38205	-7.4319	-0.38205	-7.4319	0	1	105	-3.1058	4.2473	-1	-12.106	3.2474	0	-7.3438	3	-1	1	0	0	0	0
7	61.275	-0.34183	-7.4962	-0.34183	-7.4962	0	1	105	-3.1058	4.2473	-1	-12.106	3.2474	0	-7.3438	3	-1	1	0	0	0	0
7	77.895	-0.32173	-7.4962	-0.32173	-7.4962	0	1	105	-3.1058	4.2473	-1	-12.106	3.2474	0	-7.3438	3	-1	1	0	0	0	0
7	94.53	-0.30162	-7.4962	-0.30162	-7.4962	0	1	105	-3.1058	4.2473	-1	-12.106	3.2474	0	-7.3438	3	-1	1	0	0	0	0
7	111.09	-0.30162	-7.4962	-0.30162	-7.4962	0	1	105	-3.1058	4.2473	-1	-12.106	3.2474	0	-7.3438	3	-1	1	0	0	0	0
7	127.69	-0.30162	-7.5284	-0.30162	-7.5284	0	1	105	-3.1058	4.2473	-1	-12.106	3.2474	0	-7.3438	3	-1	1	0	0	0	0
7	144.3	-0.30162	-7.5284	-0.30162	-7.5284	0	1	105	-3.1058	4.2473	-1	-12.106	3.2474	0	-7.3438	3	-1	1	0	0	0	0
7	160.85	-0.30162	-7.5284	-0.30162	-7.5284	0	1	105	-3.1058	4.2473	-1	-12.106	3.2474	0	-7.3438	3	-1	1	0	0	0	0
7	177.47	-0.30162	-7.5284	-0.30162	-7.5284	0	1	105	-3.1058	4.2473	-1	-12.106	3.2474	0	-7.3438	3	-1	1	0	0	0	0
7	194.05	-0.30162	-7.5284	-0.30162	-7.5284	0	1	105	-3.1058	4.2473	-1	-12.106	3.2474	0	-7.3438	3	-1	1	0	0	0	0
7	210.67	-0.30162	-7.5284	-0.30162	-7.5284	0	1	105	-3.1058	4.2473	-1	-12.106	3.2474	0	-7.3438	3	-1	1	0	0	0	0
7	227.28	-0.28151	-7.5284	-0.28151	-7.5284	0	1	105	-3.1058	4.2473	-1	-12.106	3.2474	0	-7.3438	3	-1	1	0	0	0	0
7	243.85	-0.2614	-7.5606	-0.2614	-7.5606	0	1	105	-3.1058	4.2473	-1	-12.106	3.2474	0	-7.3438	3	-1	1	0	0	0	0
7	260.44	-0.2614	-7.5606	-0.2614	-7.5606	0	1	105	-3.1058	4.2473	-1	-12.106	3.2474	0	-7.3438	3	-1	1	0	0	0	0
7	277.05	-0.2614	-7.5606	-0.2614	-7.5606	0	1	105	-3.1058	4.2473	-1	-12.106	3.2474	0	-7.3438	3	-1	1	1	0	0	0
7	293.61	-0.24129	-7.5606	-0.24129	-7.5606	0	1	105	-3.1058	4.2473	-1	-12.106	3.2474	0	-7.3438	3	-1	1	1	0	0	0
7	310.18	-0.24129	-7.5606	-0.24129	-7.5606	0	1	105	-3.1058	4.2473	-1	-12.106	3.2474	0	-7.3438	3	-1	1	1	0	0	0
7	326.81	-0.2614	-7.5284	-0.2614	-7.5284	0	1	105	-3.1058	4.2473	-1	-12.106	3.2474	0	-7.3438	3	-1	1	1	0	0	0
7	343.43	-0.28151	-7.4962	-0.28151	-7.4962	0	1	105	-3.1058	4.2473	-1	-12.106	3.2474	0	-7.3438	3	-1	1	1	0	0	0
7	360.03	-0.38205	-7.3354	-0.38205	-7.3354	0	1	105	-3.1058	4.2473	-1	-12.106	3.2474	0	-7.3438	3	-1	1	1	0	0	0
7	376.63	-0.46248	-7.2388	-0.46248	-7.2388	0	1	105	-3.1058	4.2473	-1	-12.106	3.2474	0	-7.3438	3	-1	1	1	0	0	0
7	393.15	-0.64345	-6.9815	-0.64345	-6.9815	0	1	105	-3.1058	4.2473	-1	-12.106	3.2474	0	-7.3438	3	-1	1	1	0	0	0
7	409.73	-0.7641	-6.8206	-0.7641	-6.8206	0	1	105	-3.1058	4.2473	-1	-12.106	3.2474	0	-7.3438	3	-1	1	1	0	0	0
7	426.38	-1.0054	-6.4024	-1.0054	-6.4024	0	1	105	-3.1058	4.2473	-1	-12.106	3.2474	0	-7.3438	3	-1	1	1	0	0	0
7	442.94	-1.1663	-6.2093	-1.1663	-6.2093	0	1	105	-3.1058	4.2473	-1	-12.106	3.2474	0	-7.3438	3	-1	1	1	0	0	0
7	459.57	-1.4679	-5.6946	-1.4679	-5.6946	0	1	105	-3.1058	4.2473	-1	-12.106	3.2474	0	-7.3438	3	-1	1	1	0	0	0
7	476.17	-1.8097	-5.1476	-1.8097	-5.1476	0	2	105	-3.1058	4.2473	-1	-12.106	3.2474	0	-7.3438	3	-1	1	1	0	0	0
7	492.76	-2.1918	-4.5363	-2.1918	-4.5363	0	2	105	-3.1058	4.2473	-1	-12.106	3.2474	0	-7.3438	3	-1	1	1	0	0	0
7	509.3	-2.3727	-4.2146	-2.3727	-4.2146	0	2	105	-3.1058	4.2473	-1	-12.106	3.2474	0	-7.3438	3	-1	1	1	0	0	0
7	525.91	-2.7146	-3.539	-2.7146	-3.539	0	2	105	-3.1058	4.2473	-1	-12.106	3.2474	0	-7.3438	3	-1	1	1	0	0	0
7	542.53	-2.8754	-3.1529	-2.8754	-3.1529	0	2	105	-3.1058	4.2473	-1	-12.106	3.2474	0	-7.3438	3	-1	1	1	0	1	0
7	559.08	-3.1972	-2.4451	-3.1972	-2.4451	0	2	105	-3.1058	4.2473	-1	-12.106	3.2474	0	-7.3438	3	-1	1	1	0	0	0
7	575.75	-3.4787	-1.7051	-3.4787	-1.7051	0	2	105	-3.1058	4.2473	-1	-12.106	3.2474	0	-7.3438	3	-1	1	1	0	0	0
7	592.31	-3.7401	-1.0295	-3.7401	-1.0295	0	2	105	-3.1058	4.2473	-1	-12.106	3.2474	0	-7.3438	3	-1	1	1	0	0	0
7	608.92	-3.8406	-0.7078	-3.8406	-0.7078	0	2	105	-3.1058	4.2473	-1	-12.106	3.2474	0	-7.3438	3	-1	1	1	0	0	0
7	625.46	-4.0216	-0.096518	-4.0216	-0.096518	0	2	105	-3.1058	4.2473	-1	-12.106	3.2474	0	-7.3438	3	-1	1	1	0	0	0
7	642.04	-4.0819	0.22521	-4.0819	0.22521	0	2	105	-3.1058	4.2473	-1	-12.106	3.2474	0	-7.3438	3	-1	1	1	0	0	0
7	658.68	-4.2025	0.77214	-4.2025	0.77214	0	2	105	-3.1058	4.2473	-1	-12.106	3.2474	0	-7.3438	3	-1	1	1	0	0	0
7	675.32	-4.2629	1.2226	-4.2629	1.2226	0	2	105	-3.1058	4.2473	-1	-12.106	3.2474	0	-7.3438	3	-1	1	1	0	0	0
7	691.92	-4.3031	1.6408	-4.3031	1.6408	0	2	105	-3.1058	4.2473	-1	-12.106	3.2474	0	-7.3438	3	-1	1	1	0	0	0
7	708.51	-4.3232	1.8338	-4.3232	1.8338	0	2	105	-3.1058	4.2473	-1	-12.106	3.2474	0	-7.3438	3	-1	1	1	0	0	0
7	725.05	-4.3433	2.1234	-4.3433	2.1234	0	2	105	-3.1058	4.2473	-1	-12.106	3.2474	0	-7.3438	3	-1	1	1	0	0	0
7	741.64	-4.3433	2.2521	-4.3433	2.2521	0	2	105	-3.1058	4.2473	-1	-12.106	3.2474	0	-7.3438	3	-1	1	1	0	0	0
7	758.26	-4.3433	2.4773	-4.3433	2.4773	0	2	105	-3.1058	4.2473	-1	-12.106	3.2474	0	-7.3438	3	-1	1	1	0	0	0
7	774.84	-4.3433	2.606	-4.3433	2.606	0	2	105	-3.1058	4.2473	-1	-12.106	3.2474	0	-7.3438	3	-1	1	1	0	0	0
7	791.47	-4.3433	2.7025	-4.3433	2.7025	0	2	105	-3.1058	4.2473	-1	-12.106	3.2474	0	-7.3438	3	-1	1	1	0	0	0
7	808.06	-4.3433	2.7347	-4.3433	2.7347	0	2	105	-3.1058	4.2473	-1	-12.106	3.2474	0	-7.3438	3	-1	1	1	0	0	0
7	824.66	-4.3232	2.7668	-4.3232	2.7668	0	2	105	-3.1058	4.2473	-1	-12.106	3.2474	0	-7.3438	3	-1	1	1	0	0	0
7	841.2	-4.3232	2.7668	-4.3232	2.7668	0	2	105	-3.1058	4.2473	-1	-12.106	3.2474	0	-7.3438	3	-1	1	1	0	0	0
7	857.79	-4.3232	2.7668	-4.3232	2.7668	0	2	105	-3.1058	4.2473	-1	-12.106	3.2474	0	-7.3438	3	-1	1	1	0	0	0
7	874.4	-4.3232	2.7668	-4.3232	2.7668	0	3	105	-3.1058	4.2473	-1	-12.106	3.2474	0	-7.3438	3	-1	1	0	0	0	0
8	30.657	0.32173	-7.078	0.32173	-7.078	0	1	75	3.1058	4.2473	-1	-5.8942	3.2474	0	-7.3438	3	-1	1	1	0	0	0
8	47.227	0.36194	-7.2067	0.36194	-7.2067	0	1	75	3.1058	4.2473	-1	-5.8942	3.2474	0	-7.3438	3	-1	1	1	0	0	0
8	63.876	0.38205	-7.3675	0.38205	-7.3675	0	1	75	3.1058	4.2473	-1	-5.8942	3.2474	0	-7.3438	3	-1	1	1	0	0	0
8	80.453	0.38205	-7.3675	0.38205	-7.3675	0	1	75	3.1058	4.2473	-1	-5.8942	3.2474	0	-7.3438	3	-1	1	1	0	0	0
8	97.06	0.40216	-7.464	0.40216	-7.464	0	1	75	3.1058	4.2473	-1	-5.8942	3.2474	0	-7.3438	3	-1	1	1	0	0	0
8	113.65	0.40216	-7.464	0.40216	-7.464	0	1	75	3.1058	4.2473	-1	-5.8942	3.2474	0	-7.3438	3	-1	1	1	0	0	0
8	130.25	0.40216	-7.4962	0.40216	-7.4962	0	1	75	3.1058	4.2473	-1	-5.8942	3.2474	0	-7.3438	3	-1	1	1	0	0	0
8	146.83	0.40216	-7.4962	0.40216	-7.4962	0	1	75	3.1058	4.2473	-1	-5.8942	3.2474	0	-7.3438	3	-1	1	1	0	0	0
8	163.42	0.40216	-7.4962	0.40216	-7.4962	0	1	75	3.1058	4.2473	-1	-5.8942	3.2474	0	-7.3438	3	-1	1	1	0	0	0
8	180.05	0.40216	-7.4962	0.40216	-7.4962	0	1	75	3.1058	4.2473	-1	-5.8942	3.2474	0	-7.3438	3	-1	1	1	0	0	0
8	196.57	0.40216	-7.4962	0.40216	-7.4962	0	1	75	3.1058	4.2473	-1	-5.8942	3.2474	0	-7.3438	3	-1	1	1	0	0	0
8	213.29	0.40216	-7.4962	0.40216	-7.4962	0	1	75	3.1058	4.2473	-1	-5.8942	3.2474	0	-7.3438	3	-1	1	1	0	0	0
8	229.87	0.38205	-7.4962	0.38205	-7.4962	0	1	75	3.1058	4.2473	-1	-5.8942	3.2474	0	-7.3438	3	-1	1	1	0	0	0
8	246.57	0.38205	-7.4962	0.38205	-7.4962	0	1	75	3.1058	4.2473	-1	-5.8942	3.2474	0	-7.3438	3	-1	1	1	0	0	0
8	263.14	0.38205	-7.4962	0.38205	-7.4962	0	1	75	3.1058	4.2473	-1	-5.8942	3.2474	0	-7.3438	3	-1	1	1	0	0	0
8	279.73	0.38205	-7.4962	0.38205	-7.4962	0	1	75	3.1058	4.2473	-1	-5.8942	3.2474	0	-7.3438	3	-1	1	1	0	0	0
8	296.32	0.38205	-7.4962	0.38205	-7.4962	0	1	75	3.1058	4.2473	-1	-5.8942	3.2474	0	-7.3438	3	-1	1	1	0	0	0
8	312.91	0.38205	-7.464	0.38205	-7.464	0	1	75	3.1058	4.2473	-1	-5.8942	3.2474	0	-7.3438	3	-1	1	1	0	0	0
8	329.54	0.38205	-7.464	0.38205	-7.464	0	1	75	3.1058	4.2473	-1	-5.8942	3.2474	0	-7.3438	3	-1	1	1	0	0	0
8	346.12	0.40216	-7.3997	0.40216	-7.3997	0	1	75	3.1058	4.2473	-1	-5.8942	3.2474	0	-7.3438	3	-1	1	1	0	0	0
8	362.72	0.44237	-7.2067	0.44237	-7.2067	0	1	75	3.1058	4.2473	-1	-5.8942	3.2474	0	-7.3438	3	-1	1	1	0	0	0
8	379.25	0.48259	-7.078	0.48259	-7.078	0	1	75	3.1058	4.2473	-1	-5.8942	3.2474	0	-7.3438	3	-1	1	1	0	0	0
8	395.86	0.58313	-6.7562	0.58313	-6.7562	0	1	75	3.1058	4.2473	-1	-5.8942	3.2474	0	-7.3438	3	-1	1	1	0	0	0
8	412.48	0.64345	-6.5632	0.64345	-6.5632	0	1	75	3.1058	4.2473	-1	-5.8942	3.2474	0	-7.3438	3	-1	1	1	0	0	0
8	429.05	0.80432	-6.145	0.80432	-6.145	0	1	75	3.1058	4.2473	-1	-5.8942	3.2474	0	-7.3438	3	-1	1	1	0	0	0
8	445.69	0.98529	-5.6946	0.98529	-5.6946	0	1	75	3.1058	4.2473	-1	-5.8942	3.2474	0	-7.3438	3	-1	1	1	0	0	0
8	462.29	1.2065	-5.1798	1.2065	-5.1798	0	1	75	3.1058	4.2473	-1	-5.8942	3.2474	0	-7.3438	3	-1	1	1	0	0	0
8	478.87	1.3472	-4.8902	1.3472	-4.8902	0	2	75	3.1058	4.2473	-1	-5.8942	3.2474	0	-7.3438	3	-1	1	1	0	0	0
8	495.43	1.6086	-4.3433	1.6086	-4.3433	0	2	75	3.1058	4.2473	-1	-5.8942	3.2474	0	-7.3438	3	-1	1	1	0	0	0
8	512.05	1.7695	-4.0537	1.7695	-4.0537	0	2	75	3.1058	4.2473	-1	-5.8942	3.2474	0	-7.3438	3	-1	1	1	0	0	0
8	528.62	2.0912	-3.4746	2.0912	-3.4746	0	2	75	3.1058	4.2473	-1	-5.8942	3.2474	0	-7.3438	3	-1	1	1	0	0	0
8	545.27	2.4129	-2.8634	2.4129	-2.8634	0	2	75	3.1058	4.2473	-1	-5.8942	3.2474	0	-7.3438	3	-1	1	1	0	1	0
8	561.83	2.7749	-2.2521	2.7749	-2.2521	0	2	75	3.1058	4.2473	-1	-5.8942	3.2474	0	-7.3438	3	-1	1	1	0	0	0
8	578.42	2.9358	-1.9625	2.9358	-1.9625	0	2	75	3.1058	4.2473	-1	-5.8942	3.2474	0	-7.3438	3	-1	1	1	0	0	0
8	595.03	3.2776	-1.4156	3.2776	-1.4156	0	2	75	3.1058	4.2473	-1	-5.8942	3.2474	0	-7.3438	3	-1	1	1	0	0	0
8	611.6	3.4384	-1.126	3.4384	-1.126	0	2	75	3.1058	4.2473	-1	-5.8942	3.2474	0	-7.3438	3	-1	1	1	0	0	0
8	628.23	3.7602	-0.61128	3.7602	-0.61128	0	2	75	3.1058	4.2473	-1	-5.8942	3.2474	0	-7.3438	3	-1	1	1	0	0	0
8	644.77	4.0819	-0.096518	4.0819	-0.096518	0	2	75	3.1058	4.2473	-1	-5.8942	3.2474	0	-7.3438	3	-1	1	1	0	0	0
8	661.39	4.3835	0.3539	4.3835	0.3539	0	2	75	3.1058	4.2473	-1	-5.8942	3.2474	0	-7.3438	3	-1	1	1	0	0	0
8	677.96	4.5042	0.57911	4.5042	0.57911	0	2	75	3.1058	4.2473	-1	-5.8942	3.2474	0	-7.3438	3	-1	1	1	0	0	0
8	694.57	4.7455	0.96518	4.7455	0.96518	0	2	75	3.1058	4.2473	-1	-5.8942	3.2474	0	-7.3438	3	-1	1	1	0	0	0
8	711.11	4.846	1.126	4.846	1.126	0	2	75	3.1058	4.2473	-1	-5.8942	3.2474	0	-7.3438	3	-1	1	1	0	0	0
8	727.8	5.027	1.4478	5.027	1.4478	0	2	75	3.1058	4.2473	-1	-5.8942	3.2474	0	-7.3438	3	-1	1	1	0	0	0
8	744.39	5.1677	1.7373	5.1677	1.7373	0	2	75	3.1058	4.2473	-1	-5.8942	3.2474	0	-7.3438	3	-1	1	1	0	0	0
8	760.98	5.2281	1.8338	5.2281	1.8338	0	2	75	3.1058	4.2473	-1	-5.8942	3.2474	0	-7.3438	3	-1	1	1	0	0	0
8	777.61	5.3085	2.0269	5.3085	2.0269	0	2	75	3.1058	4.2473	-1	-5.8942	3.2474	0	-7.3438	3	-1	1	1	0	0	0
8	794.22	5.3688	2.1877	5.3688	2.1877	0	2	75	3.1058	4.2473	-1	-5.8942	3.2474	0	-7.3438	3	-1	1	1	0	0	0
8	810.8	5.409	2.2521	5.409	2.2521	0	2	75	3.1058	4.2473	-1	-5.8942	3.2474	0	-7.3438	3	-1	1	1	0	0	0
8	827.37	5.4291	2.3808	5.4291	2.3808	0	2	75	3.1058	4.2473	-1	-5.8942	3.2474	0	-7.3438	3	-1	1	1	0	0	0
8	843.92	5.4492	2.4773	5.4492	2.4773	0	2	75	3.1058	4.2473	-1	-5.8942	3.2474	0	-7.3438	3	-1	1	0	0	0	0
8	860.53	5.4693	2.5095	5.4693	2.5095	0	2	75	3.1058	4.2473	-1	-5.8942	3.2474	0	-7.3438	3	-1	1	0	0	0	0
8	877.16	5.4693	2.5738	5.4693	2.5738	0	2	75	3.1058	4.2473	-1	-5.8942	3.2474	0	-7.3438	3	-1	1	0	0	0	0
8	893.75	5.4895	2.6382	5.4895	2.6382	0	2	75	3.1058	4.2473	-1	-5.8942	3.2474	0	-7.3438	3	-1	1	0	0	0	0
8	910.35	5.4895	2.6703	5.4895	2.6703	0	3	75	3.1058	4.2473	-1	-5.8942	3.2474	0	-7.3438	3	-1	1	0	0	0	0
9	30.737	-0.5027	-7.0458	-0.5027	-7.0458	0	1	75	3.1058	4.2473	-1	-5.8942	3.2474	0	-7.3438	3	-1	1	0	0	0	0
9	47.277	-0.60324	-7.1423	-0.60324	-7.1423	0	1	75	3.1058	4.2473	-1	-5.8942	3.2474	0	-7.3438	3	-1	1	0	0	0	0
9	63.899	-0.62334	-7.1745	-0.62334	-7.1745	0	1	75	3.1058	4.2473	-1	-5.8942	3.2474	0	-7.3438	3	-1	1	0	0	0	0
9	80.465	-0.60324	-7.1745	-0.60324	-7.1745	0	1	75	3.1058	4.2473	-1	-5.8942	3.2474	0	-7.3438	3	-1	1	0	0	0	0
9	97.075	-0.60324	-7.1745	-0.60324	-7.1745	0	1	75	3.1058	4.2473	-1	-5.8942	3.2474	0	-7.3438	3	-1	1	0	0	0	0
9	113.72	-0.60324	-7.1745	-0.60324	-7.1745	0	1	75	3.1058	4.2473	-1	-5.8942	3.2474	0	-7.3438	3	-1	1	0	0	0	0
9	130.39	-0.60324	-7.1745	-0.60324	-7.1745	0	1	75	3.1058	4.2473	-1	-5.8942	3.2474	0	-7.3438	3	-1	1	0	0	0	0
9	146.82	-0.60324	-7.2067	-0.60324	-7.2067	0	1	75	3.1058	4.2473	-1	-5.8942	3.2474	0	-7.3438	3	-1	1	0	0	0	0
9	163.45	-0.58313	-7.2067	-0.58313	-7.2067	0	1	75	3.1058	4.2473	-1	-5.8942	3.2474	0	-7.3438	3	-1	1	0	0	0	0
9	180.06	-0.58313	-7.2067	-0.58313	-7.2067	0	1	75	3.1058	4.2473	-1	-5.8942	3.2474	0	-7.3438	3	-1	1	0	0	0	0
9	196.63	-0.58313	-7.2067	-0.58313	-7.2067	0	1	75	3.1058	4.2473	-1	-5.8942	3.2474	0	-7.3438	3	-1	1	0	0	0	0
9	213.21	-0.58313	-7.2067	-0.58313	-7.2067	0	1	75	3.1058	4.2473	-1	-5.8942	3.2474	0	-7.3438	3	-1	1	0	0	0	0
9	229.85	-0.58313	-7.2067	-0.58313	-7.2067	0	1	75	3.1058	4.2473	-1	-5.8942	3.2474	0	-7.3438	3	-1	1	0	0	0	0
9	246.41	-0.58313	-7.2067	-0.58313	-7.2067	0	1	75	3.1058	4.2473	-1	-5.8942	3.2474	0	-7.3438	3	-1	1	0	0	0	0
9	263.03	-0.60324	-7.1745	-0.60324	-7.1745	0	1	75	3.1058	4.2473	-1	-5.8942	3.2474	0	-7.3438	3	-1	1	1	0	0	0
9	279.6	-0.60324	-7.1423	-0.60324	-7.1423	0	1	75	3.1058	4.2473	-1	-5.8942	3.2474	0	-7.3438	3	-1	1	1	0	0	0
9	296.22	-0.62334	-7.0136	-0.62334	-7.0136	0	1	75	3.1058	4.2473	-1	-5.8942	3.2474	0	-7.3438	3	-1	1	1	0	0	0
9	312.76	-0.62334	-6.9171	-0.62334	-6.9171	0	1	75	3.1058	4.2473	-1	-5.8942	3.2474	0	-7.3438	3	-1	1	1	0	0	0
9	329.37	-0.60324	-6.6597	-0.60324	-6.6597	0	1	75	3.1058	4.2473	-1	-5.8942	3.2474	0	-7.3438	3	-1	1	1	0	0	0
9	345.99	-0.54291	-6.3702	-0.54291	-6.3702	0	1	75	3.1058	4.2473	-1	-5.8942	3.2474	0	-7.3438	3	-1	1	1	0	0	0
9	362.6	-0.5027	-6.1771	-0.5027	-6.1771	0	1	75	3.1058	4.2473	-1	-5.8942	3.2474	0	-7.3438	3	-1	1	1	0	0	0
9	379.22	-0.38205	-5.7911	-0.38205	-5.7911	0	1	75	3.1058	4.2473	-1	-5.8942	3.2474	0	-7.3438	3	-1	1	1	0	0	0
9	395.8	-0.20108	-5.3407	-0.20108	-5.3407	0	1	75	3.1058	4.2473	-1	-5.8942	3.2474	0	-7.3438	3	-1	1	1	0	0	0
9	412.36	-0.12065	-5.0833	-0.12065	-5.0833	0	2	75	3.1058	4.2473	-1	-5.8942	3.2474	0	-7.3438	3	-1	1	1	0	0	0
9	428.86	0.12065	-4.5685	0.12065	-4.5685	0	2	75	3.1058	4.2473	-1	-5.8942	3.2474	0	-7.3438	3	-1	1	1	0	0	0
9	445.49	0.40216	-4.0537	0.40216	-4.0537	0	2	75	3.1058	4.2473	-1	-5.8942	3.2474	0	-7.3438	3	-1	1	1	0	0	0
9	462.1	0.54291	-3.7642	0.54291	-3.7642	0	2	75	3.1058	4.2473	-1	-5.8942	3.2474	0	-7.3438	3	-1	1	1	0	0	0
9	478.74	0.88475	-3.2173	0.88475	-3.2173	0	2	75	3.1058	4.2473	-1	-5.8942	3.2474	0	-7.3438	3	-1	1	1	0	0	0
9	495.5	1.2266	-2.6703	1.2266	-2.6703	0	2	75	3.1058	4.2473	-1	-5.8942	3.2474	0	-7.3438	3	-1	1	1	0	1	0
9	511.96	1.4277	-2.3808	1.4277	-2.3808	0	2	75	3.1058	4.2473	-1	-5.8942	3.2474	0	-7.3438	3	-1	1	1	0	0	0
9	528.49	1.7896	-1.866	1.7896	-1.866	0	2	75	3.1058	4.2473	-1	-5.8942	3.2474	0	-7.3438	3	-1	1	1	0	0	0
9	545.1	1.9907	-1.6086	1.9907	-1.6086	0	2	75	3.1058	4.2473	-1	-5.8942	3.2474	0	-7.3438	3	-1	1	1	0	0	0
9	561.71	2.3727	-1.0939	2.3727	-1.0939	0	2	75	3.1058	4.2473	-1	-5.8942	3.2474	0	-7.3438	3	-1	1	1	0	0	0
9	578.28	2.7548	-0.64345	2.7548	-0.64345	0	2	75	3.1058	4.2473	-1	-5.8942	3.2474	0	-7.3438	3	-1	1	1	0	0	0
9	594.89	3.1368	-0.19304	3.1368	-0.19304	0	2	75	3.1058	4.2473	-1	-5.8942	3.2474	0	-7.3438	3	-1	1	1	0	0	0
9	611.52	3.3178	0.032173	3.3178	0.032173	0	2	75	3.1058	4.2473	-1	-5.8942	3.2474	0	-7.3438	3	-1	1	1	0	0	0
9	628.05	3.6596	0.41824	3.6596	0.41824	0	2	75	3.1058	4.2473	-1	-5.8942	3.2474	0	-7.3438	3	-1	1	1	0	0	0
9	644.67	3.8205	0.61128	3.8205	0.61128	0	2	75	3.1058	4.2473	-1	-5.8942	3.2474	0	-7.3438	3	-1	1	1	0	0	0
9	661.23	4.102	0.96518	4.102	0.96518	0	2	75	3.1058	4.2473	-1	-5.8942	3.2474	0	-7.3438	3	-1	1	1	0	0	0
9	677.81	4.3634	1.2869	4.3634	1.2869	0	2	75	3.1058	4.2473	-1	-5.8942	3.2474	0	-7.3438	3	-1	1	1	0	0	0
9	694.4	4.464	1.4156	4.464	1.4156	0	2	75	3.1058	4.2473	-1	-5.8942	3.2474	0	-7.3438	3	-1	1	1	0	0	0
9	711.08	4.665	1.673	4.665	1.673	0	2	75	3.1058	4.2473	-1	-5.8942	3.2474	0	-7.3438	3	-1	1	1	0	0	0
9	727.66	4.8259	1.866	4.8259	1.866	0	2	75	3.1058	4.2473	-1	-5.8942	3.2474	0	-7.3438	3	-1	1	1	0	0	0
9	744.2	4.8862	1.9625	4.8862	1.9625	0	2	75	3.1058	4.2473	-1	-5.8942	3.2474	0	-7.3438	3	-1	1	1	0	0	0
9	760.8	4.9868	2.1234	4.9868	2.1234	0	2	75	3.1058	4.2473	-1	-5.8942	3.2474	0	-7.3438	3	-1	1	1	0	0	0
9	777.39	5.0471	2.2199	5.0471	2.2199	0	2	75	3.1058	4.2473	-1	-5.8942	3.2474	0	-7.3438	3	-1	1	0	0	0	0
9	794.02	5.0672	2.2521	5.0672	2.2521	0	2	75	3.1058	4.2473	-1	-5.8942	3.2474	0	-7.3438	3	-1	1	0	0	0	0
9	810.6	5.1074	2.3164	5.1074	2.3164	0	2	75	3.1058	4.2473	-1	-5.8942	3.2474	0	-7.3438	3	-1	1	0	0	0	0
9	827.23	5.1074	2.3808	5.1074	2.3808	0	2	75	3.1058	4.2473	-1	-5.8942	3.2474	0	-7.3438	3	-1	1	0	0	0	0
9	843.82	5.1275	2.3808	5.1275	2.3808	0	2	75	3.1058	4.2473	-1	-5.8942	3.2474	0	-7.3438	3	-1	1	0	0	0	0
9	860.4	5.1275	2.4451	5.1275	2.4451	0	2	75	3.1058	4.2473	-1	-5.8942	3.2474	0	-7.3438	3	-1	1	0	0	0	0
9	876.94	5.1476	2.4773	5.1476	2.4773	0	3	75	3.1058	4.2473	-1	-5.8942	3.2474	0	-7.3438	3	-1	1	0	0	0	0
10	30.74	-0.10054	-6.9493	-0.10054	-6.9493	0	1	90	0	4.6562	-1	-9	3.6562	0	-7.3438	3	-1	1	1	0	0	0
10	47.31	-0.14076	-7.1423	-0.14076	-7.1423	0	1	90	0	4.6562	-1	-9	3.6562	0	-7.3438	3	-1	1	1	0	0	0
10	63.945	-0.18097	-7.2388	-0.18097	-7.2388	0	1	90	0	4.6562	-1	-9	3.6562	0	-7.3438	3	-1	1	1	0	0	0
10	80.497	-0.22119	-7.4319	-0.22119	-7.4319	0	1	90	0	4.6562	-1	-9	3.6562	0	-7.3438	3	-1	1	1	0	0	0
10	97.092	-0.24129	-7.4962	-0.24129	-7.4962	0	1	90	0	4.6562	-1	-9	3.6562	0	-7.3438	3	-1	1	1	0	0	0
10	113.7	-0.24129	-7.5284	-0.24129	-7.5284	0	1	90	0	4.6562	-1	-9	3.6562	0	-7.3438	3	-1	1	1	0	0	0
10	130.28	-0.22119	-7.5284	-0.22119	-7.5284	0	1	90	0	4.6562	-1	-9	3.6562	0	-7.3438	3	-1	1	1	0	0	0
10	146.87	-0.22119	-7.5284	-0.22119	-7.5284	0	1	90	0	4.6562	-1	-9	3.6562	0	-7.3438	3	-1	1	1	0	0	0
10	163.46	-0.22119	-7.5284	-0.22119	-7.5284	0	1	90	0	4.6562	-1	-9	3.6562	0	-7.3438	3	-1	1	1	0	0	0
10	180.04	-0.22119	-7.5284	-0.22119	-7.5284	0	1	90	0	4.6562	-1	-9	3.6562	0	-7.3438	3	-1	1	1	0	0	0
10	196.63	-0.22119	-7.5284	-0.22119	-7.5284	0	1	90	0	4.6562	-1	-9	3.6562	0	-7.3438	3	-1	1	1	0	0	0
10	213.26	-0.22119	-7.5284	-0.22119	-7.5284	0	1	90	0	4.6562	-1	-9	3.6562	0	-7.3438	3	-1	1	1	0	0	0
10	229.87	-0.22119	-7.5284	-0.22119	-7.5284	0	1	90	0	4.6562	-1	-9	3.6562	0	-7.3438	3	-1	1	1	0	0	0
10	246.43	-0.22119	-7.5284	-0.22119	-7.5284	0	1	90	0	4.6562	-1	-9	3.6562	0	-7.3438	3	-1	1	1	0	0	0
10	263	-0.22119	-7.5284	-0.22119	-7.5284	0	1	90	0	4.6562	-1	-9	3.6562	0	-7.3438	3	-1	1	1	0	0	0
10	279.62	-0.22119	-7.5284	-0.22119	-7.5284	0	1	90	0	4.6562	-1	-9	3.6562	0	-7.3438	3	-1	1	1	0	0	0
10	296.26	-0.22119	-7.5284	-0.22119	-7.5284	0	1	90	0	4.6562	-1	-9	3.6562	0	-7.3438	3	-1	1	1	0	0	0
10	312.96	-0.22119	-7.5284	-0.22119	-7.5284	0	1	90	0	4.6562	-1	-9	3.6562	0	-7.3438	3	-1	1	1	0	0	0
10	329.4	-0.22119	-7.5284	-0.22119	-7.5284	0	1	90	0	4.6562	-1	-9	3.6562	0	-7.3438	3	-1	1	1	0	0	0
10	346.02	-0.2614	-7.464	-0.2614	-7.464	0	1	90	0	4.6562	-1	-9	3.6562	0	-7.3438	3	-1	1	1	0	0	0
10	362.57	-0.28151	-7.4319	-0.28151	-7.4319	0	1	90	0	4.6562	-1	-9	3.6562	0	-7.3438	3	-1	1	1	0	0	0
10	379.15	-0.32173	-7.3032	-0.32173	-7.3032	0	1	90	0	4.6562	-1	-9	3.6562	0	-7.3438	3	-1	1	1	0	0	0
10	395.75	-0.36194	-7.1423	-0.36194	-7.1423	0	1	90	0	4.6562	-1	-9	3.6562	0	-7.3438	3	-1	1	1	0	0	0
10	412.34	-0.38205	-7.0458	-0.38205	-7.0458	0	1	90	0	4.6562	-1	-9	3.6562	0	-7.3438	3	-1	1	1	0	0	0
10	429	-0.42227	-6.7884	-0.42227	-6.7884	0	1	90	0	4.6562	-1	-9	3.6562	0	-7.3438	3	-1	1	1	0	0	0
10	445.55	-0.42227	-6.4667	-0.42227	-6.4667	0	1	90	0	4.6562	-1	-9	3.6562	0	-7.3438	3	-1	1	1	0	0	0
10	462.15	-0.44237	-6.2737	-0.44237	-6.2737	0	1	90	0	4.6562	-1	-9	3.6562	0	-7.3438	3	-1	1	1	0	0	0
10	478.74	-0.46248	-5.9198	-0.46248	-5.9198	0	1	90	0	4.6562	-1	-9	3.6562	0	-7.3438	3	-1	1	1	0	0	0
10	495.33	-0.48259	-5.5015	-0.48259	-5.5015	0	1	90	0	4.6562	-1	-9	3.6562	0	-7.3438	3	-1	1	1	0	0	0
10	511.92	-0.48259	-5.2763	-0.48259	-5.2763	0	1	90	0	4.6562	-1	-9	3.6562	0	-7.3438	3	-1	1	1	0	0	0
10	528.53	-0.5027	-4.8259	-0.5027	-4.8259	0	2	90	0	4.6562	-1	-9	3.6562	0	-7.3438	3	-1	1	1	0	0	0
10	545.12	-0.52281	-4.3433	-0.52281	-4.3433	0	2	90	0	4.6562	-1	-9	3.6562	0	-7.3438	3	-1	1	1	0	0	0
10	561.76	-0.52281	-4.0859	-0.52281	-4.0859	0	2	90	0	4.6562	-1	-9	3.6562	0	-7.3438	3	-1	1	1	0	0	0
10	578.3	-0.52281	-3.6033	-0.52281	-3.6033	0	2	90	0	4.6562	-1	-9	3.6562	0	-7.3438	3	-1	1	1	0	0	0
10	594.85	-0.52281	-3.346	-0.52281	-3.346	0	2	90	0	4.6562	-1	-9	3.6562	0	-7.3438	3	-1	1	1	0	0	0
10	611.5	-0.54291	-2.8312	-0.54291	-2.8312	0	2	90	0	4.6562	-1	-9	3.6562	0	-7.3438	3	-1	1	1	0	1	0
10	628.14	-0.54291	-2.3486	-0.54291	-2.3486	0	2	90	0	4.6562	-1	-9	3.6562	0	-7.3438	3	-1	1	1	0	0	0
10	644.73	-0.54291	-2.0912	-0.54291	-2.0912	0	2	90	0	4.6562	-1	-9	3.6562	0	-7.3438	3	-1	1	1	0	0	0
10	661.3	-0.54291	-1.5765	-0.54291	-1.5765	0	2	90	0	4.6562	-1	-9	3.6562	0	-7.3438	3	-1	1	1	0	0	0
10	677.9	-0.5027	-1.0939	-0.5027	-1.0939	0	2	90	0	4.6562	-1	-9	3.6562	0	-7.3438	3	-1	1	1	0	0	0
10	694.49	-0.48259	-0.86866	-0.48259	-0.86866	0	2	90	0	4.6562	-1	-9	3.6562	0	-7.3438	3	-1	1	1	0	0	0
10	711.01	-0.44237	-0.38607	-0.44237	-0.38607	0	2	90	0	4.6562	-1	-9	3.6562	0	-7.3438	3	-1	1	1	0	0	0
10	727.66	-0.36194	0.032173	-0.36194	0.032173	0	2	90	0	4.6562	-1	-9	3.6562	0	-7.3438	3	-1	1	1	0	0	0
10	744.26	-0.34183	0.25738	-0.34183	0.25738	0	2	90	0	4.6562	-1	-9	3.6562	0	-7.3438	3	-1	1	1	0	0	0
10	760.83	-0.2614	0.67563	-0.2614	0.67562	0	2	90	0	4.6562	-1	-9	3.6562	0	-7.3438	3	-1	1	1	0	0	0
10	777.44	-0.16086	1.0617	-0.16086	1.0617	0	2	90	0	4.6562	-1	-9	3.6562	0	-7.3438	3	-1	1	1	0	0	0
10	794.05	-0.12065	1.2226	-0.12065	1.2226	0	2	90	0	4.6562	-1	-9	3.6562	0	-7.3438	3	-1	1	1	0	0	0
10	810.64	-0.020108	1.5765	-0.020108	1.5765	0	2	90	0	4.6562	-1	-9	3.6562	0	-7.3438	3	-1	1	1	0	0	0
10	827.22	0.10054	1.8982	0.10054	1.8982	0	2	90	0	4.6562	-1	-9	3.6562	0	-7.3438	3	-1	1	1	0	0	0
10	843.83	0.14076	2.0269	0.14076	2.0269	0	2	90	0	4.6562	-1	-9	3.6562	0	-7.3438	3	-1	1	1	0	0	0
10	860.39	0.2614	2.2843	0.2614	2.2843	0	2	90	0	4.6562	-1	-9	3.6562	0	-7.3438	3	-1	1	1	0	0	0
10	876.98	0.36194	2.5095	0.36194	2.5095	0	2	90	0	4.6562	-1	-9	3.6562	0	-7.3438	3	-1	1	1	0	0	0
10	893.64	0.42227	2.606	0.42227	2.606	0	2	90	0	4.6562	-1	-9	3.6562	0	-7.3438	3	-1	1	1	0	0	0
10	910.19	0.52281	2.7668	0.52281	2.7668	0	2	90	0	4.6562	-1	-9	3.6562	0	-7.3438	3	-1	1	1	0	0	0
10	926.76	0.60324	2.8955	0.60324	2.8955	0	2	90	0	4.6562	-1	-9	3.6562	0	-7.3438	3	-1	1	1	0	0	0
10	943.36	0.62334	2.9599	0.62334	2.9599	0	2	90	0	4.6562	-1	-9	3.6562	0	-7.3438	3	-1	1	1	0	0	0
10	959.93	0.66356	3.0242	0.66356	3.0242	0	2	90	0	4.6562	-1	-9	3.6562	0	-7.3438	3	-1	1	0	0	0	0
10	976.57	0.68367	3.0564	0.68367	3.0564	0	2	90	0	4.6562	-1	-9	3.6562	0	-7.3438	3	-1	1	0	0	0	0
10	993.2	0.70378	3.1207	0.70378	3.1207	0	2	90	0	4.6562	-1	-9	3.6562	0	-7.3438	3	-1	1	0	0	0	0
10	1009.8	0.72388	3.1207	0.72388	3.1207	0	2	90	0	4.6562	-1	-9	3.6562	0	-7.3438	3	-1	1	0	0	0	0
10	1026.4	0.72388	3.1529	0.72388	3.1529	0	3	90	0	4.6562	-1	-9	3.6562	0	-7.3438	3	-1	1	0	0	0	0
11	30.783	-0.40216	-7.1101	-0.40216	-7.1101	0	1	105	-3.1058	4.2473	-1	-12.106	3.2474	0	-7.3438	3	-1	1	0	0	0	0
11	47.326	-0.42227	-7.3032	-0.42227	-7.3032	0	1	105	-3.1058	4.2473	-1	-12.106	3.2474	0	-7.3438	3	-1	1	1	0	0	0
11	63.968	-0.42227	-7.3675	-0.42227	-7.3675	0	1	105	-3.1058	4.2473	-1	-12.106	3.2474	0	-7.3438	3	-1	1	1	0	0	0
11	80.586	-0.38205	-7.4319	-0.38205	-7.4319	0	1	105	-3.1058	4.2473	-1	-12.106	3.2474	0	-7.3438	3	-1	1	1	0	0	0
11	97.325	-0.32173	-7.4962	-0.32173	-7.4962	0	1	105	-3.1058	4.2473	-1	-12.106	3.2474	0	-7.3438	3	-1	1	1	0	0	0
11	113.75	-0.28151	-7.5284	-0.28151	-7.5284	0	1	105	-3.1058	4.2473	-1	-12.106	3.2474	0	-7.3438	3	-1	1	1	0	0	0
11	130.34	-0.2614	-7.5284	-0.2614	-7.5284	0	1	105	-3.1058	4.2473	-1	-12.106	3.2474	0	-7.3438	3	-1	1	1	0	0	0
11	146.9	-0.22119	-7.5606	-0.22119	-7.5606	0	1	105	-3.1058	4.2473	-1	-12.106	3.2474	0	-7.3438	3	-1	1	1	0	0	0
11	163.53	-0.22119	-7.5606	-0.22119	-7.5606	0	1	105	-3.1058	4.2473	-1	-12.106	3.2474	0	-7.3438	3	-1	1	1	0	0	0
11	180.12	-0.20108	-7.5606	-0.20108	-7.5606	0	1	105	-3.1058	4.2473	-1	-12.106	3.2474	0	-7.3438	3	-1	1	1	0	0	0
11	196.72	-0.20108	-7.5606	-0.20108	-7.5606	0	1	105	-3.1058	4.2473	-1	-12.106	3.2474	0	-7.3438	3	-1	1	1	0	0	0
11	213.34	-0.20108	-7.5606	-0.20108	-7.5606	0	1	105	-3.1058	4.2473	-1	-12.106	3.2474	0	-7.3438	3	-1	1	1	0	0	0
11	229.95	-0.20108	-7.5606	-0.20108	-7.5606	0	1	105	-3.1058	4.2473	-1	-12.106	3.2474	0	-7.3438	3	-1	1	1	0	0	0
11	246.52	-0.20108	-7.5606	-0.20108	-7.5606	0	1	105	-3.1058	4.2473	-1	-12.106	3.2474	0	-7.3438	3	-1	1	1	0	0	0
11	263.08	-0.22119	-7.5606	-0.22119	-7.5606	0	1	105	-3.1058	4.2473	-1	-12.106	3.2474	0	-7.3438	3	-1	1	1	0	0	0
11	279.64	-0.24129	-7.5284	-0.24129	-7.5284	0	1	105	-3.1058	4.2473	-1	-12.106	3.2474	0	-7.3438	3	-1	1	1	0	0	0
11	296.26	-0.28151	-7.464	-0.28151	-7.464	0	1	105	-3.1058	4.2473	-1	-12.106	3.2474	0	-7.3438	3	-1	1	1	0	0	0
11	312.87	-0.32173	-7.4319	-0.32173	-7.4319	0	1	105	-3.1058	4.2473	-1	-12.106	3.2474	0	-7.3438	3	-1	1	1	0	0	0
11	329.49	-0.40216	-7.3354	-0.40216	-7.3354	0	1	105	-3.1058	4.2473	-1	-12.106	3.2474	0	-7.3438	3	-1	1	1	0	0	0
11	346.1	-0.5027	-7.1745	-0.5027	-7.1745	0	1	105	-3.1058	4.2473	-1	-12.106	3.2474	0	-7.3438	3	-1	1	1	0	0	0
11	362.68	-0.56302	-7.078	-0.56302	-7.078	0	1	105	-3.1058	4.2473	-1	-12.106	3.2474	0	-7.3438	3	-1	1	1	0	0	0
11	379.24	-0.70378	-6.8206	-0.70378	-6.8206	0	1	105	-3.1058	4.2473	-1	-12.106	3.2474	0	-7.3438	3	-1	1	1	0	0	0
11	395.81	-0.86464	-6.4989	-0.86464	-6.4989	0	1	105	-3.1058	4.2473	-1	-12.106	3.2474	0	-7.3438	3	-1	1	1	0	0	0
11	412.45	-0.96518	-6.3058	-0.96518	-6.3058	0	1	105	-3.1058	4.2473	-1	-12.106	3.2474	0	-7.3438	3	-1	1	1	0	0	0
11	429.05	-1.1864	-5.8876	-1.1864	-5.8876	0	1	105	-3.1058	4.2473	-1	-12.106	3.2474	0	-7.3438	3	-1	1	1	0	0	0
11	445.68	-1.4478	-5.405	-1.4478	-5.405	0	1	105	-3.1058	4.2473	-1	-12.106	3.2474	0	-7.3438	3	-1	1	1	0	0	0
11	462.24	-1.5885	-5.1476	-1.5885	-5.1476	0	2	105	-3.1058	4.2473	-1	-12.106	3.2474	0	-7.3438	3	-1	1	1	0	0	0
11	478.83	-1.8901	-4.5685	-1.8901	-4.5685	0	2	105	-3.1058	4.2473	-1	-12.106	3.2474	0	-7.3438	3	-1	1	1	0	0	0
11	495.4	-2.1918	-3.9572	-2.1918	-3.9572	0	2	105	-3.1058	4.2473	-1	-12.106	3.2474	0	-7.3438	3	-1	1	1	0	0	0
11	511.96	-2.3727	-3.6355	-2.3727	-3.6355	0	2	105	-3.1058	4.2473	-1	-12.106	3.2474	0	-7.3438	3	-1	1	1	0	0	0
11	528.59	-2.6945	-2.9921	-2.6945	-2.9921	0	2	105	-3.1058	4.2473	-1	-12.106	3.2474	0	-7.3438	3	-1	1	1	0	0	0
11	545.18	-2.8553	-2.6703	-2.8553	-2.6703	0	2	105	-3.1058	4.2473	-1	-12.106	3.2474	0	-7.3438	3	-1	1	1	0	1	0
11	561.8	-3.177	-2.0269	-3.177	-2.0269	0	2	105	-3.1058	4.2473	-1	-12.106	3.2474	0	-7.3438	3	-1	1	1	0	0	0
11	578.41	-3.4988	-1.4156	-3.4988	-1.4156	0	2	105	-3.1058	4.2473	-1	-12.106	3.2474	0	-7.3438	3	-1	1	1	0	0	0
11	594.95	-3.7803	-0.83649	-3.7803	-0.83649	0	2	105	-3.1058	4.2473	-1	-12.106	3.2474	0	-7.3438	3	-1	1	1	0	0	0
11	611.52	-3.921	-0.54693	-3.921	-0.54693	0	2	105	-3.1058	4.2473	-1	-12.106	3.2474	0	-7.3438	3	-1	1	1	0	0	0
11	628.14	-4.1422	-0.032173	-4.1422	-0.032173	0	2	105	-3.1058	4.2473	-1	-12.106	3.2474	0	-7.3438	3	-1	1	1	0	0	0
11	644.75	-4.2428	0.19304	-4.2428	0.19304	0	2	105	-3.1058	4.2473	-1	-12.106	3.2474	0	-7.3438	3	-1	1	1	0	0	0
11	661.39	-4.4438	0.64345	-4.4438	0.64345	0	2	105	-3.1058	4.2473	-1	-12.106	3.2474	0	-7.3438	3	-1	1	1	0	0	0
11	677.98	-4.5846	1.0617	-4.5846	1.0617	0	2	105	-3.1058	4.2473	-1	-12.106	3.2474	0	-7.3438	3	-1	1	1	0	0	0
11	694.57	-4.665	1.2226	-4.665	1.2226	0	2	105	-3.1058	4.2473	-1	-12.106	3.2474	0	-7.3438	3	-1	1	1	0	0	0
11	711.15	-4.7656	1.5443	-4.7656	1.5443	0	2	105	-3.1058	4.2473	-1	-12.106	3.2474	0	-7.3438	3	-1	1	1	0	0	0
11	727.69	-4.8661	1.8017	-4.8661	1.8017	0	2	105	-3.1058	4.2473	-1	-12.106	3.2474	0	-7.3438	3	-1	1	1	0	0	0
11	744.3	-4.9063	1.9304	-4.9063	1.9304	0	2	105	-3.1058	4.2473	-1	-12.106	3.2474	0	-7.3438	3	-1	1	1	0	0	0
11	760.86	-4.9666	2.1234	-4.9666	2.1234	0	2	105	-3.1058	4.2473	-1	-12.106	3.2474	0	-7.3438	3	-1	1	1	0	0	0
11	777.5	-5.027	2.2843	-5.027	2.2843	0	2	105	-3.1058	4.2473	-1	-12.106	3.2474	0	-7.3438	3	-1	1	1	0	0	0
11	794.11	-5.0471	2.3808	-5.0471	2.3808	0	2	105	-3.1058	4.2473	-1	-12.106	3.2474	0	-7.3438	3	-1	1	1	0	0	0
11	810.67	-5.1074	2.4773	-5.1074	2.4773	0	2	105	-3.1058	4.2473	-1	-12.106	3.2474	0	-7.3438	3	-1	1	1	0	0	0
11	827.31	-5.1476	2.606	-5.1476	2.606	0	2	105	-3.1058	4.2473	-1	-12.106	3.2474	0	-7.3438	3	-1	1	0	0	0	0
11	843.88	-5.1677	2.6382	-5.1677	2.6382	0	2	105	-3.1058	4.2473	-1	-12.106	3.2474	0	-7.3438	3	-1	1	0	0	0	0
11	860.44	-5.2079	2.7025	-5.2079	2.7025	0	2	105	-3.1058	4.2473	-1	-12.106	3.2474	0	-7.3438	3	-1	1	0	0	0	0
11	877.04	-5.2281	2.7347	-5.2281	2.7347	0	2	105	-3.1058	4.2473	-1	-12.106	3.2474	0	-7.3438	3	-1	1	0	0	0	0
11	893.7	-5.2482	2.7668	-5.2482	2.7668	0	3	105	-3.1058	4.2473	-1	-12.106	3.2474	0	-7.3438	3	-1	1	0	0	0	0
