0	10.912	0.14076	-7.4962	0.14076	-7.4962	0	1	75	3.1058	4.2473	1	12.106	3.2474	0	-7.3438	3	-1	1	0	0	0	0
0	27.584	0.14076	-7.4962	0.14076	-7.4962	0	1	75	3.1058	4.2473	1	12.106	3.2474	0	-7.3438	3	-1	1	0	0	0	0
0	44.107	0.14076	-7.4962	0.14076	-7.4962	0	1	75	3.1058	4.2473	1	12.106	3.2474	0	-7.3438	3	-1	1	0	0	0	0
0	60.774	0.14076	-7.4962	0.14076	-7.4962	0	1	75	3.1058	4.2473	1	12.106	3.2474	0	-7.3438	3	-1	1	0	0	0	0
0	77.33	0.14076	-7.4962	0.14076	-7.4962	0	1	75	3.1058	4.2473	1	12.106	3.2474	0	-7.3438	3	-1	1	0	0	0	0
0	93.917	0.14076	-7.4962	0.14076	-7.4962	0	1	75	3.1058	4.2473	1	12.106	3.2474	0	-7.3438	3	-1	1	0	0	0	0
0	110.5	0.14076	-7.4962	0.14076	-7.4962	0	1	75	3.1058	4.2473	1	12.106	3.2474	0	-7.3438	3	-1	1	0	0	0	0
0	127.08	0.14076	-7.4962	0.14076	-7.4962	0	1	75	3.1058	4.2473	1	12.106	3.2474	0	-7.3438	3	-1	1	0	0	0	0
0	143.66	0.14076	-7.4962	0.14076	-7.4962	0	1	75	3.1058	4.2473	1	12.106	3.2474	0	-7.3438	3	-1	1	0	0	0	0
0	160.27	0.12065	-7.4962	0.12065	-7.4962	0	1	75	3.1058	4.2473	1	12.106	3.2474	0	-7.3438	3	-1	1	0	0	0	0
0	176.87	0.12065	-7.4962	0.12065	-7.4962	0	1	75	3.1058	4.2473	1	12.106	3.2474	0	-7.3438	3	-1	1	0	0	0	0
0	193.6	0.12065	-7.4962	0.12065	-7.4962	0	1	75	3.1058	4.2473	1	12.106	3.2474	0	-7.3438	3	-1	1	0	0	0	0
0	210.18	0.12065	-7.4962	0.12065	-7.4962	0	1	75	3.1058	4.2473	1	12.106	3.2474	0	-7.3438	3	-1	1	0	0	0	0
0	226.67	0.12065	-7.4962	0.12065	-7.4962	0	1	75	3.1058	4.2473	1	12.106	3.2474	0	-7.3438	3	-1	1	0	0	0	0
0	243.28	0.12065	-7.4962	0.12065	-7.4962	0	1	75	3.1058	4.2473	1	12.106	3.2474	0	-7.3438	3	-1	1	0	0	0	0
0	259.86	0.12065	-7.4962	0.12065	-7.4962	0	1	75	3.1058	4.2473	1	12.106	3.2474	0	-7.3438	3	-1	1	0	0	0	0
0	276.53	0.12065	-7.4962	0.12065	-7.4962	0	1	75	3.1058	4.2473	1	12.106	3.2474	0	-7.3438	3	-1	1	0	0	0	0
0	293.11	0.12065	-7.4962	0.12065	-7.4962	0	1	75	3.1058	4.2473	1	12.106	3.2474	0	-7.3438	3	-1	1	0	0	0	0
0	309.71	0.12065	-7.4962	0.12065	-7.4962	0	1	75	3.1058	4.2473	1	12.106	3.2474	0	-7.3438	3	-1	1	0	0	0	0
0	326.35	0.12065	-7.4962	0.12065	-7.4962	0	1	75	3.1058	4.2473	1	12.106	3.2474	0	-7.3438	3	-1	1	0	0	0	0
0	342.99	0.12065	-7.4962	0.12065	-7.4962	0	1	75	3.1058	4.2473	1	12.106	3.2474	0	-7.3438	3	-1	1	0	0	0	0
0	359.56	0.12065	-7.4962	0.12065	-7.4962	0	1	75	3.1058	4.2473	1	12.106	3.2474	0	-7.3438	3	-1	1	0	0	0	0
0	376.19	0.12065	-7.4962	0.12065	-7.4962	0	1	75	3.1058	4.2473	1	12.106	3.2474	0	-7.3438	3	-1	1	0	0	0	0
0	392.75	0.12065	-7.4962	0.12065	-7.4962	0	1	75	3.1058	4.2473	1	12.106	3.2474	0	-7.3438	3	-1	1	0	0	0	0
0	409.37	0.12065	-7.4962	0.12065	-7.4962	0	1	75	3.1058	4.2473	1	12.106	3.2474	0	-7.3438	3	-1	1	0	0	0	0
0	425.93	0.12065	-7.4962	0.12065	-7.4962	0	1	75	3.1058	4.2473	1	12.106	3.2474	0	-7.3438	3	-1	1	0	0	0	0
0	442.54	0.12065	-7.4962	0.12065	-7.4962	0	1	75	3.1058	4.2473	1	12.106	3.2474	0	-7.3438	3	-1	1	0	0	0	0
0	459.13	0.12065	-7.4962	0.12065	-7.4962	0	1	75	3.1058	4.2473	1	12.106	3.2474	0	-7.3438	3	-1	1	0	0	0	0
0	475.7	0.12065	-7.4962	0.12065	-7.4962	0	1	75	3.1058	4.2473	1	12.106	3.2474	0	-7.3438	3	-1	1	0	0	0	0
0	492.32	0.12065	-7.4962	0.12065	-7.4962	0	1	75	3.1058	4.2473	1	12.106	3.2474	0	-7.3438	3	-1	1	0	0	0	0
0	508.92	0.12065	-7.4962	0.12065	-7.4962	0	1	75	3.1058	4.2473	1	12.106	3.2474	0	-7.3438	3	-1	1	0	0	0	0
0	525.54	0.12065	-7.4962	0.12065	-7.4962	0	1	75	3.1058	4.2473	1	12.106	3.2474	0	-7.3438	3	-1	1	0	0	0	0
0	542.14	0.12065	-7.4962	0.12065	-7.4962	0	1	75	3.1058	4.2473	1	12.106	3.2474	0	-7.3438	3	-1	1	0	0	0	0
0	558.69	0.12065	-7.4962	0.12065	-7.4962	0	1	75	3.1058	4.2473	1	12.106	3.2474	0	-7.3438	3	-1	1	0	0	0	0
0	575.26	0.12065	-7.4962	0.12065	-7.4962	0	1	75	3.1058	4.2473	1	12.106	3.2474	0	-7.3438	3	-1	1	0	0	0	0
0	591.86	0.10054	-7.464	0.10054	-7.464	0	1	75	3.1058	4.2473	1	12.106	3.2474	0	-7.3438	3	-1	1	0	0	0	0
0	608.49	0.10054	-7.464	0.10054	-7.464	0	1	75	3.1058	4.2473	1	12.106	3.2474	0	-7.3438	3	-1	1	0	0	0	0
0	625.07	0.080432	-7.464	0.080432	-7.464	0	1	75	3.1058	4.2473	1	12.106	3.2474	0	-7.3438	3	-1	1	0	0	0	0
0	641.68	0.040216	-7.464	0.040216	-7.464	0	1	75	3.1058	4.2473	1	12.106	3.2474	0	-7.3438	3	-1	1	0	0	0	0
0	658.23	0.040216	-7.464	0.040216	-7.464	0	1	75	3.1058	4.2473	1	12.106	3.2474	0	-7.3438	3	-1	1	0	0	0	0
0	675.11	0.020108	-7.464	0.020108	-7.464	0	1	75	3.1058	4.2473	1	12.106	3.2474	0	-7.3438	3	-1	1	0	0	0	0
0	691.51	0.020108	-7.464	0.020108	-7.464	0	1	75	3.1058	4.2473	1	12.106	3.2474	0	-7.3438	3	-1	1	0	0	0	0
0	708.07	0.020108	-7.464	0.020108	-7.464	0	1	75	3.1058	4.2473	1	12.106	3.2474	0	-7.3438	3	-1	1	0	0	0	0
0	724.67	0.020108	-7.464	0.020108	-7.464	0	1	75	3.1058	4.2473	1	12.106	3.2474	0	-7.3438	3	-1	1	0	0	0	0
0	741.31	0.020108	-7.464	0.020108	-7.464	0	1	75	3.1058	4.2473	1	12.106	3.2474	0	-7.3438	3	-1	1	0	0	0	0
0	757.95	0.020108	-7.464	0.020108	-7.464	0	1	75	3.1058	4.2473	1	12.106	3.2474	0	-7.3438	3	-1	1	0	0	0	0
0	774.52	0	-7.464	0	-7.464	0	1	75	3.1058	4.2473	1	12.106	3.2474	0	-7.3438	3	-1	1	0	0	0	0
0	791.1	0	-7.464	0	-7.464	0	1	75	3.1058	4.2473	1	12.106	3.2474	0	-7.3438	3	-1	1	0	0	0	0
0	807.7	-0.020108	-7.464	-0.020108	-7.464	0	1	75	3.1058	4.2473	1	12.106	3.2474	0	-7.3438	3	-1	1	0	0	0	0
0	824.3	-0.040216	-7.464	-0.040216	-7.464	0	1	75	3.1058	4.2473	1	12.106	3.2474	0	-7.3438	3	-1	1	0	0	0	0
0	840.9	-0.040216	-7.464	-0.040216	-7.464	0	1	75	3.1058	4.2473	1	12.106	3.2474	0	-7.3438	3	-1	1	0	0	0	0
0	857.46	-0.040216	-7.464	-0.040216	-7.464	0	1	75	3.1058	4.2473	1	12.106	3.2474	0	-7.3438	3	-1	1	0	0	0	0
0	874.11	-0.060324	-7.464	-0.060324	-7.464	0	1	75	3.1058	4.2473	1	12.106	3.2474	0	-7.3438	3	-1	1	0	0	0	0
0	890.68	-0.060324	-7.464	-0.060324	-7.464	0	1	75	3.1058	4.2473	1	12.106	3.2474	0	-7.3438	3	-1	1	0	0	0	0
0	907.21	-0.060324	-7.464	-0.060324	-7.464	0	1	75	3.1058	4.2473	1	12.106	3.2474	0	-7.3438	3	-1	1	1	0	0	0
0	923.84	-0.080432	-7.464	-0.080432	-7.464	0	1	75	3.1058	4.2473	1	12.106	3.2474	0	-7.3438	3	-1	1	1	0	0	0
0	940.46	-0.10054	-7.464	-0.10054	-7.464	0	1	75	3.1058	4.2473	1	12.106	3.2474	0	-7.3438	3	-1	1	1	0	0	0
0	957.04	-0.12065	-7.464	-0.12065	-7.464	0	1	75	3.1058	4.2473	1	12.106	3.2474	0	-7.3438	3	-1	1	1	0	0	0
0	973.68	-0.14076	-7.464	-0.14076	-7.464	0	1	75	3.1058	4.2473	1	12.106	3.2474	0	-7.3438	3	-1	1	1	0	0	0
0	990.25	-0.16086	-7.464	-0.16086	-7.464	0	1	75	3.1058	4.2473	1	12.106	3.2474	0	-7.3438	3	-1	1	1	0	0	0
0	1006.9	-0.18097	-7.464	-0.18097	-7.464	0	1	75	3.1058	4.2473	1	12.106	3.2474	0	-7.3438	3	-1	1	1	0	0	0
0	1023.4	-0.22119	-7.464	-0.22119	-7.464	0	1	75	3.1058	4.2473	1	12.106	3.2474	0	-7.3438	3	-1	1	1	0	0	0
0	1040	-0.24129	-7.464	-0.24129	-7.464	0	1	75	3.1058	4.2473	1	12.106	3.2474	0	-7.3438	3	-1	1	1	0	0	0
0	1056.6	-0.24129	-7.464	-0.24129	-7.464	0	1	75	3.1058	4.2473	1	12.106	3.2474	0	-7.3438	3	-1	1	1	0	0	0
0	1073.2	-0.2614	-7.464	-0.2614	-7.464	0	1	75	3.1058	4.2473	1	12.106	3.2474	0	-7.3438	3	-1	1	1	0	0	0
0	1089.8	-0.2614	-7.464	-0.2614	-7.464	0	1	75	3.1058	4.2473	1	12.106	3.2474	0	-7.3438	3	-1	1	1	0	0	0
0	1106.4	-0.2614	-7.464	-0.2614	-7.464	0	1	75	3.1058	4.2473	1	12.106	3.2474	0	-7.3438	3	-1	1	1	0	0	0
0	1123	-0.2614	-7.464	-0.2614	-7.464	0	1	75	3.1058	4.2473	1	12.106	3.2474	0	-7.3438	3	-1	1	1	0	0	0
0	1139.6	-0.2614	-7.464	-0.2614	-7.464	0	1	75	3.1058	4.2473	1	12.106	3.2474	0	-7.3438	3	-1	1	1	0	0	0
0	1156.2	-0.2614	-7.3675	-0.2614	-7.3675	0	1	75	3.1058	4.2473	1	12.106	3.2474	0	-7.3438	3	-1	1	1	0	0	0
0	1172.8	-0.20108	-7.1745	-0.20108	-7.1745	0	1	75	3.1058	4.2473	1	12.106	3.2474	0	-7.3438	3	-1	1	1	0	0	0
0	1189.3	-0.080432	-6.8528	-0.080432	-6.8528	0	1	75	3.1058	4.2473	1	12.106	3.2474	0	-7.3438	3	-1	1	1	0	0	0
0	1206	0	-6.6276	0	-6.6276	0	1	75	3.1058	4.2473	1	12.106	3.2474	0	-7.3438	3	-1	1	1	0	0	0
0	1222.6	0.14076	-6.1771	0.14076	-6.1771	0	1	75	3.1058	4.2473	1	12.106	3.2474	0	-7.3438	3	-1	1	1	0	0	0
0	1239.2	0.22119	-5.9198	0.22119	-5.9198	0	1	75	3.1058	4.2473	1	12.106	3.2474	0	-7.3438	3	-1	1	1	0	0	0
0	1255.7	0.36194	-5.5015	0.36194	-5.5015	0	1	75	3.1058	4.2473	1	12.106	3.2474	0	-7.3438	3	-1	1	1	0	0	0
0	1272.3	0.52281	-5.0511	0.52281	-5.0511	0	1	75	3.1058	4.2473	1	12.106	3.2474	0	-7.3438	3	-1	1	1	0	0	0
0	1288.9	0.62334	-4.8259	0.62334	-4.8259	0	2	75	3.1058	4.2473	1	12.106	3.2474	0	-7.3438	3	-1	1	1	0	0	0
0	1305.5	0.86464	-4.3433	0.86464	-4.3433	0	2	75	3.1058	4.2473	1	12.106	3.2474	0	-7.3438	3	-1	1	1	0	0	0
0	1322.2	1.126	-3.8607	1.126	-3.8607	0	2	75	3.1058	4.2473	1	12.106	3.2474	0	-7.3438	3	-1	1	1	0	0	0
0	1338.7	1.2668	-3.6033	1.2668	-3.6033	0	2	75	3.1058	4.2473	1	12.106	3.2474	0	-7.3438	3	-1	1	1	0	0	0
0	1355.5	1.5483	-3.1529	1.5483	-3.1529	0	2	75	3.1058	4.2473	1	12.106	3.2474	0	-7.3438	3	-1	1	1	0	0	0
0	1371.9	1.6891	-2.9599	1.6891	-2.9599	0	2	75	3.1058	4.2473	1	12.106	3.2474	0	-7.3438	3	-1	1	1	0	0	0
0	1388.5	1.9907	-2.5095	1.9907	-2.5095	0	2	75	3.1058	4.2473	1	12.106	3.2474	0	-7.3438	3	-1	1	1	0	1	0
0	1405.1	2.3124	-2.0912	2.3124	-2.0912	0	2	75	3.1058	4.2473	1	12.106	3.2474	0	-7.3438	3	-1	1	1	0	0	0
0	1421.7	2.6341	-1.6408	2.6341	-1.6408	0	2	75	3.1058	4.2473	1	12.106	3.2474	0	-7.3438	3	-1	1	1	0	0	0
0	1438.3	2.7749	-1.4156	2.7749	-1.4156	0	2	75	3.1058	4.2473	1	12.106	3.2474	0	-7.3438	3	-1	1	1	0	0	0
0	1454.9	3.0765	-0.96518	3.0765	-0.96518	0	2	75	3.1058	4.2473	1	12.106	3.2474	0	-7.3438	3	-1	1	1	0	0	0
0	1471.5	3.2374	-0.73997	3.2374	-0.73997	0	2	75	3.1058	4.2473	1	12.106	3.2474	0	-7.3438	3	-1	1	1	0	0	0
0	1488.1	3.4988	-0.32173	3.4988	-0.32173	0	2	75	3.1058	4.2473	1	12.106	3.2474	0	-7.3438	3	-1	1	1	0	0	0
0	1504.6	3.7401	0.096518	3.7401	0.096518	0	2	75	3.1058	4.2473	1	12.106	3.2474	0	-7.3438	3	-1	1	1	0	0	0
0	1521.3	3.9613	0.51476	3.9613	0.51476	0	2	75	3.1058	4.2473	1	12.106	3.2474	0	-7.3438	3	-1	1	1	0	0	0
0	1537.9	4.0618	0.73997	4.0618	0.73997	0	2	75	3.1058	4.2473	1	12.106	3.2474	0	-7.3438	3	-1	1	1	0	0	0
0	1554.5	4.2227	1.126	4.2227	1.126	0	2	75	3.1058	4.2473	1	12.106	3.2474	0	-7.3438	3	-1	1	1	0	0	0
0	1571	4.3031	1.2869	4.3031	1.2869	0	2	75	3.1058	4.2473	1	12.106	3.2474	0	-7.3438	3	-1	1	1	0	0	0
0	1587.6	4.3835	1.6086	4.3835	1.6086	0	2	75	3.1058	4.2473	1	12.106	3.2474	0	-7.3438	3	-1	1	1	0	0	0
0	1604.2	4.4036	1.866	4.4036	1.866	0	2	75	3.1058	4.2473	1	12.106	3.2474	0	-7.3438	3	-1	1	1	0	0	0
0	1620.8	4.4036	1.9947	4.4036	1.9947	0	2	75	3.1058	4.2473	1	12.106	3.2474	0	-7.3438	3	-1	1	1	0	0	0
0	1637.4	4.4237	2.2521	4.4237	2.2521	0	2	75	3.1058	4.2473	1	12.106	3.2474	0	-7.3438	3	-1	1	1	0	0	0
0	1654	4.4237	2.5095	4.4237	2.5095	0	2	75	3.1058	4.2473	1	12.106	3.2474	0	-7.3438	3	-1	1	1	0	0	0
0	1670.6	4.4237	2.606	4.4237	2.606	0	2	75	3.1058	4.2473	1	12.106	3.2474	0	-7.3438	3	-1	1	1	0	0	0
0	1687.1	4.4237	2.8634	4.4237	2.8634	0	2	75	3.1058	4.2473	1	12.106	3.2474	0	-7.3438	3	-1	1	1	0	0	0
0	1703.8	4.3835	3.1207	4.3835	3.1207	0	2	75	3.1058	4.2473	1	12.106	3.2474	0	-7.3438	3	-1	1	1	0	0	0
0	1720.3	4.3634	3.2494	4.3634	3.2494	0	2	75	3.1058	4.2473	1	12.106	3.2474	0	-7.3438	3	-1	1	1	0	0	0
0	1737	4.3031	3.5068	4.3031	3.5068	0	2	75	3.1058	4.2473	1	12.106	3.2474	0	-7.3438	3	-1	1	1	0	0	0
0	1753.6	4.2629	3.7642	4.2629	3.7642	0	2	75	3.1058	4.2473	1	12.106	3.2474	0	-7.3438	3	-1	1	1	0	0	0
0	1770.2	4.2227	3.8929	4.2227	3.8929	0	2	75	3.1058	4.2473	1	12.106	3.2474	0	-7.3438	3	-1	1	1	0	0	0
0	1786.7	4.1623	4.1824	4.1623	4.1824	0	2	75	3.1058	4.2473	1	12.106	3.2474	0	-7.3438	3	-1	1	1	0	0	0
0	1803.4	4.102	4.4076	4.102	4.4076	0	2	75	3.1058	4.2473	1	12.106	3.2474	0	-7.3438	3	-1	1	1	0	0	0
0	1819.9	4.0618	4.5363	4.0618	4.5363	0	2	75	3.1058	4.2473	1	12.106	3.2474	0	-7.3438	3	-1	1	1	0	0	0
0	1836.5	3.9613	4.7294	3.9613	4.7294	0	2	75	3.1058	4.2473	1	12.106	3.2474	0	-7.3438	3	-1	1	1	0	0	0
0	1853.1	3.8808	4.9224	3.8808	4.9224	0	2	75	3.1058	4.2473	1	12.106	3.2474	0	-7.3438	3	-1	1	1	0	0	0
0	1869.7	3.8607	5.0189	3.8607	5.0189	0	2	75	3.1058	4.2473	1	12.106	3.2474	0	-7.3438	3	-1	1	1	0	0	0
0	1886.4	3.7803	5.1798	3.7803	5.1798	0	2	75	3.1058	4.2473	1	12.106	3.2474	0	-7.3438	3	-1	1	1	0	0	0
0	1902.9	3.72	5.3407	3.72	5.3407	0	2	75	3.1058	4.2473	1	12.106	3.2474	0	-7.3438	3	-1	1	1	0	0	0
0	1919.5	3.6999	5.405	3.6999	5.405	0	2	75	3.1058	4.2473	1	12.106	3.2474	0	-7.3438	3	-1	1	1	0	0	0
0	1936.1	3.6395	5.5337	3.6395	5.5337	0	2	75	3.1058	4.2473	1	12.106	3.2474	0	-7.3438	3	-1	1	1	0	0	0
0	1952.7	3.6194	5.598	3.6194	5.598	0	2	75	3.1058	4.2473	1	12.106	3.2474	0	-7.3438	3	-1	1	1	0	0	0
0	1969.3	3.5993	5.7267	3.5993	5.7267	0	3	75	3.1058	4.2473	1	12.106	3.2474	0	-7.3438	3	-1	1	1	0	0	0
0	2185	2.3928	6.6919	2.3928	6.6919	0	2	75	3.1058	4.2473	1	12.106	3.2474	0	-7.3438	3	-1	1	0	0	0	0
0	2201.6	2.1918	6.7241	2.1918	6.7241	0	3	75	3.1058	4.2473	1	12.106	3.2474	0	-7.3438	3	-1	1	0	0	0	0
1	27.371	-0.38205	-7.464	-0.38205	-7.464	0	1	105	-3.1058	4.2473	1	5.8942	3.2474	0	-7.3438	3	-1	1	0	0	0	0
1	43.973	-0.28151	-7.5284	-0.28151	-7.5284	0	1	105	-3.1058	4.2473	1	5.8942	3.2474	0	-7.3438	3	-1	1	0	0	0	0
1	60.55	-0.24129	-7.5606	-0.24129	-7.5606	0	1	105	-3.1058	4.2473	1	5.8942	3.2474	0	-7.3438	3	-1	1	0	0	0	0
1	77.173	-0.18097	-7.5927	-0.18097	-7.5927	0	1	105	-3.1058	4.2473	1	5.8942	3.2474	0	-7.3438	3	-1	1	0	0	0	0
1	93.793	-0.16086	-7.5927	-0.16086	-7.5927	0	1	105	-3.1058	4.2473	1	5.8942	3.2474	0	-7.3438	3	-1	1	0	0	0	0
1	110.32	-0.14076	-7.6249	-0.14076	-7.6249	0	1	105	-3.1058	4.2473	1	5.8942	3.2474	0	-7.3438	3	-1	1	0	0	0	0
1	127.02	-0.14076	-7.6249	-0.14076	-7.6249	0	1	105	-3.1058	4.2473	1	5.8942	3.2474	0	-7.3438	3	-1	1	0	0	0	0
1	143.52	-0.14076	-7.6249	-0.14076	-7.6249	0	1	105	-3.1058	4.2473	1	5.8942	3.2474	0	-7.3438	3	-1	1	0	0	0	0
1	160.15	-0.14076	-7.6249	-0.14076	-7.6249	0	1	105	-3.1058	4.2473	1	5.8942	3.2474	0	-7.3438	3	-1	1	0	0	0	0
1	176.73	-0.14076	-7.6249	-0.14076	-7.6249	0	1	105	-3.1058	4.2473	1	5.8942	3.2474	0	-7.3438	3	-1	1	0	0	0	0
1	193.32	-0.14076	-7.6249	-0.14076	-7.6249	0	1	105	-3.1058	4.2473	1	5.8942	3.2474	0	-7.3438	3	-1	1	0	0	0	0
1	209.95	-0.12065	-7.6249	-0.12065	-7.6249	0	1	105	-3.1058	4.2473	1	5.8942	3.2474	0	-7.3438	3	-1	1	0	0	0	0
1	226.7	-0.10054	-7.6249	-0.10054	-7.6249	0	1	105	-3.1058	4.2473	1	5.8942	3.2474	0	-7.3438	3	-1	1	0	0	0	0
1	243.12	-0.080432	-7.6249	-0.080432	-7.6249	0	1	105	-3.1058	4.2473	1	5.8942	3.2474	0	-7.3438	3	-1	1	0	0	0	0
1	259.71	-0.080432	-7.6249	-0.080432	-7.6249	0	1	105	-3.1058	4.2473	1	5.8942	3.2474	0	-7.3438	3	-1	1	0	0	0	0
1	276.29	-0.080432	-7.6249	-0.080432	-7.6249	0	1	105	-3.1058	4.2473	1	5.8942	3.2474	0	-7.3438	3	-1	1	0	0	0	0
1	292.89	-0.080432	-7.6249	-0.080432	-7.6249	0	1	105	-3.1058	4.2473	1	5.8942	3.2474	0	-7.3438	3	-1	1	0	0	0	0
1	309.51	-0.080432	-7.6249	-0.080432	-7.6249	0	1	105	-3.1058	4.2473	1	5.8942	3.2474	0	-7.3438	3	-1	1	0	0	0	0
1	326.08	-0.080432	-7.6249	-0.080432	-7.6249	0	1	105	-3.1058	4.2473	1	5.8942	3.2474	0	-7.3438	3	-1	1	0	0	0	0
1	342.71	-0.080432	-7.6249	-0.080432	-7.6249	0	1	105	-3.1058	4.2473	1	5.8942	3.2474	0	-7.3438	3	-1	1	0	0	0	0
1	359.25	-0.080432	-7.6249	-0.080432	-7.6249	0	1	105	-3.1058	4.2473	1	5.8942	3.2474	0	-7.3438	3	-1	1	0	0	0	0
1	375.84	-0.080432	-7.6249	-0.080432	-7.6249	0	1	105	-3.1058	4.2473	1	5.8942	3.2474	0	-7.3438	3	-1	1	0	0	0	0
1	392.44	-0.080432	-7.6249	-0.080432	-7.6249	0	1	105	-3.1058	4.2473	1	5.8942	3.2474	0	-7.3438	3	-1	1	0	0	0	0
1	409.09	-0.10054	-7.6249	-0.10054	-7.6249	0	1	105	-3.1058	4.2473	1	5.8942	3.2474	0	-7.3438	3	-1	1	0	0	0	0
1	425.68	-0.10054	-7.6249	-0.10054	-7.6249	0	1	105	-3.1058	4.2473	1	5.8942	3.2474	0	-7.3438	3	-1	1	0	0	0	0
1	442.26	-0.10054	-7.5927	-0.10054	-7.5927	0	1	105	-3.1058	4.2473	1	5.8942	3.2474	0	-7.3438	3	-1	1	0	0	0	0
1	458.84	-0.10054	-7.5927	-0.10054	-7.5927	0	1	105	-3.1058	4.2473	1	5.8942	3.2474	0	-7.3438	3	-1	1	0	0	0	0
1	475.45	-0.10054	-7.5927	-0.10054	-7.5927	0	1	105	-3.1058	4.2473	1	5.8942	3.2474	0	-7.3438	3	-1	1	0	0	0	0
1	492.02	-0.10054	-7.5927	-0.10054	-7.5927	0	1	105	-3.1058	4.2473	1	5.8942	3.2474	0	-7.3438	3	-1	1	0	0	0	0
1	508.66	-0.10054	-7.5927	-0.10054	-7.5927	0	1	105	-3.1058	4.2473	1	5.8942	3.2474	0	-7.3438	3	-1	1	0	0	0	0
1	525.22	-0.10054	-7.5927	-0.10054	-7.5927	0	1	105	-3.1058	4.2473	1	5.8942	3.2474	0	-7.3438	3	-1	1	0	0	0	0
1	541.84	-0.10054	-7.5927	-0.10054	-7.5927	0	1	105	-3.1058	4.2473	1	5.8942	3.2474	0	-7.3438	3	-1	1	0	0	0	0
1	558.43	-0.10054	-7.5927	-0.10054	-7.5927	0	1	105	-3.1058	4.2473	1	5.8942	3.2474	0	-7.3438	3	-1	1	0	0	0	0
1	575.03	-0.10054	-7.5927	-0.10054	-7.5927	0	1	105	-3.1058	4.2473	1	5.8942	3.2474	0	-7.3438	3	-1	1	0	0	0	0
1	591.59	-0.10054	-7.6249	-0.10054	-7.6249	0	1	105	-3.1058	4.2473	1	5.8942	3.2474	0	-7.3438	3	-1	1	0	0	0	0
1	608.18	-0.10054	-7.6249	-0.10054	-7.6249	0	1	105	-3.1058	4.2473	1	5.8942	3.2474	0	-7.3438	3	-1	1	0	0	0	0
1	624.8	-0.10054	-7.6249	-0.10054	-7.6249	0	1	105	-3.1058	4.2473	1	5.8942	3.2474	0	-7.3438	3	-1	1	1	0	0	0
1	641.35	-0.10054	-7.6249	-0.10054	-7.6249	0	1	105	-3.1058	4.2473	1	5.8942	3.2474	0	-7.3438	3	-1	1	1	0	0	0
1	657.97	-0.10054	-7.6249	-0.10054	-7.6249	0	1	105	-3.1058	4.2473	1	5.8942	3.2474	0	-7.3438	3	-1	1	1	0	0	0
1	674.59	-0.10054	-7.6249	-0.10054	-7.6249	0	1	105	-3.1058	4.2473	1	5.8942	3.2474	0	-7.3438	3	-1	1	1	0	0	0
1	691.17	-0.10054	-7.6249	-0.10054	-7.6249	0	1	105	-3.1058	4.2473	1	5.8942	3.2474	0	-7.3438	3	-1	1	1	0	0	0
1	707.71	-0.10054	-7.6249	-0.10054	-7.6249	0	1	105	-3.1058	4.2473	1	5.8942	3.2474	0	-7.3438	3	-1	1	1	0	0	0
1	724.3	-0.080432	-7.6249	-0.080432	-7.6249	0	1	105	-3.1058	4.2473	1	5.8942	3.2474	0	-7.3438	3	-1	1	1	0	0	0
1	740.93	-0.080432	-7.6249	-0.080432	-7.6249	0	1	105	-3.1058	4.2473	1	5.8942	3.2474	0	-7.3438	3	-1	1	1	0	0	0
1	757.55	-0.080432	-7.6249	-0.080432	-7.6249	0	1	105	-3.1058	4.2473	1	5.8942	3.2474	0	-7.3438	3	-1	1	1	0	0	0
1	774.12	-0.080432	-7.6249	-0.080432	-7.6249	0	1	105	-3.1058	4.2473	1	5.8942	3.2474	0	-7.3438	3	-1	1	1	0	0	0
1	790.72	-0.080432	-7.6249	-0.080432	-7.6249	0	1	105	-3.1058	4.2473	1	5.8942	3.2474	0	-7.3438	3	-1	1	1	0	0	0
1	807.3	-0.080432	-7.6249	-0.080432	-7.6249	0	1	105	-3.1058	4.2473	1	5.8942	3.2474	0	-7.3438	3	-1	1	1	0	0	0
1	823.89	-0.10054	-7.5927	-0.10054	-7.5927	0	1	105	-3.1058	4.2473	1	5.8942	3.2474	0	-7.3438	3	-1	1	1	0	0	0
1	840.47	-0.10054	-7.5927	-0.10054	-7.5927	0	1	105	-3.1058	4.2473	1	5.8942	3.2474	0	-7.3438	3	-1	1	1	0	0	0
1	857.07	-0.14076	-7.5284	-0.14076	-7.5284	0	1	105	-3.1058	4.2473	1	5.8942	3.2474	0	-7.3438	3	-1	1	1	0	0	0
1	873.69	-0.24129	-7.4319	-0.24129	-7.4319	0	1	105	-3.1058	4.2473	1	5.8942	3.2474	0	-7.3438	3	-1	1	1	0	0	0
1	890.32	-0.32173	-7.3354	-0.32173	-7.3354	0	1	105	-3.1058	4.2473	1	5.8942	3.2474	0	-7.3438	3	-1	1	1	0	0	0
1	906.88	-0.52281	-7.0458	-0.52281	-7.0458	0	1	105	-3.1058	4.2473	1	5.8942	3.2474	0	-7.3438	3	-1	1	1	0	0	0
1	923.47	-0.78421	-6.7241	-0.78421	-6.7241	0	1	105	-3.1058	4.2473	1	5.8942	3.2474	0	-7.3438	3	-1	1	1	0	0	0
1	940.07	-0.94507	-6.5632	-0.94507	-6.5632	0	1	105	-3.1058	4.2473	1	5.8942	3.2474	0	-7.3438	3	-1	1	1	0	0	0
1	956.66	-1.307	-6.145	-1.307	-6.145	0	1	105	-3.1058	4.2473	1	5.8942	3.2474	0	-7.3438	3	-1	1	1	0	0	0
1	973.25	-1.7092	-5.6946	-1.7092	-5.6946	0	1	105	-3.1058	4.2473	1	5.8942	3.2474	0	-7.3438	3	-1	1	1	0	0	0
1	989.88	-1.9304	-5.405	-1.9304	-5.405	0	2	105	-3.1058	4.2473	1	5.8942	3.2474	0	-7.3438	3	-1	1	1	0	0	0
1	1006.5	-2.3727	-4.7937	-2.3727	-4.7937	0	2	105	-3.1058	4.2473	1	5.8942	3.2474	0	-7.3438	3	-1	1	1	0	0	0
1	1023	-2.8754	-4.1181	-2.8754	-4.1181	0	2	105	-3.1058	4.2473	1	5.8942	3.2474	0	-7.3438	3	-1	1	1	0	0	0
1	1039.6	-3.1167	-3.7642	-3.1167	-3.7642	0	2	105	-3.1058	4.2473	1	5.8942	3.2474	0	-7.3438	3	-1	1	1	0	0	0
1	1056.2	-3.6194	-3.0564	-3.6194	-3.0564	0	2	105	-3.1058	4.2473	1	5.8942	3.2474	0	-7.3438	3	-1	1	1	0	1	0
1	1072.8	-4.102	-2.3164	-4.102	-2.3164	0	2	105	-3.1058	4.2473	1	5.8942	3.2474	0	-7.3438	3	-1	1	1	0	0	0
1	1089.4	-4.3232	-1.9304	-4.3232	-1.9304	0	2	105	-3.1058	4.2473	1	5.8942	3.2474	0	-7.3438	3	-1	1	1	0	0	0
1	1106	-4.7455	-1.1904	-4.7455	-1.1904	0	2	105	-3.1058	4.2473	1	5.8942	3.2474	0	-7.3438	3	-1	1	1	0	0	0
1	1122.6	-5.1677	-0.51476	-5.1677	-0.51476	0	2	105	-3.1058	4.2473	1	5.8942	3.2474	0	-7.3438	3	-1	1	1	0	0	0
1	1139.1	-5.3688	-0.16086	-5.3688	-0.16086	0	2	105	-3.1058	4.2473	1	5.8942	3.2474	0	-7.3438	3	-1	1	1	0	0	0
1	1155.8	-5.7307	0.48259	-5.7307	0.48259	0	2	105	-3.1058	4.2473	1	5.8942	3.2474	0	-7.3438	3	-1	1	1	0	0	0
1	1172.4	-5.9117	0.77214	-5.9117	0.77214	0	2	105	-3.1058	4.2473	1	5.8942	3.2474	0	-7.3438	3	-1	1	1	0	0	0
1	1189	-6.1932	1.3834	-6.1932	1.3834	0	2	105	-3.1058	4.2473	1	5.8942	3.2474	0	-7.3438	3	-1	1	1	0	0	0
1	1205.6	-6.3943	1.9304	-6.3943	1.9304	0	2	105	-3.1058	4.2473	1	5.8942	3.2474	0	-7.3438	3	-1	1	1	0	0	0
1	1222.2	-6.5351	2.4129	-6.5351	2.4129	0	2	105	-3.1058	4.2473	1	5.8942	3.2474	0	-7.3438	3	-1	1	1	0	0	0
1	1238.8	-6.5954	2.606	-6.5954	2.606	0	2	105	-3.1058	4.2473	1	5.8942	3.2474	0	-7.3438	3	-1	1	1	0	0	0
1	1255.3	-6.6758	2.9921	-6.6758	2.9921	0	2	105	-3.1058	4.2473	1	5.8942	3.2474	0	-7.3438	3	-1	1	1	0	0	0
1	1271.9	-6.6959	3.1529	-6.6959	3.1529	0	2	105	-3.1058	4.2473	1	5.8942	3.2474	0	-7.3438	3	-1	1	1	0	0	0
1	1288.5	-6.6959	3.4103	-6.6959	3.4103	0	2	105	-3.1058	4.2473	1	5.8942	3.2474	0	-7.3438	3	-1	1	1	0	0	0
1	1305.1	-6.6758	3.5712	-6.6758	3.5712	0	2	105	-3.1058	4.2473	1	5.8942	3.2474	0	-7.3438	3	-1	1	1	0	0	0
1	1321.8	-6.6155	3.732	-6.6155	3.732	0	2	105	-3.1058	4.2473	1	5.8942	3.2474	0	-7.3438	3	-1	1	1	0	0	0
1	1338.3	-6.5552	3.7964	-6.5552	3.7964	0	2	105	-3.1058	4.2473	1	5.8942	3.2474	0	-7.3438	3	-1	1	1	0	0	0
1	1354.9	-6.4546	3.9251	-6.4546	3.9251	0	2	105	-3.1058	4.2473	1	5.8942	3.2474	0	-7.3438	3	-1	1	1	0	0	0
1	1371.5	-6.4144	3.9572	-6.4144	3.9572	0	2	105	-3.1058	4.2473	1	5.8942	3.2474	0	-7.3438	3	-1	1	1	0	0	0
1	1388.1	-6.334	4.0216	-6.334	4.0216	0	2	105	-3.1058	4.2473	1	5.8942	3.2474	0	-7.3438	3	-1	1	1	0	0	0
1	1404.7	-6.2133	4.0538	-6.2133	4.0537	0	2	105	-3.1058	4.2473	1	5.8942	3.2474	0	-7.3438	3	-1	1	1	0	0	0
1	1421.3	-6.0324	4.0859	-6.0324	4.0859	0	2	105	-3.1058	4.2473	1	5.8942	3.2474	0	-7.3438	3	-1	1	1	0	0	0
1	1437.9	-5.9519	4.1181	-5.9519	4.1181	0	3	105	-3.1058	4.2473	1	5.8942	3.2474	0	-7.3438	3	-1	1	1	0	0	0
1	1587.2	-4.3031	4.1181	-4.3031	4.1181	0	2	105	-3.1058	4.2473	1	5.8942	3.2474	0	-7.3438	3	-1	1	1	0	0	0
1	1603.8	-4.1221	4.0538	-4.1221	4.0537	0	2	105	-3.1058	4.2473	1	5.8942	3.2474	0	-7.3438	3	-1	1	1	0	0	0
1	1620.4	-4.0216	4.0216	-4.0216	4.0216	0	2	105	-3.1058	4.2473	1	5.8942	3.2474	0	-7.3438	3	-1	1	1	0	0	0
1	1637	-3.8607	3.9251	-3.8607	3.9251	0	2	105	-3.1058	4.2473	1	5.8942	3.2474	0	-7.3438	3	-1	1	1	0	0	0
1	1653.6	-3.72	3.8285	-3.72	3.8285	0	2	105	-3.1058	4.2473	1	5.8942	3.2474	0	-7.3438	3	-1	1	1	0	0	0
1	1670.2	-3.6596	3.7642	-3.6596	3.7642	0	2	105	-3.1058	4.2473	1	5.8942	3.2474	0	-7.3438	3	-1	1	1	0	0	0
1	1686.8	-3.5591	3.6999	-3.5591	3.6999	0	2	105	-3.1058	4.2473	1	5.8942	3.2474	0	-7.3438	3	-1	1	1	0	0	0
1	1703.4	-3.4988	3.6033	-3.4988	3.6033	0	3	105	-3.1058	4.2473	1	5.8942	3.2474	0	-7.3438	3	-1	1	0	0	0	0
2	27.903	-0.36194	-7.4962	-0.36194	-7.4962	0	1	90	0	4.6562	1	9	3.6562	0	-7.3438	3	-1	1	1	0	0	0
2	44.468	-0.18097	-7.6249	-0.18097	-7.6249	0	1	90	0	4.6562	1	9	3.6562	0	-7.3438	3	-1	1	1	0	0	0
2	61.142	-0.080432	-7.6571	-0.080432	-7.6571	0	1	90	0	4.6562	1	9	3.6562	0	-7.3438	3	-1	1	1	0	0	0
2	77.747	0	-7.6249	0	-7.6249	0	1	90	0	4.6562	1	9	3.6562	0	-7.3438	3	-1	1	1	0	0	0
2	94.349	0.040216	-7.6249	0.040216	-7.6249	0	1	90	0	4.6562	1	9	3.6562	0	-7.3438	3	-1	1	1	0	0	0
2	110.93	0.14076	-7.6249	0.14076	-7.6249	0	1	90	0	4.6562	1	9	3.6562	0	-7.3438	3	-1	1	1	0	0	0
2	127.51	0.18097	-7.6249	0.18097	-7.6249	0	1	90	0	4.6562	1	9	3.6562	0	-7.3438	3	-1	1	1	0	0	0
2	144.14	0.24129	-7.6249	0.24129	-7.6249	0	1	90	0	4.6562	1	9	3.6562	0	-7.3438	3	-1	1	1	0	0	0
2	160.51	0.2614	-7.6249	0.2614	-7.6249	0	1	90	0	4.6562	1	9	3.6562	0	-7.3438	3	-1	1	1	0	0	0
2	177.31	0.2614	-7.6249	0.2614	-7.6249	0	1	90	0	4.6562	1	9	3.6562	0	-7.3438	3	-1	1	1	0	0	0
2	193.89	0.2614	-7.6249	0.2614	-7.6249	0	1	90	0	4.6562	1	9	3.6562	0	-7.3438	3	-1	1	1	0	0	0
2	210.49	0.2614	-7.6249	0.2614	-7.6249	0	1	90	0	4.6562	1	9	3.6562	0	-7.3438	3	-1	1	1	0	0	0
2	227.02	0.2614	-7.6249	0.2614	-7.6249	0	1	90	0	4.6562	1	9	3.6562	0	-7.3438	3	-1	1	1	0	0	0
2	243.63	0.2614	-7.6249	0.2614	-7.6249	0	1	90	0	4.6562	1	9	3.6562	0	-7.3438	3	-1	1	1	0	0	0
2	260.23	0.2614	-7.6249	0.2614	-7.6249	0	1	90	0	4.6562	1	9	3.6562	0	-7.3438	3	-1	1	1	0	0	0
2	276.85	0.24129	-7.6249	0.24129	-7.6249	0	1	90	0	4.6562	1	9	3.6562	0	-7.3438	3	-1	1	1	0	0	0
2	293.48	0.24129	-7.6249	0.24129	-7.6249	0	1	90	0	4.6562	1	9	3.6562	0	-7.3438	3	-1	1	1	0	0	0
2	310.02	0.24129	-7.6249	0.24129	-7.6249	0	1	90	0	4.6562	1	9	3.6562	0	-7.3438	3	-1	1	1	0	0	0
2	326.63	0.24129	-7.6249	0.24129	-7.6249	0	1	90	0	4.6562	1	9	3.6562	0	-7.3438	3	-1	1	1	0	0	0
2	343.22	0.24129	-7.6249	0.24129	-7.6249	0	1	90	0	4.6562	1	9	3.6562	0	-7.3438	3	-1	1	1	0	0	0
2	359.82	0.24129	-7.6249	0.24129	-7.6249	0	1	90	0	4.6562	1	9	3.6562	0	-7.3438	3	-1	1	1	0	0	0
2	376.38	0.24129	-7.6249	0.24129	-7.6249	0	1	90	0	4.6562	1	9	3.6562	0	-7.3438	3	-1	1	1	0	0	0
2	392.94	0.24129	-7.6249	0.24129	-7.6249	0	1	90	0	4.6562	1	9	3.6562	0	-7.3438	3	-1	1	1	0	0	0
2	409.63	0.24129	-7.6249	0.24129	-7.6249	0	1	90	0	4.6562	1	9	3.6562	0	-7.3438	3	-1	1	1	0	0	0
2	426.18	0.24129	-7.6249	0.24129	-7.6249	0	1	90	0	4.6562	1	9	3.6562	0	-7.3438	3	-1	1	1	0	0	0
2	442.79	0.22119	-7.6249	0.22119	-7.6249	0	1	90	0	4.6562	1	9	3.6562	0	-7.3438	3	-1	1	1	0	0	0
2	459.31	0.22119	-7.6249	0.22119	-7.6249	0	1	90	0	4.6562	1	9	3.6562	0	-7.3438	3	-1	1	1	0	0	0
2	475.97	0.22119	-7.6249	0.22119	-7.6249	0	1	90	0	4.6562	1	9	3.6562	0	-7.3438	3	-1	1	1	0	0	0
2	492.61	0.22119	-7.6249	0.22119	-7.6249	0	1	90	0	4.6562	1	9	3.6562	0	-7.3438	3	-1	1	1	0	0	0
2	509.17	0.22119	-7.5927	0.22119	-7.5927	0	1	90	0	4.6562	1	9	3.6562	0	-7.3438	3	-1	1	1	0	0	0
2	525.76	0.22119	-7.5927	0.22119	-7.5927	0	1	90	0	4.6562	1	9	3.6562	0	-7.3438	3	-1	1	1	0	0	0
2	542.38	0.22119	-7.5927	0.22119	-7.5927	0	1	90	0	4.6562	1	9	3.6562	0	-7.3438	3	-1	1	1	0	0	0
2	558.94	0.22119	-7.5927	0.22119	-7.5927	0	1	90	0	4.6562	1	9	3.6562	0	-7.3438	3	-1	1	1	0	0	0
2	575.54	0.22119	-7.5927	0.22119	-7.5927	0	1	90	0	4.6562	1	9	3.6562	0	-7.3438	3	-1	1	1	0	0	0
2	592.16	0.20108	-7.5927	0.20108	-7.5927	0	1	90	0	4.6562	1	9	3.6562	0	-7.3438	3	-1	1	1	0	0	0
2	608.76	0.16086	-7.5606	0.16086	-7.5606	0	1	90	0	4.6562	1	9	3.6562	0	-7.3438	3	-1	1	1	0	0	0
2	625.38	0.12065	-7.5606	0.12065	-7.5606	0	1	90	0	4.6562	1	9	3.6562	0	-7.3438	3	-1	1	1	0	0	0
2	641.91	-0.020108	-7.5284	-0.020108	-7.5284	0	1	90	0	4.6562	1	9	3.6562	0	-7.3438	3	-1	1	1	0	0	0
2	658.5	-0.12065	-7.4962	-0.12065	-7.4962	0	1	90	0	4.6562	1	9	3.6562	0	-7.3438	3	-1	1	1	0	0	0
2	675.09	-0.36194	-7.4319	-0.36194	-7.4319	0	1	90	0	4.6562	1	9	3.6562	0	-7.3438	3	-1	1	1	0	0	0
2	691.68	-0.62334	-7.271	-0.62334	-7.271	0	1	90	0	4.6562	1	9	3.6562	0	-7.3438	3	-1	1	1	0	0	0
2	708.29	-0.74399	-7.1745	-0.74399	-7.1745	0	1	90	0	4.6562	1	9	3.6562	0	-7.3438	3	-1	1	1	0	0	0
2	724.89	-1.0255	-6.9171	-1.0255	-6.9171	0	1	90	0	4.6562	1	9	3.6562	0	-7.3438	3	-1	1	1	0	0	0
2	741.45	-1.3271	-6.5954	-1.3271	-6.5954	0	1	90	0	4.6562	1	9	3.6562	0	-7.3438	3	-1	1	1	0	0	0
2	758.1	-1.488	-6.4345	-1.488	-6.4345	0	1	90	0	4.6562	1	9	3.6562	0	-7.3438	3	-1	1	1	0	0	0
2	774.65	-1.7695	-6.0485	-1.7695	-6.0485	0	1	90	0	4.6562	1	9	3.6562	0	-7.3438	3	-1	1	1	0	0	0
2	791.27	-2.0108	-5.5659	-2.0108	-5.5659	0	2	90	0	4.6562	1	9	3.6562	0	-7.3438	3	-1	1	1	0	0	0
2	807.85	-2.1113	-5.3085	-2.1113	-5.3085	0	2	90	0	4.6562	1	9	3.6562	0	-7.3438	3	-1	1	1	0	0	0
2	824.44	-2.2521	-4.7294	-2.2521	-4.7294	0	2	90	0	4.6562	1	9	3.6562	0	-7.3438	3	-1	1	1	0	0	0
2	841.06	-2.3526	-4.0859	-2.3526	-4.0859	0	2	90	0	4.6562	1	9	3.6562	0	-7.3438	3	-1	1	1	0	0	0
2	857.64	-2.3526	-3.7642	-2.3526	-3.7642	0	2	90	0	4.6562	1	9	3.6562	0	-7.3438	3	-1	1	1	0	0	0
2	874.3	-2.3325	-3.0886	-2.3325	-3.0886	0	2	90	0	4.6562	1	9	3.6562	0	-7.3438	3	-1	1	1	0	0	0
2	890.84	-2.232	-2.4129	-2.232	-2.4129	0	2	90	0	4.6562	1	9	3.6562	0	-7.3438	3	-1	1	1	0	0	0
2	907.41	-2.1515	-2.059	-2.1515	-2.059	0	2	90	0	4.6562	1	9	3.6562	0	-7.3438	3	-1	1	1	0	1	0
2	924	-1.9505	-1.3513	-1.9505	-1.3512	0	2	90	0	4.6562	1	9	3.6562	0	-7.3438	3	-1	1	1	0	0	0
2	940.59	-1.7293	-0.67563	-1.7293	-0.67562	0	2	90	0	4.6562	1	9	3.6562	0	-7.3438	3	-1	1	1	0	0	0
2	957.24	-1.5885	-0.32173	-1.5885	-0.32173	0	2	90	0	4.6562	1	9	3.6562	0	-7.3438	3	-1	1	1	0	0	0
2	973.79	-1.307	0.28955	-1.307	0.28955	0	2	90	0	4.6562	1	9	3.6562	0	-7.3438	3	-1	1	1	0	0	0
2	990.39	-1.0054	0.86866	-1.0054	0.86866	0	2	90	0	4.6562	1	9	3.6562	0	-7.3438	3	-1	1	1	0	0	0
2	1006.9	-0.86464	1.1582	-0.86464	1.1582	0	2	90	0	4.6562	1	9	3.6562	0	-7.3438	3	-1	1	1	0	0	0
2	1023.6	-0.56302	1.673	-0.56302	1.673	0	2	90	0	4.6562	1	9	3.6562	0	-7.3438	3	-1	1	1	0	0	0
2	1040.2	-0.2614	2.0912	-0.2614	2.0912	0	2	90	0	4.6562	1	9	3.6562	0	-7.3438	3	-1	1	1	0	0	0
2	1056.8	-0.12065	2.2521	-0.12065	2.2521	0	2	90	0	4.6562	1	9	3.6562	0	-7.3438	3	-1	1	1	0	0	0
2	1073.4	0.16086	2.5416	0.16086	2.5416	0	2	90	0	4.6562	1	9	3.6562	0	-7.3438	3	-1	1	1	0	0	0
2	1090	0.42227	2.799	0.42227	2.799	0	2	90	0	4.6562	1	9	3.6562	0	-7.3438	3	-1	1	1	0	0	0
2	1106.5	0.54291	2.8634	0.54291	2.8634	0	2	90	0	4.6562	1	9	3.6562	0	-7.3438	3	-1	1	1	0	0	0
2	1123.1	0.78421	3.0242	0.78421	3.0242	0	2	90	0	4.6562	1	9	3.6562	0	-7.3438	3	-1	1	1	0	0	0
2	1139.7	0.90485	3.0886	0.90485	3.0886	0	2	90	0	4.6562	1	9	3.6562	0	-7.3438	3	-1	1	1	0	0	0
2	1156.3	1.1461	3.1529	1.1461	3.1529	0	2	90	0	4.6562	1	9	3.6562	0	-7.3438	3	-1	1	1	0	0	0
2	1172.9	1.3874	3.1851	1.3874	3.1851	0	2	90	0	4.6562	1	9	3.6562	0	-7.3438	3	-1	1	1	0	0	0
2	1189.5	1.5885	3.1851	1.5885	3.1851	0	2	90	0	4.6562	1	9	3.6562	0	-7.3438	3	-1	1	1	0	0	0
2	1206.1	1.669	3.1851	1.669	3.1851	0	2	90	0	4.6562	1	9	3.6562	0	-7.3438	3	-1	1	1	0	0	0
2	1222.7	1.8298	3.1529	1.8298	3.1529	0	2	90	0	4.6562	1	9	3.6562	0	-7.3438	3	-1	1	1	0	0	0
2	1239.3	1.9102	3.1207	1.9102	3.1207	0	2	90	0	4.6562	1	9	3.6562	0	-7.3438	3	-1	1	1	0	0	0
2	1255.9	2.0711	3.0886	2.0711	3.0886	0	2	90	0	4.6562	1	9	3.6562	0	-7.3438	3	-1	1	1	0	0	0
2	1272.5	2.1918	3.0242	2.1918	3.0242	0	2	90	0	4.6562	1	9	3.6562	0	-7.3438	3	-1	1	1	0	0	0
2	1289.1	2.2923	2.9921	2.2923	2.9921	0	2	90	0	4.6562	1	9	3.6562	0	-7.3438	3	-1	1	0	0	0	0
2	1305.7	2.3325	2.9599	2.3325	2.9599	0	3	90	0	4.6562	1	9	3.6562	0	-7.3438	3	-1	1	0	0	0	0
3	29.331	0.060324	-7.3354	0.060324	-7.3354	0	1	90	0	4.6562	1	9	3.6562	0	-7.3438	3	-1	1	0	0	0	0
3	45.96	0	-7.5606	0	-7.5606	0	1	90	0	4.6562	1	9	3.6562	0	-7.3438	3	-1	1	0	0	0	0
3	62.534	0	-7.6249	0	-7.6249	0	1	90	0	4.6562	1	9	3.6562	0	-7.3438	3	-1	1	0	0	0	0
3	79.173	0	-7.6249	0	-7.6249	0	1	90	0	4.6562	1	9	3.6562	0	-7.3438	3	-1	1	0	0	0	0
3	95.78	0	-7.6249	0	-7.6249	0	1	90	0	4.6562	1	9	3.6562	0	-7.3438	3	-1	1	0	0	0	0
3	112.38	0	-7.6249	0	-7.6249	0	1	90	0	4.6562	1	9	3.6562	0	-7.3438	3	-1	1	0	0	0	0
3	128.95	0	-7.6249	0	-7.6249	0	1	90	0	4.6562	1	9	3.6562	0	-7.3438	3	-1	1	0	0	0	0
3	145.5	0	-7.6249	0	-7.6249	0	1	90	0	4.6562	1	9	3.6562	0	-7.3438	3	-1	1	0	0	0	0
3	162.11	0	-7.6249	0	-7.6249	0	1	90	0	4.6562	1	9	3.6562	0	-7.3438	3	-1	1	0	0	0	0
3	178.7	0	-7.6249	0	-7.6249	0	1	90	0	4.6562	1	9	3.6562	0	-7.3438	3	-1	1	0	0	0	0
3	195.34	0	-7.6249	0	-7.6249	0	1	90	0	4.6562	1	9	3.6562	0	-7.3438	3	-1	1	0	0	0	0
3	211.94	0	-7.6249	0	-7.6249	0	1	90	0	4.6562	1	9	3.6562	0	-7.3438	3	-1	1	0	0	0	0
3	228.5	0	-7.6249	0	-7.6249	0	1	90	0	4.6562	1	9	3.6562	0	-7.3438	3	-1	1	0	0	0	0
3	245.08	0	-7.6249	0	-7.6249	0	1	90	0	4.6562	1	9	3.6562	0	-7.3438	3	-1	1	0	0	0	0
3	261.68	0	-7.6249	0	-7.6249	0	1	90	0	4.6562	1	9	3.6562	0	-7.3438	3	-1	1	0	0	0	0
3	278.26	0	-7.6249	0	-7.6249	0	1	90	0	4.6562	1	9	3.6562	0	-7.3438	3	-1	1	1	0	0	0
3	294.86	-0.020108	-7.6249	-0.020108	-7.6249	0	1	90	0	4.6562	1	9	3.6562	0	-7.3438	3	-1	1	1	0	0	0
3	311.51	-0.020108	-7.6249	-0.020108	-7.6249	0	1	90	0	4.6562	1	9	3.6562	0	-7.3438	3	-1	1	1	0	0	0
3	328.05	-0.020108	-7.6249	-0.020108	-7.6249	0	1	90	0	4.6562	1	9	3.6562	0	-7.3438	3	-1	1	1	0	0	0
3	344.57	-0.020108	-7.5927	-0.020108	-7.5927	0	1	90	0	4.6562	1	9	3.6562	0	-7.3438	3	-1	1	1	0	0	0
3	361.22	-0.020108	-7.5927	-0.020108	-7.5927	0	1	90	0	4.6562	1	9	3.6562	0	-7.3438	3	-1	1	1	0	0	0
3	377.82	-0.040216	-7.5927	-0.040216	-7.5927	0	1	90	0	4.6562	1	9	3.6562	0	-7.3438	3	-1	1	1	0	0	0
3	394.48	-0.040216	-7.5927	-0.040216	-7.5927	0	1	90	0	4.6562	1	9	3.6562	0	-7.3438	3	-1	1	1	0	0	0
3	411.04	-0.040216	-7.5927	-0.040216	-7.5927	0	1	90	0	4.6562	1	9	3.6562	0	-7.3438	3	-1	1	1	0	0	0
3	427.64	-0.040216	-7.5927	-0.040216	-7.5927	0	1	90	0	4.6562	1	9	3.6562	0	-7.3438	3	-1	1	1	0	0	0
3	444.22	-0.060324	-7.5927	-0.060324	-7.5927	0	1	90	0	4.6562	1	9	3.6562	0	-7.3438	3	-1	1	1	0	0	0
3	460.83	-0.080432	-7.5927	-0.080432	-7.5927	0	1	90	0	4.6562	1	9	3.6562	0	-7.3438	3	-1	1	1	0	0	0
3	477.41	-0.10054	-7.5927	-0.10054	-7.5927	0	1	90	0	4.6562	1	9	3.6562	0	-7.3438	3	-1	1	1	0	0	0
3	493.79	-0.10054	-7.5927	-0.10054	-7.5927	0	1	90	0	4.6562	1	9	3.6562	0	-7.3438	3	-1	1	1	0	0	0
3	510.61	-0.12065	-7.5927	-0.12065	-7.5927	0	1	90	0	4.6562	1	9	3.6562	0	-7.3438	3	-1	1	1	0	0	0
3	527.23	-0.14076	-7.5927	-0.14076	-7.5927	0	1	90	0	4.6562	1	9	3.6562	0	-7.3438	3	-1	1	1	0	0	0
3	543.77	-0.20108	-7.5927	-0.20108	-7.5927	0	1	90	0	4.6562	1	9	3.6562	0	-7.3438	3	-1	1	1	0	0	0
3	560.38	-0.28151	-7.5606	-0.28151	-7.5606	0	1	90	0	4.6562	1	9	3.6562	0	-7.3438	3	-1	1	1	0	0	0
3	576.99	-0.32173	-7.5284	-0.32173	-7.5284	0	1	90	0	4.6562	1	9	3.6562	0	-7.3438	3	-1	1	1	0	0	0
3	593.56	-0.46248	-7.4319	-0.46248	-7.4319	0	1	90	0	4.6562	1	9	3.6562	0	-7.3438	3	-1	1	1	0	0	0
3	610.18	-0.54291	-7.3675	-0.54291	-7.3675	0	1	90	0	4.6562	1	9	3.6562	0	-7.3438	3	-1	1	1	0	0	0
3	626.75	-0.7641	-7.1745	-0.7641	-7.1745	0	1	90	0	4.6562	1	9	3.6562	0	-7.3438	3	-1	1	1	0	0	0
3	643.35	-1.0255	-6.9171	-1.0255	-6.9171	0	1	90	0	4.6562	1	9	3.6562	0	-7.3438	3	-1	1	1	0	0	0
3	659.98	-1.307	-6.5632	-1.307	-6.5632	0	1	90	0	4.6562	1	9	3.6562	0	-7.3438	3	-1	1	1	0	0	0
3	676.46	-1.4277	-6.3702	-1.4277	-6.3702	0	1	90	0	4.6562	1	9	3.6562	0	-7.3438	3	-1	1	1	0	0	0
3	693.13	-1.669	-5.8554	-1.669	-5.8554	0	1	90	0	4.6562	1	9	3.6562	0	-7.3438	3	-1	1	1	0	0	0
3	709.69	-1.7695	-5.5659	-1.7695	-5.5659	0	2	90	0	4.6562	1	9	3.6562	0	-7.3438	3	-1	1	1	0	0	0
3	726.32	-1.9505	-4.9546	-1.9505	-4.9546	0	2	90	0	4.6562	1	9	3.6562	0	-7.3438	3	-1	1	1	0	0	0
3	742.92	-2.0711	-4.279	-2.0711	-4.279	0	2	90	0	4.6562	1	9	3.6562	0	-7.3438	3	-1	1	1	0	0	0
3	759.54	-2.1515	-3.5712	-2.1515	-3.5712	0	2	90	0	4.6562	1	9	3.6562	0	-7.3438	3	-1	1	1	0	0	0
3	776.08	-2.1515	-3.2173	-2.1515	-3.2173	0	2	90	0	4.6562	1	9	3.6562	0	-7.3438	3	-1	1	1	0	0	0
3	792.71	-2.0912	-2.4129	-2.0912	-2.4129	0	2	90	0	4.6562	1	9	3.6562	0	-7.3438	3	-1	1	1	0	0	0
3	809.27	-2.0108	-2.0269	-2.0108	-2.0269	0	2	90	0	4.6562	1	9	3.6562	0	-7.3438	3	-1	1	1	0	0	0
3	825.89	-1.8097	-1.2547	-1.8097	-1.2547	0	2	90	0	4.6562	1	9	3.6562	0	-7.3438	3	-1	1	1	0	1	0
3	842.45	-1.5684	-0.57911	-1.5684	-0.57911	0	2	90	0	4.6562	1	9	3.6562	0	-7.3438	3	-1	1	1	0	0	0
3	859.07	-1.2668	0.064345	-1.2668	0.064345	0	2	90	0	4.6562	1	9	3.6562	0	-7.3438	3	-1	1	1	0	0	0
3	875.71	-1.0858	0.3539	-1.0858	0.3539	0	2	90	0	4.6562	1	9	3.6562	0	-7.3438	3	-1	1	1	0	0	0
3	892.29	-0.70378	0.93301	-0.70378	0.93301	0	2	90	0	4.6562	1	9	3.6562	0	-7.3438	3	-1	1	1	0	0	0
3	908.85	-0.5027	1.1904	-0.5027	1.1904	0	2	90	0	4.6562	1	9	3.6562	0	-7.3438	3	-1	1	1	0	0	0
3	925.38	-0.080432	1.673	-0.080432	1.673	0	2	90	0	4.6562	1	9	3.6562	0	-7.3438	3	-1	1	1	0	0	0
3	942.05	0.30162	2.059	0.30162	2.059	0	2	90	0	4.6562	1	9	3.6562	0	-7.3438	3	-1	1	1	0	0	0
3	958.65	0.66356	2.3486	0.66356	2.3486	0	2	90	0	4.6562	1	9	3.6562	0	-7.3438	3	-1	1	1	0	0	0
3	975.27	0.84453	2.4451	0.84453	2.4451	0	2	90	0	4.6562	1	9	3.6562	0	-7.3438	3	-1	1	1	0	0	0
3	991.81	1.126	2.6382	1.126	2.6382	0	2	90	0	4.6562	1	9	3.6562	0	-7.3438	3	-1	1	1	0	0	0
3	1008.4	1.2467	2.7025	1.2467	2.7025	0	2	90	0	4.6562	1	9	3.6562	0	-7.3438	3	-1	1	1	0	0	0
3	1025	1.4478	2.7668	1.4478	2.7668	0	2	90	0	4.6562	1	9	3.6562	0	-7.3438	3	-1	1	1	0	0	0
3	1041.5	1.6086	2.799	1.6086	2.799	0	2	90	0	4.6562	1	9	3.6562	0	-7.3438	3	-1	1	1	0	0	0
3	1058.2	1.669	2.799	1.669	2.799	0	2	90	0	4.6562	1	9	3.6562	0	-7.3438	3	-1	1	1	0	0	0
3	1074.8	1.7896	2.7668	1.7896	2.7668	0	2	90	0	4.6562	1	9	3.6562	0	-7.3438	3	-1	1	1	0	0	0
3	1091.4	1.87	2.7347	1.87	2.7347	0	2	90	0	4.6562	1	9	3.6562	0	-7.3438	3	-1	1	1	0	0	0
3	1108	1.9102	2.7025	1.9102	2.7025	0	2	90	0	4.6562	1	9	3.6562	0	-7.3438	3	-1	1	1	0	0	0
3	1124.6	1.9505	2.6703	1.9505	2.6703	0	2	90	0	4.6562	1	9	3.6562	0	-7.3438	3	-1	1	1	0	0	0
3	1141.1	1.9907	2.6703	1.9907	2.6703	0	2	90	0	4.6562	1	9	3.6562	0	-7.3438	3	-1	1	1	0	0	0
3	1157.7	2.051	2.6382	2.051	2.6382	0	3	90	0	4.6562	1	9	3.6562	0	-7.3438	3	-1	1	1	0	0	0
3	1390	3.4384	3.2173	3.4384	3.2173	0	2	90	0	4.6562	1	9	3.6562	0	-7.3438	3	-1	1	0	0	0	0
3	1406.7	3.4586	3.2173	3.4586	3.2173	0	3	90	0	4.6562	1	9	3.6562	0	-7.3438	3	-1	1	0	0	0	0
4	29.358	0.18097	-7.2388	0.18097	-7.2388	0	1	75	3.1058	4.2473	1	12.106	3.2474	0	-7.3438	3	-1	1	1	0	0	0
4	45.987	0.16086	-7.4962	0.16086	-7.4962	0	1	75	3.1058	4.2473	1	12.106	3.2474	0	-7.3438	3	-1	1	1	0	0	0
4	62.577	0.16086	-7.5927	0.16086	-7.5927	0	1	75	3.1058	4.2473	1	12.106	3.2474	0	-7.3438	3	-1	1	1	0	0	0
4	79.184	0.16086	-7.5927	0.16086	-7.5927	0	1	75	3.1058	4.2473	1	12.106	3.2474	0	-7.3438	3	-1	1	1	0	0	0
4	95.781	0.16086	-7.5927	0.16086	-7.5927	0	1	75	3.1058	4.2473	1	12.106	3.2474	0	-7.3438	3	-1	1	1	0	0	0
4	112.36	0.16086	-7.5927	0.16086	-7.5927	0	1	75	3.1058	4.2473	1	12.106	3.2474	0	-7.3438	3	-1	1	1	0	0	0
4	128.92	0.16086	-7.5927	0.16086	-7.5927	0	1	75	3.1058	4.2473	1	12.106	3.2474	0	-7.3438	3	-1	1	1	0	0	0
4	145.53	0.16086	-7.5927	0.16086	-7.5927	0	1	75	3.1058	4.2473	1	12.106	3.2474	0	-7.3438	3	-1	1	1	0	0	0
4	162.15	0.16086	-7.5927	0.16086	-7.5927	0	1	75	3.1058	4.2473	1	12.106	3.2474	0	-7.3438	3	-1	1	1	0	0	0
4	178.77	0.16086	-7.5927	0.16086	-7.5927	0	1	75	3.1058	4.2473	1	12.106	3.2474	0	-7.3438	3	-1	1	1	0	0	0
4	195.36	0.16086	-7.5927	0.16086	-7.5927	0	1	75	3.1058	4.2473	1	12.106	3.2474	0	-7.3438	3	-1	1	1	0	0	0
4	211.93	0.16086	-7.5927	0.16086	-7.5927	0	1	75	3.1058	4.2473	1	12.106	3.2474	0	-7.3438	3	-1	1	1	0	0	0
4	228.51	0.16086	-7.5927	0.16086	-7.5927	0	1	75	3.1058	4.2473	1	12.106	3.2474	0	-7.3438	3	-1	1	1	0	0	0
4	245.1	0.16086	-7.5927	0.16086	-7.5927	0	1	75	3.1058	4.2473	1	12.106	3.2474	0	-7.3438	3	-1	1	1	0	0	0
4	261.69	0.16086	-7.5927	0.16086	-7.5927	0	1	75	3.1058	4.2473	1	12.106	3.2474	0	-7.3438	3	-1	1	1	0	0	0
4	278.37	0.16086	-7.5927	0.16086	-7.5927	0	1	75	3.1058	4.2473	1	12.106	3.2474	0	-7.3438	3	-1	1	1	0	0	0
4	294.91	0.16086	-7.5927	0.16086	-7.5927	0	1	75	3.1058	4.2473	1	12.106	3.2474	0	-7.3438	3	-1	1	1	0	0	0
4	311.48	0.16086	-7.5927	0.16086	-7.5927	0	1	75	3.1058	4.2473	1	12.106	3.2474	0	-7.3438	3	-1	1	1	0	0	0
4	328.09	0.16086	-7.5927	0.16086	-7.5927	0	1	75	3.1058	4.2473	1	12.106	3.2474	0	-7.3438	3	-1	1	1	0	0	0
4	344.69	0.16086	-7.5927	0.16086	-7.5927	0	1	75	3.1058	4.2473	1	12.106	3.2474	0	-7.3438	3	-1	1	1	0	0	0
4	361.28	0.16086	-7.5927	0.16086	-7.5927	0	1	75	3.1058	4.2473	1	12.106	3.2474	0	-7.3438	3	-1	1	1	0	0	0
4	377.84	0.16086	-7.5927	0.16086	-7.5927	0	1	75	3.1058	4.2473	1	12.106	3.2474	0	-7.3438	3	-1	1	1	0	0	0
4	394.48	0.16086	-7.5927	0.16086	-7.5927	0	1	75	3.1058	4.2473	1	12.106	3.2474	0	-7.3438	3	-1	1	1	0	0	0
4	411.11	0.16086	-7.5927	0.16086	-7.5927	0	1	75	3.1058	4.2473	1	12.106	3.2474	0	-7.3438	3	-1	1	1	0	0	0
4	427.64	0.16086	-7.5927	0.16086	-7.5927	0	1	75	3.1058	4.2473	1	12.106	3.2474	0	-7.3438	3	-1	1	1	0	0	0
4	444.23	0.16086	-7.5927	0.16086	-7.5927	0	1	75	3.1058	4.2473	1	12.106	3.2474	0	-7.3438	3	-1	1	1	0	0	0
4	460.84	0.16086	-7.5927	0.16086	-7.5927	0	1	75	3.1058	4.2473	1	12.106	3.2474	0	-7.3438	3	-1	1	1	0	0	0
4	477.45	0.16086	-7.5927	0.16086	-7.5927	0	1	75	3.1058	4.2473	1	12.106	3.2474	0	-7.3438	3	-1	1	1	0	0	0
4	494.01	0.16086	-7.5927	0.16086	-7.5927	0	1	75	3.1058	4.2473	1	12.106	3.2474	0	-7.3438	3	-1	1	1	0	0	0
4	510.63	0.16086	-7.5927	0.16086	-7.5927	0	1	75	3.1058	4.2473	1	12.106	3.2474	0	-7.3438	3	-1	1	1	0	0	0
4	527.23	0.16086	-7.5927	0.16086	-7.5927	0	1	75	3.1058	4.2473	1	12.106	3.2474	0	-7.3438	3	-1	1	1	0	0	0
4	543.84	0.16086	-7.5927	0.16086	-7.5927	0	1	75	3.1058	4.2473	1	12.106	3.2474	0	-7.3438	3	-1	1	1	0	0	0
4	560.41	0.16086	-7.5927	0.16086	-7.5927	0	1	75	3.1058	4.2473	1	12.106	3.2474	0	-7.3438	3	-1	1	1	0	0	0
4	577	0.14076	-7.5927	0.14076	-7.5927	0	1	75	3.1058	4.2473	1	12.106	3.2474	0	-7.3438	3	-1	1	1	0	0	0
4	593.59	0.14076	-7.5927	0.14076	-7.5927	0	1	75	3.1058	4.2473	1	12.106	3.2474	0	-7.3438	3	-1	1	1	0	0	0
4	610.23	0.14076	-7.5606	0.14076	-7.5606	0	1	75	3.1058	4.2473	1	12.106	3.2474	0	-7.3438	3	-1	1	1	0	0	0
4	626.8	0.14076	-7.5606	0.14076	-7.5606	0	1	75	3.1058	4.2473	1	12.106	3.2474	0	-7.3438	3	-1	1	1	0	0	0
4	643.37	0.14076	-7.5606	0.14076	-7.5606	0	1	75	3.1058	4.2473	1	12.106	3.2474	0	-7.3438	3	-1	1	1	0	0	0
4	659.99	0.14076	-7.5606	0.14076	-7.5606	0	1	75	3.1058	4.2473	1	12.106	3.2474	0	-7.3438	3	-1	1	1	0	0	0
4	676.57	0.14076	-7.5606	0.14076	-7.5606	0	1	75	3.1058	4.2473	1	12.106	3.2474	0	-7.3438	3	-1	1	1	0	0	0
4	693.18	0.10054	-7.5284	0.10054	-7.5284	0	1	75	3.1058	4.2473	1	12.106	3.2474	0	-7.3438	3	-1	1	1	0	0	0
4	709.76	0.020108	-7.464	0.020108	-7.464	0	1	75	3.1058	4.2473	1	12.106	3.2474	0	-7.3438	3	-1	1	1	0	0	0
4	726.4	-0.020108	-7.3997	-0.020108	-7.3997	0	1	75	3.1058	4.2473	1	12.106	3.2474	0	-7.3438	3	-1	1	1	0	0	0
4	742.98	-0.12065	-7.2388	-0.12065	-7.2388	0	1	75	3.1058	4.2473	1	12.106	3.2474	0	-7.3438	3	-1	1	1	0	0	0
4	759.57	-0.18097	-7.1423	-0.18097	-7.1423	0	1	75	3.1058	4.2473	1	12.106	3.2474	0	-7.3438	3	-1	1	1	0	0	0
4	775.94	-0.28151	-6.9171	-0.28151	-6.9171	0	1	75	3.1058	4.2473	1	12.106	3.2474	0	-7.3438	3	-1	1	1	0	0	0
4	792.72	-0.38205	-6.5954	-0.38205	-6.5954	0	1	75	3.1058	4.2473	1	12.106	3.2474	0	-7.3438	3	-1	1	1	0	0	0
4	809.32	-0.42227	-6.4345	-0.42227	-6.4345	0	1	75	3.1058	4.2473	1	12.106	3.2474	0	-7.3438	3	-1	1	1	0	0	0
4	825.95	-0.48259	-6.0163	-0.48259	-6.0163	0	1	75	3.1058	4.2473	1	12.106	3.2474	0	-7.3438	3	-1	1	1	0	0	0
4	842.53	-0.52281	-5.5337	-0.52281	-5.5337	0	1	75	3.1058	4.2473	1	12.106	3.2474	0	-7.3438	3	-1	1	1	0	0	0
4	859.12	-0.54291	-5.2441	-0.54291	-5.2441	0	1	75	3.1058	4.2473	1	12.106	3.2474	0	-7.3438	3	-1	1	1	0	0	0
4	875.72	-0.5027	-4.6329	-0.5027	-4.6329	0	2	75	3.1058	4.2473	1	12.106	3.2474	0	-7.3438	3	-1	1	1	0	0	0
4	892.08	-0.42227	-3.9251	-0.42227	-3.9251	0	2	75	3.1058	4.2473	1	12.106	3.2474	0	-7.3438	3	-1	1	1	0	0	0
4	908.65	-0.36194	-3.5712	-0.36194	-3.5712	0	2	75	3.1058	4.2473	1	12.106	3.2474	0	-7.3438	3	-1	1	1	0	0	0
4	925.29	-0.20108	-2.799	-0.20108	-2.799	0	2	75	3.1058	4.2473	1	12.106	3.2474	0	-7.3438	3	-1	1	1	0	0	0
4	941.88	0.020108	-2.0269	0.020108	-2.0269	0	2	75	3.1058	4.2473	1	12.106	3.2474	0	-7.3438	3	-1	1	1	0	0	0
4	958.5	0.16086	-1.6408	0.16086	-1.6408	0	2	75	3.1058	4.2473	1	12.106	3.2474	0	-7.3438	3	-1	1	1	0	1	0
4	975.08	0.44237	-0.83649	0.44237	-0.83649	0	2	75	3.1058	4.2473	1	12.106	3.2474	0	-7.3438	3	-1	1	1	0	0	0
4	991.64	0.7641	-0.064345	0.7641	-0.064345	0	2	75	3.1058	4.2473	1	12.106	3.2474	0	-7.3438	3	-1	1	1	0	0	0
4	1008.2	0.94507	0.32173	0.94507	0.32173	0	2	75	3.1058	4.2473	1	12.106	3.2474	0	-7.3438	3	-1	1	1	0	0	0
4	1024.9	1.307	0.99735	1.307	0.99735	0	2	75	3.1058	4.2473	1	12.106	3.2474	0	-7.3438	3	-1	1	1	0	0	0
4	1041.5	1.7092	1.6408	1.7092	1.6408	0	2	75	3.1058	4.2473	1	12.106	3.2474	0	-7.3438	3	-1	1	1	0	0	0
4	1058	1.9102	1.9304	1.9102	1.9304	0	2	75	3.1058	4.2473	1	12.106	3.2474	0	-7.3438	3	-1	1	1	0	0	0
4	1074.6	2.3526	2.4451	2.3526	2.4451	0	2	75	3.1058	4.2473	1	12.106	3.2474	0	-7.3438	3	-1	1	1	0	0	0
4	1091.2	2.7548	2.8312	2.7548	2.8312	0	2	75	3.1058	4.2473	1	12.106	3.2474	0	-7.3438	3	-1	1	1	0	0	0
4	1107.8	2.9358	2.9921	2.9358	2.9921	0	2	75	3.1058	4.2473	1	12.106	3.2474	0	-7.3438	3	-1	1	1	0	0	0
4	1124.4	3.2374	3.2173	3.2374	3.2173	0	2	75	3.1058	4.2473	1	12.106	3.2474	0	-7.3438	3	-1	1	1	0	0	0
4	1141	3.358	3.2816	3.358	3.2816	0	2	75	3.1058	4.2473	1	12.106	3.2474	0	-7.3438	3	-1	1	1	0	0	0
4	1157.6	3.5792	3.3781	3.5792	3.3781	0	2	75	3.1058	4.2473	1	12.106	3.2474	0	-7.3438	3	-1	1	1	0	0	0
4	1174.3	3.7602	3.3781	3.7602	3.3781	0	2	75	3.1058	4.2473	1	12.106	3.2474	0	-7.3438	3	-1	1	1	0	0	0
4	1190.9	3.9009	3.346	3.9009	3.346	0	2	75	3.1058	4.2473	1	12.106	3.2474	0	-7.3438	3	-1	1	0	0	0	0
4	1207.5	3.9613	3.346	3.9613	3.346	0	2	75	3.1058	4.2473	1	12.106	3.2474	0	-7.3438	3	-1	1	0	0	0	0
4	1224.1	4.0417	3.2816	4.0417	3.2816	0	2	75	3.1058	4.2473	1	12.106	3.2474	0	-7.3438	3	-1	1	0	0	0	0
4	1240.7	4.0618	3.2494	4.0618	3.2494	0	2	75	3.1058	4.2473	1	12.106	3.2474	0	-7.3438	3	-1	1	0	0	0	0
4	1257.3	4.0819	3.1851	4.0819	3.1851	0	2	75	3.1058	4.2473	1	12.106	3.2474	0	-7.3438	3	-1	1	0	0	0	0
4	1273.9	4.102	3.1529	4.102	3.1529	0	2	75	3.1058	4.2473	1	12.106	3.2474	0	-7.3438	3	-1	1	0	0	0	0
4	1290.5	4.0819	3.1529	4.0819	3.1529	0	3	75	3.1058	4.2473	1	12.106	3.2474	0	-7.3438	3	-1	1	0	0	0	0
5	26.238	0.42227	-7.8179	0.42227	-7.8179	0	1	105	-3.1058	4.2473	1	5.8942	3.2474	0	-7.3438	3	-1	1	0	0	0	0
5	42.76	0.40216	-7.7858	0.40216	-7.7858	0	1	105	-3.1058	4.2473	1	5.8942	3.2474	0	-7.3438	3	-1	1	0	0	0	0
5	59.351	0.40216	-7.7858	0.40216	-7.7858	0	1	105	-3.1058	4.2473	1	5.8942	3.2474	0	-7.3438	3	-1	1	0	0	0	0
5	75.918	0.40216	-7.7858	0.40216	-7.7858	0	1	105	-3.1058	4.2473	1	5.8942	3.2474	0	-7.3438	3	-1	1	0	0	0	0
5	92.581	0.40216	-7.7858	0.40216	-7.7858	0	1	105	-3.1058	4.2473	1	5.8942	3.2474	0	-7.3438	3	-1	1	0	0	0	0
5	109.15	0.40216	-7.7858	0.40216	-7.7858	0	1	105	-3.1058	4.2473	1	5.8942	3.2474	0	-7.3438	3	-1	1	0	0	0	0
5	125.76	0.40216	-7.8179	0.40216	-7.8179	0	1	105	-3.1058	4.2473	1	5.8942	3.2474	0	-7.3438	3	-1	1	0	0	0	0
5	142.34	0.40216	-7.8179	0.40216	-7.8179	0	1	105	-3.1058	4.2473	1	5.8942	3.2474	0	-7.3438	3	-1	1	0	0	0	0
5	158.95	0.42227	-7.8501	0.42227	-7.8501	0	1	105	-3.1058	4.2473	1	5.8942	3.2474	0	-7.3438	3	-1	1	0	0	0	0
5	175.51	0.42227	-7.8501	0.42227	-7.8501	0	1	105	-3.1058	4.2473	1	5.8942	3.2474	0	-7.3438	3	-1	1	0	0	0	0
5	192.1	0.44237	-7.8501	0.44237	-7.8501	0	1	105	-3.1058	4.2473	1	5.8942	3.2474	0	-7.3438	3	-1	1	0	0	0	0
5	208.66	0.44237	-7.8501	0.44237	-7.8501	0	1	105	-3.1058	4.2473	1	5.8942	3.2474	0	-7.3438	3	-1	1	0	0	0	0
5	225.35	0.44237	-7.8179	0.44237	-7.8179	0	1	105	-3.1058	4.2473	1	5.8942	3.2474	0	-7.3438	3	-1	1	0	0	0	0
5	241.91	0.44237	-7.8179	0.44237	-7.8179	0	1	105	-3.1058	4.2473	1	5.8942	3.2474	0	-7.3438	3	-1	1	0	0	0	0
5	258.48	0.40216	-7.7858	0.40216	-7.7858	0	1	105	-3.1058	4.2473	1	5.8942	3.2474	0	-7.3438	3	-1	1	1	0	0	0
5	275.1	0.36194	-7.6571	0.36194	-7.6571	0	1	105	-3.1058	4.2473	1	5.8942	3.2474	0	-7.3438	3	-1	1	1	0	0	0
5	291.61	0.34183	-7.5606	0.34183	-7.5606	0	1	105	-3.1058	4.2473	1	5.8942	3.2474	0	-7.3438	3	-1	1	1	0	0	0
5	308.25	0.32173	-7.3675	0.32173	-7.3675	0	1	105	-3.1058	4.2473	1	5.8942	3.2474	0	-7.3438	3	-1	1	1	0	0	0
5	324.8	0.22119	-7.3032	0.22119	-7.3032	0	1	105	-3.1058	4.2473	1	5.8942	3.2474	0	-7.3438	3	-1	1	1	0	0	0
5	341.48	0.16086	-7.271	0.16086	-7.271	0	1	105	-3.1058	4.2473	1	5.8942	3.2474	0	-7.3438	3	-1	1	1	0	0	0
5	358.06	0.10054	-7.271	0.10054	-7.271	0	1	105	-3.1058	4.2473	1	5.8942	3.2474	0	-7.3438	3	-1	1	1	0	0	0
5	374.64	0.060324	-7.271	0.060324	-7.271	0	1	105	-3.1058	4.2473	1	5.8942	3.2474	0	-7.3438	3	-1	1	1	0	0	0
5	391.24	0.040216	-7.271	0.040216	-7.271	0	1	105	-3.1058	4.2473	1	5.8942	3.2474	0	-7.3438	3	-1	1	1	0	0	0
5	407.83	-0.020108	-7.3032	-0.020108	-7.3032	0	1	105	-3.1058	4.2473	1	5.8942	3.2474	0	-7.3438	3	-1	1	1	0	0	0
5	424.43	-0.040216	-7.3032	-0.040216	-7.3032	0	1	105	-3.1058	4.2473	1	5.8942	3.2474	0	-7.3438	3	-1	1	1	0	0	0
5	441.02	-0.10054	-7.3354	-0.10054	-7.3354	0	1	105	-3.1058	4.2473	1	5.8942	3.2474	0	-7.3438	3	-1	1	1	0	0	0
5	457.6	-0.12065	-7.3675	-0.12065	-7.3675	0	1	105	-3.1058	4.2473	1	5.8942	3.2474	0	-7.3438	3	-1	1	1	0	0	0
5	474.23	-0.12065	-7.3675	-0.12065	-7.3675	0	1	105	-3.1058	4.2473	1	5.8942	3.2474	0	-7.3438	3	-1	1	1	0	0	0
5	490.79	-0.12065	-7.3675	-0.12065	-7.3675	0	1	105	-3.1058	4.2473	1	5.8942	3.2474	0	-7.3438	3	-1	1	1	0	0	0
5	507.36	-0.12065	-7.3997	-0.12065	-7.3997	0	1	105	-3.1058	4.2473	1	5.8942	3.2474	0	-7.3438	3	-1	1	1	0	0	0
5	523.96	-0.12065	-7.3997	-0.12065	-7.3997	0	1	105	-3.1058	4.2473	1	5.8942	3.2474	0	-7.3438	3	-1	1	1	0	0	0
5	540.58	-0.14076	-7.4319	-0.14076	-7.4319	0	1	105	-3.1058	4.2473	1	5.8942	3.2474	0	-7.3438	3	-1	1	1	0	0	0
5	557.17	-0.14076	-7.464	-0.14076	-7.464	0	1	105	-3.1058	4.2473	1	5.8942	3.2474	0	-7.3438	3	-1	1	1	0	0	0
5	573.78	-0.14076	-7.464	-0.14076	-7.464	0	1	105	-3.1058	4.2473	1	5.8942	3.2474	0	-7.3438	3	-1	1	1	0	0	0
5	590.63	-0.14076	-7.464	-0.14076	-7.464	0	1	105	-3.1058	4.2473	1	5.8942	3.2474	0	-7.3438	3	-1	1	1	0	0	0
5	606.98	-0.16086	-7.4319	-0.16086	-7.4319	0	1	105	-3.1058	4.2473	1	5.8942	3.2474	0	-7.3438	3	-1	1	1	0	0	0
5	623.55	-0.20108	-7.3997	-0.20108	-7.3997	0	1	105	-3.1058	4.2473	1	5.8942	3.2474	0	-7.3438	3	-1	1	1	0	0	0
5	640.14	-0.2614	-7.2388	-0.2614	-7.2388	0	1	105	-3.1058	4.2473	1	5.8942	3.2474	0	-7.3438	3	-1	1	1	0	0	0
5	656.78	-0.34183	-6.9815	-0.34183	-6.9815	0	1	105	-3.1058	4.2473	1	5.8942	3.2474	0	-7.3438	3	-1	1	1	0	0	0
5	673.37	-0.38205	-6.6276	-0.38205	-6.6276	0	1	105	-3.1058	4.2473	1	5.8942	3.2474	0	-7.3438	3	-1	1	1	0	0	0
5	689.97	-0.40216	-6.4024	-0.40216	-6.4024	0	1	105	-3.1058	4.2473	1	5.8942	3.2474	0	-7.3438	3	-1	1	1	0	0	0
5	706.54	-0.44237	-5.9519	-0.44237	-5.9519	0	1	105	-3.1058	4.2473	1	5.8942	3.2474	0	-7.3438	3	-1	1	1	0	0	0
5	723.1	-0.48259	-5.6624	-0.48259	-5.6624	0	1	105	-3.1058	4.2473	1	5.8942	3.2474	0	-7.3438	3	-1	1	1	0	0	0
5	739.68	-0.56302	-5.0833	-0.56302	-5.0833	0	1	105	-3.1058	4.2473	1	5.8942	3.2474	0	-7.3438	3	-1	1	1	0	0	0
5	756.4	-0.64345	-4.3755	-0.64345	-4.3755	0	2	105	-3.1058	4.2473	1	5.8942	3.2474	0	-7.3438	3	-1	1	1	0	0	0
5	772.92	-0.72388	-3.6355	-0.72388	-3.6355	0	2	105	-3.1058	4.2473	1	5.8942	3.2474	0	-7.3438	3	-1	1	1	0	0	0
5	789.5	-0.74399	-3.2494	-0.74399	-3.2494	0	2	105	-3.1058	4.2473	1	5.8942	3.2474	0	-7.3438	3	-1	1	1	0	0	0
5	806.09	-0.82442	-2.4129	-0.82442	-2.4129	0	2	105	-3.1058	4.2473	1	5.8942	3.2474	0	-7.3438	3	-1	1	1	0	0	0
5	822.7	-0.84453	-1.9625	-0.84453	-1.9625	0	2	105	-3.1058	4.2473	1	5.8942	3.2474	0	-7.3438	3	-1	1	1	0	0	0
5	839.28	-0.88475	-1.0617	-0.88475	-1.0617	0	2	105	-3.1058	4.2473	1	5.8942	3.2474	0	-7.3438	3	-1	1	1	0	1	0
5	855.85	-0.88475	-0.16086	-0.88475	-0.16086	0	2	105	-3.1058	4.2473	1	5.8942	3.2474	0	-7.3438	3	-1	1	1	0	0	0
5	872.49	-0.86464	0.67563	-0.86464	0.67562	0	2	105	-3.1058	4.2473	1	5.8942	3.2474	0	-7.3438	3	-1	1	1	0	0	0
5	889.09	-0.86464	1.0617	-0.86464	1.0617	0	2	105	-3.1058	4.2473	1	5.8942	3.2474	0	-7.3438	3	-1	1	1	0	0	0
5	905.69	-0.84453	1.8017	-0.84453	1.8017	0	2	105	-3.1058	4.2473	1	5.8942	3.2474	0	-7.3438	3	-1	1	1	0	0	0
5	922.26	-0.82442	2.1556	-0.82442	2.1556	0	2	105	-3.1058	4.2473	1	5.8942	3.2474	0	-7.3438	3	-1	1	1	0	0	0
5	938.85	-0.80432	2.8312	-0.80432	2.8312	0	2	105	-3.1058	4.2473	1	5.8942	3.2474	0	-7.3438	3	-1	1	1	0	0	0
5	955.43	-0.80432	3.4103	-0.80432	3.4103	0	2	105	-3.1058	4.2473	1	5.8942	3.2474	0	-7.3438	3	-1	1	1	0	0	0
5	972.03	-0.80432	3.6355	-0.80432	3.6355	0	2	105	-3.1058	4.2473	1	5.8942	3.2474	0	-7.3438	3	-1	1	1	0	0	0
5	988.6	-0.86464	4.0859	-0.86464	4.0859	0	2	105	-3.1058	4.2473	1	5.8942	3.2474	0	-7.3438	3	-1	1	1	0	0	0
5	1005.2	-0.96518	4.4076	-0.96518	4.4076	0	2	105	-3.1058	4.2473	1	5.8942	3.2474	0	-7.3438	3	-1	1	1	0	0	0
5	1021.9	-1.0255	4.5363	-1.0255	4.5363	0	2	105	-3.1058	4.2473	1	5.8942	3.2474	0	-7.3438	3	-1	1	1	0	0	0
5	1038.4	-1.1864	4.7615	-1.1864	4.7615	0	2	105	-3.1058	4.2473	1	5.8942	3.2474	0	-7.3438	3	-1	1	1	0	0	0
5	1055	-1.3472	4.9224	-1.3472	4.9224	0	2	105	-3.1058	4.2473	1	5.8942	3.2474	0	-7.3438	3	-1	1	1	0	0	0
5	1071.6	-1.4277	4.9546	-1.4277	4.9546	0	2	105	-3.1058	4.2473	1	5.8942	3.2474	0	-7.3438	3	-1	1	1	0	0	0
5	1088.2	-1.5885	5.0189	-1.5885	5.0189	0	2	105	-3.1058	4.2473	1	5.8942	3.2474	0	-7.3438	3	-1	1	1	0	0	0
5	1104.8	-1.7695	5.0511	-1.7695	5.0511	0	2	105	-3.1058	4.2473	1	5.8942	3.2474	0	-7.3438	3	-1	1	1	0	0	0
5	1121.4	-1.8499	5.0511	-1.8499	5.0511	0	2	105	-3.1058	4.2473	1	5.8942	3.2474	0	-7.3438	3	-1	1	1	0	0	0
5	1138	-1.9907	5.0511	-1.9907	5.0511	0	2	105	-3.1058	4.2473	1	5.8942	3.2474	0	-7.3438	3	-1	1	1	0	0	0
5	1154.6	-2.1314	5.0189	-2.1314	5.0189	0	2	105	-3.1058	4.2473	1	5.8942	3.2474	0	-7.3438	3	-1	1	1	0	0	0
5	1171.1	-2.1918	5.0189	-2.1918	5.0189	0	2	105	-3.1058	4.2473	1	5.8942	3.2474	0	-7.3438	3	-1	1	1	0	0	0
5	1187.7	-2.2923	4.9868	-2.2923	4.9868	0	3	105	-3.1058	4.2473	1	5.8942	3.2474	0	-7.3438	3	-1	1	0	0	0	0
6	30.176	-0.14076	-7.0458	-0.14076	-7.0458	0	1	90	0	4.6562	1	9	3.6562	0	-7.3438	3	-1	1	1	0	0	0
6	46.772	-0.16086	-7.3032	-0.16086	-7.3032	0	1	90	0	4.6562	1	9	3.6562	0	-7.3438	3	-1	1	1	0	0	0
6	63.34	-0.18097	-7.4319	-0.18097	-7.4319	0	1	90	0	4.6562	1	9	3.6562	0	-7.3438	3	-1	1	1	0	0	0
6	79.924	-0.18097	-7.5606	-0.18097	-7.5606	0	1	90	0	4.6562	1	9	3.6562	0	-7.3438	3	-1	1	1	0	0	0
6	96.531	-0.16086	-7.5927	-0.16086	-7.5927	0	1	90	0	4.6562	1	9	3.6562	0	-7.3438	3	-1	1	1	0	0	0
6	113.14	-0.16086	-7.5927	-0.16086	-7.5927	0	1	90	0	4.6562	1	9	3.6562	0	-7.3438	3	-1	1	1	0	0	0
6	129.76	-0.16086	-7.5927	-0.16086	-7.5927	0	1	90	0	4.6562	1	9	3.6562	0	-7.3438	3	-1	1	1	0	0	0
6	146.34	-0.16086	-7.5927	-0.16086	-7.5927	0	1	90	0	4.6562	1	9	3.6562	0	-7.3438	3	-1	1	1	0	0	0
6	162.9	-0.16086	-7.5927	-0.16086	-7.5927	0	1	90	0	4.6562	1	9	3.6562	0	-7.3438	3	-1	1	1	0	0	0
6	179.45	-0.16086	-7.5927	-0.16086	-7.5927	0	1	90	0	4.6562	1	9	3.6562	0	-7.3438	3	-1	1	1	0	0	0
6	196.05	-0.16086	-7.5927	-0.16086	-7.5927	0	1	90	0	4.6562	1	9	3.6562	0	-7.3438	3	-1	1	1	0	0	0
6	212.68	-0.16086	-7.5927	-0.16086	-7.5927	0	1	90	0	4.6562	1	9	3.6562	0	-7.3438	3	-1	1	1	0	0	0
6	229.26	-0.16086	-7.5927	-0.16086	-7.5927	0	1	90	0	4.6562	1	9	3.6562	0	-7.3438	3	-1	1	1	0	0	0
6	245.9	-0.16086	-7.5927	-0.16086	-7.5927	0	1	90	0	4.6562	1	9	3.6562	0	-7.3438	3	-1	1	1	0	0	0
6	262.48	-0.18097	-7.5927	-0.18097	-7.5927	0	1	90	0	4.6562	1	9	3.6562	0	-7.3438	3	-1	1	1	0	0	0
6	279.03	-0.18097	-7.5927	-0.18097	-7.5927	0	1	90	0	4.6562	1	9	3.6562	0	-7.3438	3	-1	1	1	0	0	0
6	295.56	-0.20108	-7.5927	-0.20108	-7.5927	0	1	90	0	4.6562	1	9	3.6562	0	-7.3438	3	-1	1	1	0	0	0
6	312.21	-0.20108	-7.5927	-0.20108	-7.5927	0	1	90	0	4.6562	1	9	3.6562	0	-7.3438	3	-1	1	1	0	0	0
6	328.84	-0.20108	-7.5606	-0.20108	-7.5606	0	1	90	0	4.6562	1	9	3.6562	0	-7.3438	3	-1	1	1	0	0	0
6	345.47	-0.22119	-7.5606	-0.22119	-7.5606	0	1	90	0	4.6562	1	9	3.6562	0	-7.3438	3	-1	1	1	0	0	0
6	362.04	-0.24129	-7.5284	-0.24129	-7.5284	0	1	90	0	4.6562	1	9	3.6562	0	-7.3438	3	-1	1	1	0	0	0
6	378.59	-0.28151	-7.3997	-0.28151	-7.3997	0	1	90	0	4.6562	1	9	3.6562	0	-7.3438	3	-1	1	1	0	0	0
6	395.23	-0.30162	-7.2067	-0.30162	-7.2067	0	1	90	0	4.6562	1	9	3.6562	0	-7.3438	3	-1	1	1	0	0	0
6	411.79	-0.30162	-7.078	-0.30162	-7.078	0	1	90	0	4.6562	1	9	3.6562	0	-7.3438	3	-1	1	1	0	0	0
6	428.41	-0.28151	-6.7241	-0.28151	-6.7241	0	1	90	0	4.6562	1	9	3.6562	0	-7.3438	3	-1	1	1	0	0	0
6	445.01	-0.2614	-6.3058	-0.2614	-6.3058	0	1	90	0	4.6562	1	9	3.6562	0	-7.3438	3	-1	1	1	0	0	0
6	461.58	-0.24129	-6.0806	-0.24129	-6.0806	0	1	90	0	4.6562	1	9	3.6562	0	-7.3438	3	-1	1	1	0	0	0
6	478.16	-0.18097	-5.5659	-0.18097	-5.5659	0	1	90	0	4.6562	1	9	3.6562	0	-7.3438	3	-1	1	1	0	0	0
6	494.77	-0.080432	-4.9868	-0.080432	-4.9868	0	1	90	0	4.6562	1	9	3.6562	0	-7.3438	3	-1	1	1	0	0	0
6	511.37	0	-4.6329	0	-4.6329	0	2	90	0	4.6562	1	9	3.6562	0	-7.3438	3	-1	1	1	0	0	0
6	527.9	0.16086	-3.9572	0.16086	-3.9572	0	2	90	0	4.6562	1	9	3.6562	0	-7.3438	3	-1	1	1	0	0	0
6	544.56	0.38205	-3.2816	0.38205	-3.2816	0	2	90	0	4.6562	1	9	3.6562	0	-7.3438	3	-1	1	1	0	0	0
6	561.15	0.5027	-2.9277	0.5027	-2.9277	0	2	90	0	4.6562	1	9	3.6562	0	-7.3438	3	-1	1	1	0	0	0
6	577.78	0.78421	-2.1877	0.78421	-2.1877	0	2	90	0	4.6562	1	9	3.6562	0	-7.3438	3	-1	1	1	0	1	0
6	594.37	1.1059	-1.4478	1.1059	-1.4478	0	2	90	0	4.6562	1	9	3.6562	0	-7.3438	3	-1	1	1	0	0	0
6	610.96	1.2668	-1.0939	1.2668	-1.0939	0	2	90	0	4.6562	1	9	3.6562	0	-7.3438	3	-1	1	1	0	0	0
6	627.47	1.5885	-0.41824	1.5885	-0.41824	0	2	90	0	4.6562	1	9	3.6562	0	-7.3438	3	-1	1	1	0	0	0
6	644.12	1.7494	-0.096518	1.7494	-0.096518	0	2	90	0	4.6562	1	9	3.6562	0	-7.3438	3	-1	1	1	0	0	0
6	660.66	2.0309	0.54693	2.0309	0.54693	0	2	90	0	4.6562	1	9	3.6562	0	-7.3438	3	-1	1	1	0	0	0
6	677.31	2.3124	1.1582	2.3124	1.1582	0	2	90	0	4.6562	1	9	3.6562	0	-7.3438	3	-1	1	1	0	0	0
6	693.93	2.4331	1.4156	2.4331	1.4156	0	2	90	0	4.6562	1	9	3.6562	0	-7.3438	3	-1	1	1	0	0	0
6	710.56	2.6341	1.9304	2.6341	1.9304	0	2	90	0	4.6562	1	9	3.6562	0	-7.3438	3	-1	1	1	0	0	0
6	727.11	2.7347	2.3808	2.7347	2.3808	0	2	90	0	4.6562	1	9	3.6562	0	-7.3438	3	-1	1	1	0	0	0
6	743.68	2.7548	2.5416	2.7548	2.5416	0	2	90	0	4.6562	1	9	3.6562	0	-7.3438	3	-1	1	1	0	0	0
6	760.25	2.7347	2.8955	2.7347	2.8955	0	2	90	0	4.6562	1	9	3.6562	0	-7.3438	3	-1	1	1	0	0	0
6	776.88	2.6743	3.1529	2.6743	3.1529	0	2	90	0	4.6562	1	9	3.6562	0	-7.3438	3	-1	1	1	0	0	0
6	793.5	2.614	3.2494	2.614	3.2494	0	2	90	0	4.6562	1	9	3.6562	0	-7.3438	3	-1	1	1	0	0	0
6	810.25	2.4532	3.4425	2.4532	3.4425	0	2	90	0	4.6562	1	9	3.6562	0	-7.3438	3	-1	1	1	0	0	0
6	826.67	2.232	3.5712	2.232	3.5712	0	2	90	0	4.6562	1	9	3.6562	0	-7.3438	3	-1	1	1	0	0	0
6	843.27	2.1113	3.6355	2.1113	3.6355	0	2	90	0	4.6562	1	9	3.6562	0	-7.3438	3	-1	1	1	0	0	0
6	859.84	1.8298	3.6999	1.8298	3.6999	0	2	90	0	4.6562	1	9	3.6562	0	-7.3438	3	-1	1	1	0	0	0
6	876.43	1.5483	3.732	1.5483	3.732	0	2	90	0	4.6562	1	9	3.6562	0	-7.3438	3	-1	1	1	0	0	0
6	893	1.4076	3.7642	1.4076	3.7642	0	2	90	0	4.6562	1	9	3.6562	0	-7.3438	3	-1	1	1	0	0	0
6	909.62	1.126	3.732	1.126	3.732	0	2	90	0	4.6562	1	9	3.6562	0	-7.3438	3	-1	1	1	0	0	0
6	926.22	0.82442	3.6999	0.82442	3.6999	0	2	90	0	4.6562	1	9	3.6562	0	-7.3438	3	-1	1	1	0	0	0
6	942.81	0.66356	3.6677	0.66356	3.6677	0	2	90	0	4.6562	1	9	3.6562	0	-7.3438	3	-1	1	1	0	0	0
6	959.41	0.40216	3.6355	0.40216	3.6355	0	2	90	0	4.6562	1	9	3.6562	0	-7.3438	3	-1	1	1	0	0	0
6	975.99	0.28151	3.6033	0.28151	3.6033	0	2	90	0	4.6562	1	9	3.6562	0	-7.3438	3	-1	1	1	0	0	0
6	992.59	0.080432	3.539	0.080432	3.539	0	2	90	0	4.6562	1	9	3.6562	0	-7.3438	3	-1	1	1	0	0	0
6	1009.2	-0.080432	3.4746	-0.080432	3.4746	0	2	90	0	4.6562	1	9	3.6562	0	-7.3438	3	-1	1	1	0	0	0
6	1025.8	-0.20108	3.4425	-0.20108	3.4425	0	2	90	0	4.6562	1	9	3.6562	0	-7.3438	3	-1	1	0	0	0	0
6	1042.4	-0.24129	3.4103	-0.24129	3.4103	0	2	90	0	4.6562	1	9	3.6562	0	-7.3438	3	-1	1	0	0	0	0
6	1059	-0.30162	3.3781	-0.30162	3.3781	0	2	90	0	4.6562	1	9	3.6562	0	-7.3438	3	-1	1	0	0	0	0
6	1075.6	-0.30162	3.3781	-0.30162	3.3781	0	2	90	0	4.6562	1	9	3.6562	0	-7.3438	3	-1	1	0	0	0	0
6	1092.2	-0.32173	3.3781	-0.32173	3.3781	0	3	90	0	4.6562	1	9	3.6562	0	-7.3438	3	-1	1	0	0	0	0
7	30.269	-0.44237	-7.3997	-0.44237	-7.3997	0	1	105	-3.1058	4.2473	1	5.8942	3.2474	0	-7.3438	3	-1	1	0	0	0	0
7	46.898	-0.28151	-7.5284	-0.28151	-7.5284	0	1	105	-3.1058	4.2473	1	5.8942	3.2474	0	-7.3438	3	-1	1	0	0	0	0
7	63.45	-0.22119	-7.5606	-0.22119	-7.5606	0	1	105	-3.1058	4.2473	1	5.8942	3.2474	0	-7.3438	3	-1	1	0	0	0	0
7	80.04	-0.16086	-7.5927	-0.16086	-7.5927	0	1	105	-3.1058	4.2473	1	5.8942	3.2474	0	-7.3438	3	-1	1	0	0	0	0
7	96.835	-0.14076	-7.6249	-0.14076	-7.6249	0	1	105	-3.1058	4.2473	1	5.8942	3.2474	0	-7.3438	3	-1	1	0	0	0	0
7	113.25	-0.14076	-7.6249	-0.14076	-7.6249	0	1	105	-3.1058	4.2473	1	5.8942	3.2474	0	-7.3438	3	-1	1	0	0	0	0
7	129.78	-0.14076	-7.6249	-0.14076	-7.6249	0	1	105	-3.1058	4.2473	1	5.8942	3.2474	0	-7.3438	3	-1	1	0	0	0	0
7	146.42	-0.14076	-7.6249	-0.14076	-7.6249	0	1	105	-3.1058	4.2473	1	5.8942	3.2474	0	-7.3438	3	-1	1	0	0	0	0
7	163	-0.14076	-7.6249	-0.14076	-7.6249	0	1	105	-3.1058	4.2473	1	5.8942	3.2474	0	-7.3438	3	-1	1	0	0	0	0
7	179.76	-0.14076	-7.6249	-0.14076	-7.6249	0	1	105	-3.1058	4.2473	1	5.8942	3.2474	0	-7.3438	3	-1	1	0	0	0	0
7	196.21	-0.14076	-7.6249	-0.14076	-7.6249	0	1	105	-3.1058	4.2473	1	5.8942	3.2474	0	-7.3438	3	-1	1	0	0	0	0
7	212.82	-0.14076	-7.6249	-0.14076	-7.6249	0	1	105	-3.1058	4.2473	1	5.8942	3.2474	0	-7.3438	3	-1	1	0	0	0	0
7	229.42	-0.14076	-7.5927	-0.14076	-7.5927	0	1	105	-3.1058	4.2473	1	5.8942	3.2474	0	-7.3438	3	-1	1	0	0	0	0
7	245.99	-0.16086	-7.5927	-0.16086	-7.5927	0	1	105	-3.1058	4.2473	1	5.8942	3.2474	0	-7.3438	3	-1	1	1	0	0	0
7	262.57	-0.18097	-7.5927	-0.18097	-7.5927	0	1	105	-3.1058	4.2473	1	5.8942	3.2474	0	-7.3438	3	-1	1	1	0	0	0
7	279.16	-0.28151	-7.5284	-0.28151	-7.5284	0	1	105	-3.1058	4.2473	1	5.8942	3.2474	0	-7.3438	3	-1	1	1	0	0	0
7	295.76	-0.34183	-7.464	-0.34183	-7.464	0	1	105	-3.1058	4.2473	1	5.8942	3.2474	0	-7.3438	3	-1	1	1	0	0	0
7	312.35	-0.54291	-7.3032	-0.54291	-7.3032	0	1	105	-3.1058	4.2473	1	5.8942	3.2474	0	-7.3438	3	-1	1	1	0	0	0
7	328.97	-0.78421	-7.1101	-0.78421	-7.1101	0	1	105	-3.1058	4.2473	1	5.8942	3.2474	0	-7.3438	3	-1	1	1	0	0	0
7	345.59	-1.0657	-6.8849	-1.0657	-6.8849	0	1	105	-3.1058	4.2473	1	5.8942	3.2474	0	-7.3438	3	-1	1	1	0	0	0
7	362.17	-1.2266	-6.7562	-1.2266	-6.7562	0	1	105	-3.1058	4.2473	1	5.8942	3.2474	0	-7.3438	3	-1	1	1	0	0	0
7	378.74	-1.5684	-6.4667	-1.5684	-6.4667	0	1	105	-3.1058	4.2473	1	5.8942	3.2474	0	-7.3438	3	-1	1	1	0	0	0
7	395.3	-1.7293	-6.3058	-1.7293	-6.3058	0	1	105	-3.1058	4.2473	1	5.8942	3.2474	0	-7.3438	3	-1	1	1	0	0	0
7	411.92	-2.051	-5.8876	-2.051	-5.8876	0	2	105	-3.1058	4.2473	1	5.8942	3.2474	0	-7.3438	3	-1	1	1	0	0	0
7	428.54	-2.3526	-5.405	-2.3526	-5.405	0	2	105	-3.1058	4.2473	1	5.8942	3.2474	0	-7.3438	3	-1	1	1	0	0	0
7	445.16	-2.6542	-4.8581	-2.6542	-4.8581	0	2	105	-3.1058	4.2473	1	5.8942	3.2474	0	-7.3438	3	-1	1	1	0	0	0
7	461.79	-2.7749	-4.5685	-2.7749	-4.5685	0	2	105	-3.1058	4.2473	1	5.8942	3.2474	0	-7.3438	3	-1	1	1	0	0	0
7	478.3	-2.9961	-3.9251	-2.9961	-3.9251	0	2	105	-3.1058	4.2473	1	5.8942	3.2474	0	-7.3438	3	-1	1	1	0	0	0
7	494.9	-3.0966	-3.6033	-3.0966	-3.6033	0	2	105	-3.1058	4.2473	1	5.8942	3.2474	0	-7.3438	3	-1	1	1	0	0	0
7	511.49	-3.2575	-2.8955	-3.2575	-2.8955	0	2	105	-3.1058	4.2473	1	5.8942	3.2474	0	-7.3438	3	-1	1	1	0	1	0
7	528.11	-3.358	-2.1877	-3.358	-2.1877	0	2	105	-3.1058	4.2473	1	5.8942	3.2474	0	-7.3438	3	-1	1	1	0	0	0
7	544.68	-3.3982	-1.4799	-3.3982	-1.4799	0	2	105	-3.1058	4.2473	1	5.8942	3.2474	0	-7.3438	3	-1	1	1	0	0	0
7	561.31	-3.4183	-1.126	-3.4183	-1.126	0	2	105	-3.1058	4.2473	1	5.8942	3.2474	0	-7.3438	3	-1	1	1	0	0	0
7	577.88	-3.4183	-0.45042	-3.4183	-0.45042	0	2	105	-3.1058	4.2473	1	5.8942	3.2474	0	-7.3438	3	-1	1	1	0	0	0
7	594.49	-3.4183	-0.12869	-3.4183	-0.12869	0	2	105	-3.1058	4.2473	1	5.8942	3.2474	0	-7.3438	3	-1	1	1	0	0	0
7	611.05	-3.358	0.45042	-3.358	0.45042	0	2	105	-3.1058	4.2473	1	5.8942	3.2474	0	-7.3438	3	-1	1	1	0	0	0
7	627.63	-3.2575	0.99735	-3.2575	0.99735	0	2	105	-3.1058	4.2473	1	5.8942	3.2474	0	-7.3438	3	-1	1	1	0	0	0
7	644.22	-3.1368	1.4799	-3.1368	1.4799	0	2	105	-3.1058	4.2473	1	5.8942	3.2474	0	-7.3438	3	-1	1	1	0	0	0
7	660.82	-3.0765	1.673	-3.0765	1.673	0	2	105	-3.1058	4.2473	1	5.8942	3.2474	0	-7.3438	3	-1	1	1	0	0	0
7	677.43	-2.9358	2.0269	-2.9358	2.0269	0	2	105	-3.1058	4.2473	1	5.8942	3.2474	0	-7.3438	3	-1	1	1	0	0	0
7	694.06	-2.8754	2.1877	-2.8754	2.1877	0	2	105	-3.1058	4.2473	1	5.8942	3.2474	0	-7.3438	3	-1	1	1	0	0	0
7	710.64	-2.7347	2.4451	-2.7347	2.4451	0	2	105	-3.1058	4.2473	1	5.8942	3.2474	0	-7.3438	3	-1	1	1	0	0	0
7	727.19	-2.5939	2.6382	-2.5939	2.6382	0	2	105	-3.1058	4.2473	1	5.8942	3.2474	0	-7.3438	3	-1	1	1	0	0	0
7	743.79	-2.4934	2.799	-2.4934	2.799	0	2	105	-3.1058	4.2473	1	5.8942	3.2474	0	-7.3438	3	-1	1	1	0	0	0
7	760.39	-2.4532	2.8634	-2.4532	2.8634	0	2	105	-3.1058	4.2473	1	5.8942	3.2474	0	-7.3438	3	-1	1	1	0	0	0
7	777.02	-2.3727	2.9599	-2.3727	2.9599	0	2	105	-3.1058	4.2473	1	5.8942	3.2474	0	-7.3438	3	-1	1	0	0	0	0
7	793.63	-2.3325	2.9921	-2.3325	2.9921	0	2	105	-3.1058	4.2473	1	5.8942	3.2474	0	-7.3438	3	-1	1	0	0	0	0
7	810.2	-2.2722	3.0564	-2.2722	3.0564	0	2	105	-3.1058	4.2473	1	5.8942	3.2474	0	-7.3438	3	-1	1	0	0	0	0
7	826.77	-2.232	3.0886	-2.232	3.0886	0	2	105	-3.1058	4.2473	1	5.8942	3.2474	0	-7.3438	3	-1	1	0	0	0	0
7	843.34	-2.2119	3.1207	-2.2119	3.1207	0	2	105	-3.1058	4.2473	1	5.8942	3.2474	0	-7.3438	3	-1	1	0	0	0	0
7	859.97	-2.1918	3.1529	-2.1918	3.1529	0	3	105	-3.1058	4.2473	1	5.8942	3.2474	0	-7.3438	3	-1	1	0	0	0	0
8	30.549	0.56302	-7.4319	0.56302	-7.4319	0	1	75	3.1058	4.2473	1	12.106	3.2474	0	-7.3438	3	-1	1	0	0	0	0
8	47.134	0.56302	-7.464	0.56302	-7.464	0	1	75	3.1058	4.2473	1	12.106	3.2474	0	-7.3438	3	-1	1	0	0	0	0
8	63.779	0.58313	-7.464	0.58313	-7.464	0	1	75	3.1058	4.2473	1	12.106	3.2474	0	-7.3438	3	-1	1	0	0	0	0
8	80.368	0.58313	-7.464	0.58313	-7.464	0	1	75	3.1058	4.2473	1	12.106	3.2474	0	-7.3438	3	-1	1	0	0	0	0
8	96.94	0.58313	-7.464	0.58313	-7.464	0	1	75	3.1058	4.2473	1	12.106	3.2474	0	-7.3438	3	-1	1	0	0	0	0
8	113.54	0.58313	-7.464	0.58313	-7.464	0	1	75	3.1058	4.2473	1	12.106	3.2474	0	-7.3438	3	-1	1	0	0	0	0
8	130.11	0.58313	-7.464	0.58313	-7.464	0	1	75	3.1058	4.2473	1	12.106	3.2474	0	-7.3438	3	-1	1	0	0	0	0
8	146.71	0.58313	-7.464	0.58313	-7.464	0	1	75	3.1058	4.2473	1	12.106	3.2474	0	-7.3438	3	-1	1	0	0	0	0
8	163.31	0.56302	-7.464	0.56302	-7.464	0	1	75	3.1058	4.2473	1	12.106	3.2474	0	-7.3438	3	-1	1	1	0	0	0
8	179.9	0.54291	-7.4319	0.54291	-7.4319	0	1	75	3.1058	4.2473	1	12.106	3.2474	0	-7.3438	3	-1	1	1	0	0	0
8	196.53	0.42227	-7.464	0.42227	-7.464	0	1	75	3.1058	4.2473	1	12.106	3.2474	0	-7.3438	3	-1	1	1	0	0	0
8	213.13	0.32173	-7.4962	0.32173	-7.4962	0	1	75	3.1058	4.2473	1	12.106	3.2474	0	-7.3438	3	-1	1	1	0	0	0
8	229.66	0.12065	-7.5606	0.12065	-7.5606	0	1	75	3.1058	4.2473	1	12.106	3.2474	0	-7.3438	3	-1	1	1	0	0	0
8	246.25	0.020108	-7.5606	0.020108	-7.5606	0	1	75	3.1058	4.2473	1	12.106	3.2474	0	-7.3438	3	-1	1	1	0	0	0
8	262.84	-0.10054	-7.5606	-0.10054	-7.5606	0	1	75	3.1058	4.2473	1	12.106	3.2474	0	-7.3438	3	-1	1	1	0	0	0
8	279.44	-0.18097	-7.5927	-0.18097	-7.5927	0	1	75	3.1058	4.2473	1	12.106	3.2474	0	-7.3438	3	-1	1	1	0	0	0
8	296.01	-0.22119	-7.5927	-0.22119	-7.5927	0	1	75	3.1058	4.2473	1	12.106	3.2474	0	-7.3438	3	-1	1	1	0	0	0
8	312.69	-0.22119	-7.5927	-0.22119	-7.5927	0	1	75	3.1058	4.2473	1	12.106	3.2474	0	-7.3438	3	-1	1	1	0	0	0
8	329.22	-0.24129	-7.5927	-0.24129	-7.5927	0	1	75	3.1058	4.2473	1	12.106	3.2474	0	-7.3438	3	-1	1	1	0	0	0
8	345.81	-0.24129	-7.5927	-0.24129	-7.5927	0	1	75	3.1058	4.2473	1	12.106	3.2474	0	-7.3438	3	-1	1	1	0	0	0
8	362.38	-0.24129	-7.5927	-0.24129	-7.5927	0	1	75	3.1058	4.2473	1	12.106	3.2474	0	-7.3438	3	-1	1	1	0	0	0
8	379	-0.22119	-7.5927	-0.22119	-7.5927	0	1	75	3.1058	4.2473	1	12.106	3.2474	0	-7.3438	3	-1	1	1	0	0	0
8	395.63	-0.22119	-7.5927	-0.22119	-7.5927	0	1	75	3.1058	4.2473	1	12.106	3.2474	0	-7.3438	3	-1	1	1	0	0	0
8	412.22	-0.22119	-7.5927	-0.22119	-7.5927	0	1	75	3.1058	4.2473	1	12.106	3.2474	0	-7.3438	3	-1	1	1	0	0	0
8	428.82	-0.22119	-7.5927	-0.22119	-7.5927	0	1	75	3.1058	4.2473	1	12.106	3.2474	0	-7.3438	3	-1	1	1	0	0	0
8	445.44	-0.22119	-7.5927	-0.22119	-7.5927	0	1	75	3.1058	4.2473	1	12.106	3.2474	0	-7.3438	3	-1	1	1	0	0	0
8	462	-0.22119	-7.5927	-0.22119	-7.5927	0	1	75	3.1058	4.2473	1	12.106	3.2474	0	-7.3438	3	-1	1	1	0	0	0
8	478.59	-0.22119	-7.5927	-0.22119	-7.5927	0	1	75	3.1058	4.2473	1	12.106	3.2474	0	-7.3438	3	-1	1	1	0	0	0
8	495.19	-0.20108	-7.5927	-0.20108	-7.5927	0	1	75	3.1058	4.2473	1	12.106	3.2474	0	-7.3438	3	-1	1	1	0	0	0
8	511.74	-0.16086	-7.5606	-0.16086	-7.5606	0	1	75	3.1058	4.2473	1	12.106	3.2474	0	-7.3438	3	-1	1	1	0	0	0
8	528.4	-0.080432	-7.4962	-0.080432	-7.4962	0	1	75	3.1058	4.2473	1	12.106	3.2474	0	-7.3438	3	-1	1	1	0	0	0
8	544.94	0	-7.4319	0	-7.4319	0	1	75	3.1058	4.2473	1	12.106	3.2474	0	-7.3438	3	-1	1	1	0	0	0
8	561.57	0.18097	-7.2388	0.18097	-7.2388	0	1	75	3.1058	4.2473	1	12.106	3.2474	0	-7.3438	3	-1	1	1	0	0	0
8	578.12	0.44237	-6.9815	0.44237	-6.9815	0	1	75	3.1058	4.2473	1	12.106	3.2474	0	-7.3438	3	-1	1	1	0	0	0
8	594.74	0.58313	-6.7884	0.58313	-6.7884	0	1	75	3.1058	4.2473	1	12.106	3.2474	0	-7.3438	3	-1	1	1	0	0	0
8	611.35	0.88475	-6.4024	0.88475	-6.4024	0	1	75	3.1058	4.2473	1	12.106	3.2474	0	-7.3438	3	-1	1	1	0	0	0
8	627.94	1.2065	-5.9519	1.2065	-5.9519	0	1	75	3.1058	4.2473	1	12.106	3.2474	0	-7.3438	3	-1	1	1	0	0	0
8	644.57	1.3673	-5.6946	1.3673	-5.6946	0	1	75	3.1058	4.2473	1	12.106	3.2474	0	-7.3438	3	-1	1	1	0	0	0
8	661.15	1.7092	-5.1154	1.7092	-5.1154	0	2	75	3.1058	4.2473	1	12.106	3.2474	0	-7.3438	3	-1	1	1	0	0	0
8	677.74	2.0711	-4.5042	2.0711	-4.5042	0	2	75	3.1058	4.2473	1	12.106	3.2474	0	-7.3438	3	-1	1	1	0	0	0
8	694.33	2.2521	-4.1824	2.2521	-4.1824	0	2	75	3.1058	4.2473	1	12.106	3.2474	0	-7.3438	3	-1	1	1	0	0	0
8	710.91	2.614	-3.5068	2.614	-3.5068	0	2	75	3.1058	4.2473	1	12.106	3.2474	0	-7.3438	3	-1	1	1	0	0	0
8	727.69	2.9559	-2.799	2.9559	-2.799	0	2	75	3.1058	4.2473	1	12.106	3.2474	0	-7.3438	3	-1	1	1	0	1	0
8	744.15	3.0966	-2.4773	3.0966	-2.4773	0	2	75	3.1058	4.2473	1	12.106	3.2474	0	-7.3438	3	-1	1	1	0	0	0
8	760.7	3.3982	-1.7695	3.3982	-1.7695	0	2	75	3.1058	4.2473	1	12.106	3.2474	0	-7.3438	3	-1	1	1	0	0	0
8	777.29	3.6395	-1.0939	3.6395	-1.0939	0	2	75	3.1058	4.2473	1	12.106	3.2474	0	-7.3438	3	-1	1	1	0	0	0
8	793.9	3.7401	-0.77214	3.7401	-0.77214	0	2	75	3.1058	4.2473	1	12.106	3.2474	0	-7.3438	3	-1	1	1	0	0	0
8	810.45	3.921	-0.096518	3.921	-0.096518	0	2	75	3.1058	4.2473	1	12.106	3.2474	0	-7.3438	3	-1	1	1	0	0	0
8	827.11	4.0618	0.51476	4.0618	0.51476	0	2	75	3.1058	4.2473	1	12.106	3.2474	0	-7.3438	3	-1	1	1	0	0	0
8	843.7	4.1221	0.80432	4.1221	0.80432	0	2	75	3.1058	4.2473	1	12.106	3.2474	0	-7.3438	3	-1	1	1	0	0	0
8	860.29	4.2025	1.3834	4.2025	1.3834	0	2	75	3.1058	4.2473	1	12.106	3.2474	0	-7.3438	3	-1	1	1	0	0	0
8	876.85	4.2428	1.9304	4.2428	1.9304	0	2	75	3.1058	4.2473	1	12.106	3.2474	0	-7.3438	3	-1	1	1	0	0	0
8	893.47	4.2428	2.1877	4.2428	2.1877	0	2	75	3.1058	4.2473	1	12.106	3.2474	0	-7.3438	3	-1	1	1	0	0	0
8	910.01	4.2428	2.6382	4.2428	2.6382	0	2	75	3.1058	4.2473	1	12.106	3.2474	0	-7.3438	3	-1	1	1	0	0	0
8	926.63	4.2227	2.8634	4.2227	2.8634	0	2	75	3.1058	4.2473	1	12.106	3.2474	0	-7.3438	3	-1	1	1	0	0	0
8	943.21	4.1422	3.2173	4.1422	3.2173	0	2	75	3.1058	4.2473	1	12.106	3.2474	0	-7.3438	3	-1	1	1	0	0	0
8	959.79	4.0417	3.5068	4.0417	3.5068	0	2	75	3.1058	4.2473	1	12.106	3.2474	0	-7.3438	3	-1	1	1	0	0	0
8	976.42	3.921	3.732	3.921	3.732	0	2	75	3.1058	4.2473	1	12.106	3.2474	0	-7.3438	3	-1	1	1	0	0	0
8	993.06	3.8406	3.8285	3.8406	3.8285	0	2	75	3.1058	4.2473	1	12.106	3.2474	0	-7.3438	3	-1	1	1	0	0	0
8	1009.6	3.72	3.9894	3.72	3.9894	0	2	75	3.1058	4.2473	1	12.106	3.2474	0	-7.3438	3	-1	1	1	0	0	0
8	1026.2	3.6395	4.0538	3.6395	4.0537	0	2	75	3.1058	4.2473	1	12.106	3.2474	0	-7.3438	3	-1	1	1	0	0	0
8	1042.7	3.5189	4.1824	3.5189	4.1824	0	2	75	3.1058	4.2473	1	12.106	3.2474	0	-7.3438	3	-1	1	1	0	0	0
8	1059.4	3.3781	4.279	3.3781	4.279	0	2	75	3.1058	4.2473	1	12.106	3.2474	0	-7.3438	3	-1	1	1	0	0	0
8	1076	3.2776	4.3433	3.2776	4.3433	0	2	75	3.1058	4.2473	1	12.106	3.2474	0	-7.3438	3	-1	1	0	0	0	0
8	1092.6	3.2173	4.3755	3.2173	4.3755	0	2	75	3.1058	4.2473	1	12.106	3.2474	0	-7.3438	3	-1	1	0	0	0	0
8	1109.2	3.1167	4.4076	3.1167	4.4076	0	2	75	3.1058	4.2473	1	12.106	3.2474	0	-7.3438	3	-1	1	0	0	0	0
8	1125.8	3.0765	4.4398	3.0765	4.4398	0	2	75	3.1058	4.2473	1	12.106	3.2474	0	-7.3438	3	-1	1	0	0	0	0
8	1142.3	2.9961	4.472	2.9961	4.472	0	3	75	3.1058	4.2473	1	12.106	3.2474	0	-7.3438	3	-1	1	0	0	0	0
9	29.851	-0.14076	-7.6571	-0.14076	-7.6571	0	1	90	0	4.6562	1	9	3.6562	0	-7.3438	3	-1	1	0	0	0	0
9	46.395	-0.060324	-7.6571	-0.060324	-7.6571	0	1	90	0	4.6562	1	9	3.6562	0	-7.3438	3	-1	1	0	0	0	0
9	62.99	-0.040216	-7.6571	-0.040216	-7.6571	0	1	90	0	4.6562	1	9	3.6562	0	-7.3438	3	-1	1	0	0	0	0
9	79.668	-0.020108	-7.6893	-0.020108	-7.6893	0	1	90	0	4.6562	1	9	3.6562	0	-7.3438	3	-1	1	0	0	0	0
9	96.222	-0.020108	-7.6893	-0.020108	-7.6893	0	1	90	0	4.6562	1	9	3.6562	0	-7.3438	3	-1	1	0	0	0	0
9	112.79	-0.020108	-7.6893	-0.020108	-7.6893	0	1	90	0	4.6562	1	9	3.6562	0	-7.3438	3	-1	1	0	0	0	0
9	129.37	-0.020108	-7.6893	-0.020108	-7.6893	0	1	90	0	4.6562	1	9	3.6562	0	-7.3438	3	-1	1	0	0	0	0
9	145.98	-0.020108	-7.6893	-0.020108	-7.6893	0	1	90	0	4.6562	1	9	3.6562	0	-7.3438	3	-1	1	0	0	0	0
9	162.59	-0.040216	-7.6893	-0.040216	-7.6893	0	1	90	0	4.6562	1	9	3.6562	0	-7.3438	3	-1	1	0	0	0	0
9	179.22	-0.040216	-7.6893	-0.040216	-7.6893	0	1	90	0	4.6562	1	9	3.6562	0	-7.3438	3	-1	1	0	0	0	0
9	195.78	-0.040216	-7.6893	-0.040216	-7.6893	0	1	90	0	4.6562	1	9	3.6562	0	-7.3438	3	-1	1	0	0	0	0
9	212.38	-0.040216	-7.6893	-0.040216	-7.6893	0	1	90	0	4.6562	1	9	3.6562	0	-7.3438	3	-1	1	0	0	0	0
9	228.94	-0.040216	-7.6893	-0.040216	-7.6893	0	1	90	0	4.6562	1	9	3.6562	0	-7.3438	3	-1	1	0	0	0	0
9	245.55	-0.040216	-7.6893	-0.040216	-7.6893	0	1	90	0	4.6562	1	9	3.6562	0	-7.3438	3	-1	1	0	0	0	0
9	262.13	-0.040216	-7.6893	-0.040216	-7.6893	0	1	90	0	4.6562	1	9	3.6562	0	-7.3438	3	-1	1	0	0	0	0
9	278.76	-0.040216	-7.6893	-0.040216	-7.6893	0	1	90	0	4.6562	1	9	3.6562	0	-7.3438	3	-1	1	0	0	0	0
9	295.39	-0.040216	-7.6571	-0.040216	-7.6571	0	1	90	0	4.6562	1	9	3.6562	0	-7.3438	3	-1	1	0	0	0	0
9	311.98	-0.040216	-7.6571	-0.040216	-7.6571	0	1	90	0	4.6562	1	9	3.6562	0	-7.3438	3	-1	1	1	0	0	0
9	328.51	-0.040216	-7.6571	-0.040216	-7.6571	0	1	90	0	4.6562	1	9	3.6562	0	-7.3438	3	-1	1	1	0	0	0
9	345.11	-0.060324	-7.6571	-0.060324	-7.6571	0	1	90	0	4.6562	1	9	3.6562	0	-7.3438	3	-1	1	1	0	0	0
9	361.69	-0.060324	-7.6571	-0.060324	-7.6571	0	1	90	0	4.6562	1	9	3.6562	0	-7.3438	3	-1	1	1	0	0	0
9	378.33	-0.060324	-7.6571	-0.060324	-7.6571	0	1	90	0	4.6562	1	9	3.6562	0	-7.3438	3	-1	1	1	0	0	0
9	394.9	-0.060324	-7.6571	-0.060324	-7.6571	0	1	90	0	4.6562	1	9	3.6562	0	-7.3438	3	-1	1	1	0	0	0
9	411.53	-0.060324	-7.6571	-0.060324	-7.6571	0	1	90	0	4.6562	1	9	3.6562	0	-7.3438	3	-1	1	1	0	0	0
9	428.14	-0.060324	-7.6571	-0.060324	-7.6571	0	1	90	0	4.6562	1	9	3.6562	0	-7.3438	3	-1	1	1	0	0	0
9	444.84	-0.080432	-7.6571	-0.080432	-7.6571	0	1	90	0	4.6562	1	9	3.6562	0	-7.3438	3	-1	1	1	0	0	0
9	461.43	-0.080432	-7.6249	-0.080432	-7.6249	0	1	90	0	4.6562	1	9	3.6562	0	-7.3438	3	-1	1	1	0	0	0
9	478.01	-0.10054	-7.6249	-0.10054	-7.6249	0	1	90	0	4.6562	1	9	3.6562	0	-7.3438	3	-1	1	1	0	0	0
9	494.6	-0.16086	-7.5927	-0.16086	-7.5927	0	1	90	0	4.6562	1	9	3.6562	0	-7.3438	3	-1	1	1	0	0	0
9	511.2	-0.18097	-7.5927	-0.18097	-7.5927	0	1	90	0	4.6562	1	9	3.6562	0	-7.3438	3	-1	1	1	0	0	0
9	527.77	-0.30162	-7.5284	-0.30162	-7.5284	0	1	90	0	4.6562	1	9	3.6562	0	-7.3438	3	-1	1	1	0	0	0
9	544.39	-0.38205	-7.4962	-0.38205	-7.4962	0	1	90	0	4.6562	1	9	3.6562	0	-7.3438	3	-1	1	1	0	0	0
9	560.98	-0.56302	-7.3354	-0.56302	-7.3354	0	1	90	0	4.6562	1	9	3.6562	0	-7.3438	3	-1	1	1	0	0	0
9	577.57	-0.80432	-7.1101	-0.80432	-7.1101	0	1	90	0	4.6562	1	9	3.6562	0	-7.3438	3	-1	1	1	0	0	0
9	594.2	-0.94507	-7.0136	-0.94507	-7.0136	0	1	90	0	4.6562	1	9	3.6562	0	-7.3438	3	-1	1	1	0	0	0
9	610.72	-1.2467	-6.7241	-1.2467	-6.7241	0	1	90	0	4.6562	1	9	3.6562	0	-7.3438	3	-1	1	1	0	0	0
9	627.39	-1.5684	-6.3702	-1.5684	-6.3702	0	1	90	0	4.6562	1	9	3.6562	0	-7.3438	3	-1	1	1	0	0	0
9	644	-1.7293	-6.145	-1.7293	-6.145	0	1	90	0	4.6562	1	9	3.6562	0	-7.3438	3	-1	1	1	0	0	0
9	660.58	-2.0309	-5.6946	-2.0309	-5.6946	0	2	90	0	4.6562	1	9	3.6562	0	-7.3438	3	-1	1	1	0	0	0
9	677.11	-2.3124	-5.1476	-2.3124	-5.1476	0	2	90	0	4.6562	1	9	3.6562	0	-7.3438	3	-1	1	1	0	0	0
9	693.69	-2.4331	-4.8581	-2.4331	-4.8581	0	2	90	0	4.6562	1	9	3.6562	0	-7.3438	3	-1	1	1	0	0	0
9	710.3	-2.6743	-4.2468	-2.6743	-4.2468	0	2	90	0	4.6562	1	9	3.6562	0	-7.3438	3	-1	1	1	0	0	0
9	726.91	-2.8553	-3.5712	-2.8553	-3.5712	0	2	90	0	4.6562	1	9	3.6562	0	-7.3438	3	-1	1	1	0	0	0
9	743.55	-2.9358	-3.2494	-2.9358	-3.2494	0	2	90	0	4.6562	1	9	3.6562	0	-7.3438	3	-1	1	1	0	0	0
9	760.19	-3.0363	-2.5416	-3.0363	-2.5416	0	2	90	0	4.6562	1	9	3.6562	0	-7.3438	3	-1	1	1	0	1	0
9	776.71	-3.0564	-1.866	-3.0564	-1.866	0	2	90	0	4.6562	1	9	3.6562	0	-7.3438	3	-1	1	1	0	0	0
9	793.3	-3.0363	-1.5121	-3.0363	-1.5121	0	2	90	0	4.6562	1	9	3.6562	0	-7.3438	3	-1	1	1	0	0	0
9	809.83	-2.976	-0.80432	-2.976	-0.80432	0	2	90	0	4.6562	1	9	3.6562	0	-7.3438	3	-1	1	1	0	0	0
9	826.49	-2.8553	-0.16086	-2.8553	-0.16086	0	2	90	0	4.6562	1	9	3.6562	0	-7.3438	3	-1	1	1	0	0	0
9	843.08	-2.7749	0.16086	-2.7749	0.16086	0	2	90	0	4.6562	1	9	3.6562	0	-7.3438	3	-1	1	1	0	0	0
9	859.68	-2.5738	0.77214	-2.5738	0.77214	0	2	90	0	4.6562	1	9	3.6562	0	-7.3438	3	-1	1	1	0	0	0
9	876.28	-2.3325	1.3513	-2.3325	1.3512	0	2	90	0	4.6562	1	9	3.6562	0	-7.3438	3	-1	1	1	0	0	0
9	892.89	-2.1918	1.6408	-2.1918	1.6408	0	2	90	0	4.6562	1	9	3.6562	0	-7.3438	3	-1	1	1	0	0	0
9	909.45	-1.8901	2.1556	-1.8901	2.1556	0	2	90	0	4.6562	1	9	3.6562	0	-7.3438	3	-1	1	1	0	0	0
9	926.07	-1.7494	2.3808	-1.7494	2.3808	0	2	90	0	4.6562	1	9	3.6562	0	-7.3438	3	-1	1	1	0	0	0
9	942.69	-1.4679	2.7668	-1.4679	2.7668	0	2	90	0	4.6562	1	9	3.6562	0	-7.3438	3	-1	1	1	0	0	0
9	959.33	-1.1864	3.0564	-1.1864	3.0564	0	2	90	0	4.6562	1	9	3.6562	0	-7.3438	3	-1	1	1	0	0	0
9	975.92	-0.94507	3.3138	-0.94507	3.3138	0	2	90	0	4.6562	1	9	3.6562	0	-7.3438	3	-1	1	1	0	0	0
9	992.46	-0.84453	3.4103	-0.84453	3.4103	0	2	90	0	4.6562	1	9	3.6562	0	-7.3438	3	-1	1	1	0	0	0
9	1009.1	-0.64345	3.5712	-0.64345	3.5712	0	2	90	0	4.6562	1	9	3.6562	0	-7.3438	3	-1	1	1	0	0	0
9	1025.7	-0.56302	3.6355	-0.56302	3.6355	0	2	90	0	4.6562	1	9	3.6562	0	-7.3438	3	-1	1	1	0	0	0
9	1042.3	-0.44237	3.732	-0.44237	3.732	0	2	90	0	4.6562	1	9	3.6562	0	-7.3438	3	-1	1	1	0	0	0
9	1058.9	-0.36194	3.7964	-0.36194	3.7964	0	2	90	0	4.6562	1	9	3.6562	0	-7.3438	3	-1	1	1	0	0	0
9	1075.4	-0.30162	3.8285	-0.30162	3.8285	0	2	90	0	4.6562	1	9	3.6562	0	-7.3438	3	-1	1	1	0	0	0
9	1092	-0.28151	3.8285	-0.28151	3.8285	0	2	90	0	4.6562	1	9	3.6562	0	-7.3438	3	-1	1	1	0	0	0
9	1108.6	-0.24129	3.8607	-0.24129	3.8607	0	2	90	0	4.6562	1	9	3.6562	0	-7.3438	3	-1	1	1	0	0	0
9	1125.2	-0.24129	3.8607	-0.24129	3.8607	0	2	90	0	4.6562	1	9	3.6562	0	-7.3438	3	-1	1	1	0	0	0
9	1141.8	-0.22119	3.8607	-0.22119	3.8607	0	2	90	0	4.6562	1	9	3.6562	0	-7.3438	3	-1	1	0	0	0	0
9	1158.4	-0.24129	3.8607	-0.24129	3.8607	0	3	90	0	4.6562	1	9	3.6562	0	-7.3438	3	-1	1	0	0	0	0
10	30.414	0.080432	-7.1101	0.080432	-7.1101	0	1	105	-3.1058	4.2473	1	5.8942	3.2474	0	-7.3438	3	-1	1	1	0	0	0
10	46.994	0.080432	-7.2067	0.080432	-7.2067	0	1	105	-3.1058	4.2473	1	5.8942	3.2474	0	-7.3438	3	-1	1	1	0	0	0
10	63.596	0.060324	-7.464	0.060324	-7.464	0	1	105	-3.1058	4.2473	1	5.8942	3.2474	0	-7.3438	3	-1	1	1	0	0	0
10	80.191	0.060324	-7.5284	0.060324	-7.5284	0	1	105	-3.1058	4.2473	1	5.8942	3.2474	0	-7.3438	3	-1	1	1	0	0	0
10	96.787	0.060324	-7.5927	0.060324	-7.5927	0	1	105	-3.1058	4.2473	1	5.8942	3.2474	0	-7.3438	3	-1	1	1	0	0	0
10	113.31	0.060324	-7.5927	0.060324	-7.5927	0	1	105	-3.1058	4.2473	1	5.8942	3.2474	0	-7.3438	3	-1	1	1	0	0	0
10	129.98	0.060324	-7.5927	0.060324	-7.5927	0	1	105	-3.1058	4.2473	1	5.8942	3.2474	0	-7.3438	3	-1	1	1	0	0	0
10	146.57	0.060324	-7.5927	0.060324	-7.5927	0	1	105	-3.1058	4.2473	1	5.8942	3.2474	0	-7.3438	3	-1	1	1	0	0	0
10	163.12	0.060324	-7.5927	0.060324	-7.5927	0	1	105	-3.1058	4.2473	1	5.8942	3.2474	0	-7.3438	3	-1	1	1	0	0	0
10	179.74	0.060324	-7.5927	0.060324	-7.5927	0	1	105	-3.1058	4.2473	1	5.8942	3.2474	0	-7.3438	3	-1	1	1	0	0	0
10	196.33	0.060324	-7.5927	0.060324	-7.5927	0	1	105	-3.1058	4.2473	1	5.8942	3.2474	0	-7.3438	3	-1	1	1	0	0	0
10	212.92	0.060324	-7.5927	0.060324	-7.5927	0	1	105	-3.1058	4.2473	1	5.8942	3.2474	0	-7.3438	3	-1	1	1	0	0	0
10	229.52	0.060324	-7.5927	0.060324	-7.5927	0	1	105	-3.1058	4.2473	1	5.8942	3.2474	0	-7.3438	3	-1	1	1	0	0	0
10	246.12	0.060324	-7.5927	0.060324	-7.5927	0	1	105	-3.1058	4.2473	1	5.8942	3.2474	0	-7.3438	3	-1	1	1	0	0	0
10	262.7	0.060324	-7.5927	0.060324	-7.5927	0	1	105	-3.1058	4.2473	1	5.8942	3.2474	0	-7.3438	3	-1	1	1	0	0	0
10	279.31	0.060324	-7.5927	0.060324	-7.5927	0	1	105	-3.1058	4.2473	1	5.8942	3.2474	0	-7.3438	3	-1	1	1	0	0	0
10	295.93	0.040216	-7.5927	0.040216	-7.5927	0	1	105	-3.1058	4.2473	1	5.8942	3.2474	0	-7.3438	3	-1	1	1	0	0	0
10	312.5	0.040216	-7.5927	0.040216	-7.5927	0	1	105	-3.1058	4.2473	1	5.8942	3.2474	0	-7.3438	3	-1	1	1	0	0	0
10	329.07	0.040216	-7.5927	0.040216	-7.5927	0	1	105	-3.1058	4.2473	1	5.8942	3.2474	0	-7.3438	3	-1	1	1	0	0	0
10	345.67	0.020108	-7.5927	0.020108	-7.5927	0	1	105	-3.1058	4.2473	1	5.8942	3.2474	0	-7.3438	3	-1	1	1	0	0	0
10	362.27	0.020108	-7.5927	0.020108	-7.5927	0	1	105	-3.1058	4.2473	1	5.8942	3.2474	0	-7.3438	3	-1	1	1	0	0	0
10	378.85	0	-7.5927	0	-7.5927	0	1	105	-3.1058	4.2473	1	5.8942	3.2474	0	-7.3438	3	-1	1	1	0	0	0
10	395.45	0	-7.5927	0	-7.5927	0	1	105	-3.1058	4.2473	1	5.8942	3.2474	0	-7.3438	3	-1	1	1	0	0	0
10	412.04	-0.020108	-7.5927	-0.020108	-7.5927	0	1	105	-3.1058	4.2473	1	5.8942	3.2474	0	-7.3438	3	-1	1	1	0	0	0
10	428.64	-0.020108	-7.5927	-0.020108	-7.5927	0	1	105	-3.1058	4.2473	1	5.8942	3.2474	0	-7.3438	3	-1	1	1	0	0	0
10	445.2	-0.020108	-7.5927	-0.020108	-7.5927	0	1	105	-3.1058	4.2473	1	5.8942	3.2474	0	-7.3438	3	-1	1	1	0	0	0
10	461.81	-0.020108	-7.5927	-0.020108	-7.5927	0	1	105	-3.1058	4.2473	1	5.8942	3.2474	0	-7.3438	3	-1	1	1	0	0	0
10	478.4	-0.020108	-7.5927	-0.020108	-7.5927	0	1	105	-3.1058	4.2473	1	5.8942	3.2474	0	-7.3438	3	-1	1	1	0	0	0
10	495.04	-0.020108	-7.5927	-0.020108	-7.5927	0	1	105	-3.1058	4.2473	1	5.8942	3.2474	0	-7.3438	3	-1	1	1	0	0	0
10	511.62	0	-7.5606	0	-7.5606	0	1	105	-3.1058	4.2473	1	5.8942	3.2474	0	-7.3438	3	-1	1	1	0	0	0
10	528.21	0.020108	-7.5284	0.020108	-7.5284	0	1	105	-3.1058	4.2473	1	5.8942	3.2474	0	-7.3438	3	-1	1	1	0	0	0
10	544.81	0.10054	-7.464	0.10054	-7.464	0	1	105	-3.1058	4.2473	1	5.8942	3.2474	0	-7.3438	3	-1	1	1	0	0	0
10	561.35	0.14076	-7.3997	0.14076	-7.3997	0	1	105	-3.1058	4.2473	1	5.8942	3.2474	0	-7.3438	3	-1	1	1	0	0	0
10	577.97	0.22119	-7.1745	0.22119	-7.1745	0	1	105	-3.1058	4.2473	1	5.8942	3.2474	0	-7.3438	3	-1	1	1	0	0	0
10	594.55	0.34183	-6.8206	0.34183	-6.8206	0	1	105	-3.1058	4.2473	1	5.8942	3.2474	0	-7.3438	3	-1	1	1	0	0	0
10	611.2	0.48259	-6.4345	0.48259	-6.4345	0	1	105	-3.1058	4.2473	1	5.8942	3.2474	0	-7.3438	3	-1	1	1	0	0	0
10	627.8	0.56302	-6.1771	0.56302	-6.1771	0	1	105	-3.1058	4.2473	1	5.8942	3.2474	0	-7.3438	3	-1	1	1	0	0	0
10	644.37	0.70378	-5.6624	0.70378	-5.6624	0	1	105	-3.1058	4.2473	1	5.8942	3.2474	0	-7.3438	3	-1	1	1	0	0	0
10	660.95	0.78421	-5.3728	0.78421	-5.3728	0	1	105	-3.1058	4.2473	1	5.8942	3.2474	0	-7.3438	3	-1	1	1	0	0	0
10	677.55	0.90485	-4.7615	0.90485	-4.7615	0	2	105	-3.1058	4.2473	1	5.8942	3.2474	0	-7.3438	3	-1	1	1	0	0	0
10	694.16	1.0255	-4.1181	1.0255	-4.1181	0	2	105	-3.1058	4.2473	1	5.8942	3.2474	0	-7.3438	3	-1	1	1	0	1	0
10	710.75	1.1059	-3.4425	1.1059	-3.4425	0	2	105	-3.1058	4.2473	1	5.8942	3.2474	0	-7.3438	3	-1	1	1	0	0	0
10	727.35	1.126	-3.1207	1.126	-3.1207	0	2	105	-3.1058	4.2473	1	5.8942	3.2474	0	-7.3438	3	-1	1	1	0	0	0
10	743.95	1.126	-2.4451	1.126	-2.4451	0	2	105	-3.1058	4.2473	1	5.8942	3.2474	0	-7.3438	3	-1	1	1	0	0	0
10	760.52	1.1059	-2.1234	1.1059	-2.1234	0	2	105	-3.1058	4.2473	1	5.8942	3.2474	0	-7.3438	3	-1	1	1	0	0	0
10	777.1	1.0456	-1.4799	1.0456	-1.4799	0	2	105	-3.1058	4.2473	1	5.8942	3.2474	0	-7.3438	3	-1	1	1	0	0	0
10	793.7	0.90485	-0.90083	0.90485	-0.90083	0	2	105	-3.1058	4.2473	1	5.8942	3.2474	0	-7.3438	3	-1	1	1	0	0	0
10	810.27	0.70378	-0.38607	0.70378	-0.38607	0	2	105	-3.1058	4.2473	1	5.8942	3.2474	0	-7.3438	3	-1	1	1	0	0	0
10	826.86	0.58313	-0.12869	0.58313	-0.12869	0	2	105	-3.1058	4.2473	1	5.8942	3.2474	0	-7.3438	3	-1	1	1	0	0	0
10	843.51	0.32173	0.28955	0.32173	0.28955	0	2	105	-3.1058	4.2473	1	5.8942	3.2474	0	-7.3438	3	-1	1	1	0	0	0
10	860.11	0.18097	0.51476	0.18097	0.51476	0	2	105	-3.1058	4.2473	1	5.8942	3.2474	0	-7.3438	3	-1	1	1	0	0	0
10	876.68	-0.14076	0.90083	-0.14076	0.90083	0	2	105	-3.1058	4.2473	1	5.8942	3.2474	0	-7.3438	3	-1	1	1	0	0	0
10	893.28	-0.46248	1.2547	-0.46248	1.2547	0	2	105	-3.1058	4.2473	1	5.8942	3.2474	0	-7.3438	3	-1	1	1	0	0	0
10	909.89	-0.80432	1.5443	-0.80432	1.5443	0	2	105	-3.1058	4.2473	1	5.8942	3.2474	0	-7.3438	3	-1	1	1	0	0	0
10	926.48	-0.98529	1.6408	-0.98529	1.6408	0	2	105	-3.1058	4.2473	1	5.8942	3.2474	0	-7.3438	3	-1	1	1	0	0	0
10	943.09	-1.3472	1.866	-1.3472	1.866	0	2	105	-3.1058	4.2473	1	5.8942	3.2474	0	-7.3438	3	-1	1	1	0	0	0
10	959.69	-1.5081	1.9625	-1.5081	1.9625	0	2	105	-3.1058	4.2473	1	5.8942	3.2474	0	-7.3438	3	-1	1	1	0	0	0
10	976.29	-1.8499	2.1234	-1.8499	2.1234	0	2	105	-3.1058	4.2473	1	5.8942	3.2474	0	-7.3438	3	-1	1	1	0	0	0
10	992.85	-2.1717	2.2521	-2.1717	2.2521	0	2	105	-3.1058	4.2473	1	5.8942	3.2474	0	-7.3438	3	-1	1	1	0	0	0
10	1009.4	-2.3124	2.3164	-2.3124	2.3164	0	2	105	-3.1058	4.2473	1	5.8942	3.2474	0	-7.3438	3	-1	1	1	0	0	0
10	1026.1	-2.614	2.4129	-2.614	2.4129	0	2	105	-3.1058	4.2473	1	5.8942	3.2474	0	-7.3438	3	-1	1	1	0	0	0
10	1042.7	-2.8754	2.4773	-2.8754	2.4773	0	2	105	-3.1058	4.2473	1	5.8942	3.2474	0	-7.3438	3	-1	1	1	0	0	0
10	1059.3	-3.0162	2.5095	-3.0162	2.5095	0	2	105	-3.1058	4.2473	1	5.8942	3.2474	0	-7.3438	3	-1	1	1	0	0	0
10	1075.9	-3.2374	2.5416	-3.2374	2.5416	0	2	105	-3.1058	4.2473	1	5.8942	3.2474	0	-7.3438	3	-1	1	1	0	0	0
10	1092.4	-3.4384	2.606	-3.4384	2.606	0	2	105	-3.1058	4.2473	1	5.8942	3.2474	0	-7.3438	3	-1	1	1	0	0	0
10	1109	-3.539	2.606	-3.539	2.606	0	2	105	-3.1058	4.2473	1	5.8942	3.2474	0	-7.3438	3	-1	1	1	0	0	0
10	1125.6	-3.72	2.6382	-3.72	2.6382	0	2	105	-3.1058	4.2473	1	5.8942	3.2474	0	-7.3438	3	-1	1	1	0	0	0
10	1142.2	-3.8808	2.6382	-3.8808	2.6382	0	2	105	-3.1058	4.2473	1	5.8942	3.2474	0	-7.3438	3	-1	1	0	0	0	0
10	1158.8	-3.9411	2.6382	-3.9411	2.6382	0	2	105	-3.1058	4.2473	1	5.8942	3.2474	0	-7.3438	3	-1	1	0	0	0	0
10	1175.4	-4.0618	2.6382	-4.0618	2.6382	0	2	105	-3.1058	4.2473	1	5.8942	3.2474	0	-7.3438	3	-1	1	0	0	0	0
10	1192	-4.102	2.6382	-4.102	2.6382	0	2	105	-3.1058	4.2473	1	5.8942	3.2474	0	-7.3438	3	-1	1	0	0	0	0
10	1208.6	-4.2025	2.6382	-4.2025	2.6382	0	3	105	-3.1058	4.2473	1	5.8942	3.2474	0	-7.3438	3	-1	1	0	0	0	0
11	30.241	-0.74399	-7.2067	-0.74399	-7.2067	0	1	75	3.1058	4.2473	1	12.106	3.2474	0	-7.3438	3	-1	1	0	0	0	0
11	46.796	-0.74399	-7.2067	-0.74399	-7.2067	0	1	75	3.1058	4.2473	1	12.106	3.2474	0	-7.3438	3	-1	1	0	0	0	0
11	63.464	-0.74399	-7.2067	-0.74399	-7.2067	0	1	75	3.1058	4.2473	1	12.106	3.2474	0	-7.3438	3	-1	1	0	0	0	0
11	80.11	-0.74399	-7.2388	-0.74399	-7.2388	0	1	75	3.1058	4.2473	1	12.106	3.2474	0	-7.3438	3	-1	1	0	0	0	0
11	96.66	-0.72388	-7.2388	-0.72388	-7.2388	0	1	75	3.1058	4.2473	1	12.106	3.2474	0	-7.3438	3	-1	1	0	0	0	0
11	113.29	-0.72388	-7.2388	-0.72388	-7.2388	0	1	75	3.1058	4.2473	1	12.106	3.2474	0	-7.3438	3	-1	1	0	0	0	0
11	129.87	-0.70378	-7.271	-0.70378	-7.271	0	1	75	3.1058	4.2473	1	12.106	3.2474	0	-7.3438	3	-1	1	0	0	0	0
11	146.41	-0.68367	-7.271	-0.68367	-7.271	0	1	75	3.1058	4.2473	1	12.106	3.2474	0	-7.3438	3	-1	1	0	0	0	0
11	163.04	-0.66356	-7.3032	-0.66356	-7.3032	0	1	75	3.1058	4.2473	1	12.106	3.2474	0	-7.3438	3	-1	1	0	0	0	0
11	179.67	-0.64345	-7.3032	-0.64345	-7.3032	0	1	75	3.1058	4.2473	1	12.106	3.2474	0	-7.3438	3	-1	1	0	0	0	0
11	196.19	-0.60324	-7.3354	-0.60324	-7.3354	0	1	75	3.1058	4.2473	1	12.106	3.2474	0	-7.3438	3	-1	1	0	0	0	0
11	212.8	-0.58313	-7.3675	-0.58313	-7.3675	0	1	75	3.1058	4.2473	1	12.106	3.2474	0	-7.3438	3	-1	1	1	0	0	0
11	229.42	-0.54291	-7.3997	-0.54291	-7.3997	0	1	75	3.1058	4.2473	1	12.106	3.2474	0	-7.3438	3	-1	1	1	0	0	0
11	245.99	-0.46248	-7.464	-0.46248	-7.464	0	1	75	3.1058	4.2473	1	12.106	3.2474	0	-7.3438	3	-1	1	1	0	0	0
11	262.67	-0.36194	-7.5284	-0.36194	-7.5284	0	1	75	3.1058	4.2473	1	12.106	3.2474	0	-7.3438	3	-1	1	1	0	0	0
11	279.23	-0.32173	-7.5606	-0.32173	-7.5606	0	1	75	3.1058	4.2473	1	12.106	3.2474	0	-7.3438	3	-1	1	1	0	0	0
11	295.81	-0.22119	-7.6249	-0.22119	-7.6249	0	1	75	3.1058	4.2473	1	12.106	3.2474	0	-7.3438	3	-1	1	1	0	0	0
11	312.38	-0.18097	-7.6249	-0.18097	-7.6249	0	1	75	3.1058	4.2473	1	12.106	3.2474	0	-7.3438	3	-1	1	1	0	0	0
11	329.08	-0.12065	-7.6571	-0.12065	-7.6571	0	1	75	3.1058	4.2473	1	12.106	3.2474	0	-7.3438	3	-1	1	1	0	0	0
11	345.49	-0.080432	-7.6571	-0.080432	-7.6571	0	1	75	3.1058	4.2473	1	12.106	3.2474	0	-7.3438	3	-1	1	1	0	0	0
11	361.93	-0.060324	-7.6571	-0.060324	-7.6571	0	1	75	3.1058	4.2473	1	12.106	3.2474	0	-7.3438	3	-1	1	1	0	0	0
11	378.78	-0.020108	-7.6571	-0.020108	-7.6571	0	1	75	3.1058	4.2473	1	12.106	3.2474	0	-7.3438	3	-1	1	1	0	0	0
11	395.31	0	-7.6249	0	-7.6249	0	1	75	3.1058	4.2473	1	12.106	3.2474	0	-7.3438	3	-1	1	1	0	0	0
11	411.88	0.020108	-7.6249	0.020108	-7.6249	0	1	75	3.1058	4.2473	1	12.106	3.2474	0	-7.3438	3	-1	1	1	0	0	0
11	428.49	0.040216	-7.6249	0.040216	-7.6249	0	1	75	3.1058	4.2473	1	12.106	3.2474	0	-7.3438	3	-1	1	1	0	0	0
11	445.08	0.060324	-7.6249	0.060324	-7.6249	0	1	75	3.1058	4.2473	1	12.106	3.2474	0	-7.3438	3	-1	1	1	0	0	0
11	461.64	0.060324	-7.6249	0.060324	-7.6249	0	1	75	3.1058	4.2473	1	12.106	3.2474	0	-7.3438	3	-1	1	1	0	0	0
11	478.36	0.060324	-7.6249	0.060324	-7.6249	0	1	75	3.1058	4.2473	1	12.106	3.2474	0	-7.3438	3	-1	1	1	0	0	0
11	494.9	0.040216	-7.6249	0.040216	-7.6249	0	1	75	3.1058	4.2473	1	12.106	3.2474	0	-7.3438	3	-1	1	1	0	0	0
11	511.51	0.040216	-7.5927	0.040216	-7.5927	0	1	75	3.1058	4.2473	1	12.106	3.2474	0	-7.3438	3	-1	1	1	0	0	0
11	528.11	0.040216	-7.5927	0.040216	-7.5927	0	1	75	3.1058	4.2473	1	12.106	3.2474	0	-7.3438	3	-1	1	1	0	0	0
11	544.67	0	-7.5606	0	-7.5606	0	1	75	3.1058	4.2473	1	12.106	3.2474	0	-7.3438	3	-1	1	1	0	0	0
11	561.21	-0.060324	-7.5284	-0.060324	-7.5284	0	1	75	3.1058	4.2473	1	12.106	3.2474	0	-7.3438	3	-1	1	1	0	0	0
11	577.81	-0.18097	-7.464	-0.18097	-7.464	0	1	75	3.1058	4.2473	1	12.106	3.2474	0	-7.3438	3	-1	1	1	0	0	0
11	594.45	-0.36194	-7.271	-0.36194	-7.271	0	1	75	3.1058	4.2473	1	12.106	3.2474	0	-7.3438	3	-1	1	1	0	0	0
11	611.03	-0.44237	-7.1745	-0.44237	-7.1745	0	1	75	3.1058	4.2473	1	12.106	3.2474	0	-7.3438	3	-1	1	1	0	0	0
11	627.66	-0.62334	-6.8528	-0.62334	-6.8528	0	1	75	3.1058	4.2473	1	12.106	3.2474	0	-7.3438	3	-1	1	1	0	0	0
11	644.2	-0.78421	-6.4989	-0.78421	-6.4989	0	1	75	3.1058	4.2473	1	12.106	3.2474	0	-7.3438	3	-1	1	1	0	0	0
11	660.83	-0.86464	-6.2737	-0.86464	-6.2737	0	1	75	3.1058	4.2473	1	12.106	3.2474	0	-7.3438	3	-1	1	1	0	0	0
11	677.4	-1.0054	-5.8232	-1.0054	-5.8232	0	1	75	3.1058	4.2473	1	12.106	3.2474	0	-7.3438	3	-1	1	1	0	0	0
11	694	-1.0657	-5.5659	-1.0657	-5.5659	0	1	75	3.1058	4.2473	1	12.106	3.2474	0	-7.3438	3	-1	1	1	0	0	0
11	710.57	-1.1059	-4.9546	-1.1059	-4.9546	0	2	75	3.1058	4.2473	1	12.106	3.2474	0	-7.3438	3	-1	1	1	0	0	0
11	727.17	-1.1059	-4.3111	-1.1059	-4.3111	0	2	75	3.1058	4.2473	1	12.106	3.2474	0	-7.3438	3	-1	1	1	0	0	0
11	743.79	-1.0456	-3.6677	-1.0456	-3.6677	0	2	75	3.1058	4.2473	1	12.106	3.2474	0	-7.3438	3	-1	1	1	0	0	0
11	760.34	-1.0054	-3.3138	-1.0054	-3.3138	0	2	75	3.1058	4.2473	1	12.106	3.2474	0	-7.3438	3	-1	1	1	0	0	0
11	776.99	-0.88475	-2.6382	-0.88475	-2.6382	0	2	75	3.1058	4.2473	1	12.106	3.2474	0	-7.3438	3	-1	1	1	0	0	0
11	793.51	-0.80432	-2.2843	-0.80432	-2.2843	0	2	75	3.1058	4.2473	1	12.106	3.2474	0	-7.3438	3	-1	1	1	0	0	0
11	810.13	-0.60324	-1.6086	-0.60324	-1.6086	0	2	75	3.1058	4.2473	1	12.106	3.2474	0	-7.3438	3	-1	1	1	0	1	0
11	826.74	-0.38205	-0.96518	-0.38205	-0.96518	0	2	75	3.1058	4.2473	1	12.106	3.2474	0	-7.3438	3	-1	1	1	0	0	0
11	843.37	-0.10054	-0.3539	-0.10054	-0.3539	0	2	75	3.1058	4.2473	1	12.106	3.2474	0	-7.3438	3	-1	1	1	0	0	0
11	859.99	0.040216	-0.096518	0.040216	-0.096518	0	2	75	3.1058	4.2473	1	12.106	3.2474	0	-7.3438	3	-1	1	1	0	0	0
11	876.55	0.38205	0.45042	0.38205	0.45042	0	2	75	3.1058	4.2473	1	12.106	3.2474	0	-7.3438	3	-1	1	1	0	0	0
11	893.15	0.56302	0.7078	0.56302	0.7078	0	2	75	3.1058	4.2473	1	12.106	3.2474	0	-7.3438	3	-1	1	1	0	0	0
11	909.71	0.92496	1.1582	0.92496	1.1582	0	2	75	3.1058	4.2473	1	12.106	3.2474	0	-7.3438	3	-1	1	1	0	0	0
11	926.3	1.307	1.5443	1.307	1.5443	0	2	75	3.1058	4.2473	1	12.106	3.2474	0	-7.3438	3	-1	1	1	0	0	0
11	942.85	1.488	1.7051	1.488	1.7051	0	2	75	3.1058	4.2473	1	12.106	3.2474	0	-7.3438	3	-1	1	1	0	0	0
11	959.5	1.8901	2.0269	1.8901	2.0269	0	2	75	3.1058	4.2473	1	12.106	3.2474	0	-7.3438	3	-1	1	1	0	0	0
11	976.12	2.2923	2.2843	2.2923	2.2843	0	2	75	3.1058	4.2473	1	12.106	3.2474	0	-7.3438	3	-1	1	1	0	0	0
11	992.71	2.4934	2.3808	2.4934	2.3808	0	2	75	3.1058	4.2473	1	12.106	3.2474	0	-7.3438	3	-1	1	1	0	0	0
11	1009.3	2.8553	2.606	2.8553	2.606	0	2	75	3.1058	4.2473	1	12.106	3.2474	0	-7.3438	3	-1	1	1	0	0	0
11	1025.9	3.2173	2.7668	3.2173	2.7668	0	2	75	3.1058	4.2473	1	12.106	3.2474	0	-7.3438	3	-1	1	1	0	0	0
11	1042.5	3.3781	2.8312	3.3781	2.8312	0	2	75	3.1058	4.2473	1	12.106	3.2474	0	-7.3438	3	-1	1	1	0	0	0
11	1059	3.6797	2.9277	3.6797	2.9277	0	2	75	3.1058	4.2473	1	12.106	3.2474	0	-7.3438	3	-1	1	1	0	0	0
11	1075.7	3.9411	2.9921	3.9411	2.9921	0	2	75	3.1058	4.2473	1	12.106	3.2474	0	-7.3438	3	-1	1	1	0	0	0
11	1092.2	4.0618	3.0242	4.0618	3.0242	0	2	75	3.1058	4.2473	1	12.106	3.2474	0	-7.3438	3	-1	1	1	0	0	0
11	1108.9	4.2629	3.0564	4.2629	3.0564	0	2	75	3.1058	4.2473	1	12.106	3.2474	0	-7.3438	3	-1	1	1	0	0	0
11	1125.4	4.3634	3.0886	4.3634	3.0886	0	2	75	3.1058	4.2473	1	12.106	3.2474	0	-7.3438	3	-1	1	1	0	0	0
11	1142	4.5042	3.1207	4.5042	3.1207	0	2	75	3.1058	4.2473	1	12.106	3.2474	0	-7.3438	3	-1	1	1	0	0	0
11	1158.7	4.6047	3.1207	4.6047	3.1207	0	2	75	3.1058	4.2473	1	12.106	3.2474	0	-7.3438	3	-1	1	1	0	0	0
11	1175.2	4.7052	3.1529	4.7052	3.1529	0	2	75	3.1058	4.2473	1	12.106	3.2474	0	-7.3438	3	-1	1	0	0	0	0
11	1191.8	4.7455	3.1529	4.7455	3.1529	0	2	75	3.1058	4.2473	1	12.106	3.2474	0	-7.3438	3	-1	1	0	0	0	0
11	1208.4	4.7857	3.1529	4.7857	3.1529	0	2	75	3.1058	4.2473	1	12.106	3.2474	0	-7.3438	3	-1	1	0	0	0	0
11	1225	4.8058	3.1529	4.8058	3.1529	0	2	75	3.1058	4.2473	1	12.106	3.2474	0	-7.3438	3	-1	1	0	0	0	0
11	1241.6	4.8259	3.1529	4.8259	3.1529	0	3	75	3.1058	4.2473	1	12.106	3.2474	0	-7.3438	3	-1	1	0	0	0	0
