0	5.208	-0.32173	-7.5927	-0.32173	-7.5927	0	1	105	-3.1058	4.2473	1	5.8942	3.2474	0	-7.3438	3	-1	1	0	0	0	0
0	22.003	-0.32173	-7.5927	-0.32173	-7.5927	0	1	105	-3.1058	4.2473	1	5.8942	3.2474	0	-7.3438	3	-1	1	0	0	0	0
0	38.609	-0.32173	-7.5606	-0.32173	-7.5606	0	1	105	-3.1058	4.2473	1	5.8942	3.2474	0	-7.3438	3	-1	1	0	0	0	0
0	55.255	-0.32173	-7.5606	-0.32173	-7.5606	0	1	105	-3.1058	4.2473	1	5.8942	3.2474	0	-7.3438	3	-1	1	0	0	0	0
0	71.833	-0.32173	-7.5606	-0.32173	-7.5606	0	1	105	-3.1058	4.2473	1	5.8942	3.2474	0	-7.3438	3	-1	1	0	0	0	0
0	88.413	-0.32173	-7.5606	-0.32173	-7.5606	0	1	105	-3.1058	4.2473	1	5.8942	3.2474	0	-7.3438	3	-1	1	0	0	0	0
0	105.04	-0.32173	-7.5606	-0.32173	-7.5606	0	1	105	-3.1058	4.2473	1	5.8942	3.2474	0	-7.3438	3	-1	1	0	0	0	0
0	121.57	-0.32173	-7.5606	-0.32173	-7.5606	0	1	105	-3.1058	4.2473	1	5.8942	3.2474	0	-7.3438	3	-1	1	0	0	0	0
0	138.15	-0.32173	-7.5606	-0.32173	-7.5606	0	1	105	-3.1058	4.2473	1	5.8942	3.2474	0	-7.3438	3	-1	1	0	0	0	0
0	154.95	-0.32173	-7.5606	-0.32173	-7.5606	0	1	105	-3.1058	4.2473	1	5.8942	3.2474	0	-7.3438	3	-1	1	0	0	0	0
0	171.42	-0.32173	-7.5606	-0.32173	-7.5606	0	1	105	-3.1058	4.2473	1	5.8942	3.2474	0	-7.3438	3	-1	1	0	0	0	0
0	188.02	-0.34183	-7.5606	-0.34183	-7.5606	0	1	105	-3.1058	4.2473	1	5.8942	3.2474	0	-7.3438	3	-1	1	0	0	0	0
0	204.6	-0.34183	-7.5606	-0.34183	-7.5606	0	1	105	-3.1058	4.2473	1	5.8942	3.2474	0	-7.3438	3	-1	1	0	0	0	0
0	221.1	-0.34183	-7.5606	-0.34183	-7.5606	0	1	105	-3.1058	4.2473	1	5.8942	3.2474	0	-7.3438	3	-1	1	0	0	0	0
0	237.77	-0.34183	-7.5606	-0.34183	-7.5606	0	1	105	-3.1058	4.2473	1	5.8942	3.2474	0	-7.3438	3	-1	1	0	0	0	0
0	254.4	-0.34183	-7.5606	-0.34183	-7.5606	0	1	105	-3.1058	4.2473	1	5.8942	3.2474	0	-7.3438	3	-1	1	0	0	0	0
0	270.97	-0.34183	-7.5284	-0.34183	-7.5284	0	1	105	-3.1058	4.2473	1	5.8942	3.2474	0	-7.3438	3	-1	1	0	0	0	0
0	287.65	-0.34183	-7.5284	-0.34183	-7.5284	0	1	105	-3.1058	4.2473	1	5.8942	3.2474	0	-7.3438	3	-1	1	0	0	0	0
0	304.22	-0.34183	-7.5284	-0.34183	-7.5284	0	1	105	-3.1058	4.2473	1	5.8942	3.2474	0	-7.3438	3	-1	1	0	0	0	0
0	320.88	-0.34183	-7.5284	-0.34183	-7.5284	0	1	105	-3.1058	4.2473	1	5.8942	3.2474	0	-7.3438	3	-1	1	0	0	0	0
0	337.55	-0.34183	-7.5284	-0.34183	-7.5284	0	1	105	-3.1058	4.2473	1	5.8942	3.2474	0	-7.3438	3	-1	1	0	0	0	0
0	354.15	-0.34183	-7.5284	-0.34183	-7.5284	0	1	105	-3.1058	4.2473	1	5.8942	3.2474	0	-7.3438	3	-1	1	0	0	0	0
0	370.75	-0.34183	-7.5284	-0.34183	-7.5284	0	1	105	-3.1058	4.2473	1	5.8942	3.2474	0	-7.3438	3	-1	1	0	0	0	0
0	387.3	-0.34183	-7.5284	-0.34183	-7.5284	0	1	105	-3.1058	4.2473	1	5.8942	3.2474	0	-7.3438	3	-1	1	0	0	0	0
0	403.92	-0.34183	-7.5606	-0.34183	-7.5606	0	1	105	-3.1058	4.2473	1	5.8942	3.2474	0	-7.3438	3	-1	1	0	0	0	0
0	420.52	-0.34183	-7.5284	-0.34183	-7.5284	0	1	105	-3.1058	4.2473	1	5.8942	3.2474	0	-7.3438	3	-1	1	0	0	0	0
0	437.1	-0.32173	-7.5606	-0.32173	-7.5606	0	1	105	-3.1058	4.2473	1	5.8942	3.2474	0	-7.3438	3	-1	1	0	0	0	0
0	453.71	-0.30162	-7.5606	-0.30162	-7.5606	0	1	105	-3.1058	4.2473	1	5.8942	3.2474	0	-7.3438	3	-1	1	0	0	0	0
0	470.29	-0.2614	-7.5606	-0.2614	-7.5606	0	1	105	-3.1058	4.2473	1	5.8942	3.2474	0	-7.3438	3	-1	1	0	0	0	0
0	486.88	-0.24129	-7.5606	-0.24129	-7.5606	0	1	105	-3.1058	4.2473	1	5.8942	3.2474	0	-7.3438	3	-1	1	0	0	0	0
0	503.5	-0.22119	-7.5927	-0.22119	-7.5927	0	1	105	-3.1058	4.2473	1	5.8942	3.2474	0	-7.3438	3	-1	1	0	0	0	0
0	520.06	-0.20108	-7.5927	-0.20108	-7.5927	0	1	105	-3.1058	4.2473	1	5.8942	3.2474	0	-7.3438	3	-1	1	0	0	0	0
0	536.67	-0.18097	-7.5927	-0.18097	-7.5927	0	1	105	-3.1058	4.2473	1	5.8942	3.2474	0	-7.3438	3	-1	1	0	0	0	0
0	553.25	-0.16086	-7.5606	-0.16086	-7.5606	0	1	105	-3.1058	4.2473	1	5.8942	3.2474	0	-7.3438	3	-1	1	0	0	0	0
0	569.84	-0.14076	-7.5606	-0.14076	-7.5606	0	1	105	-3.1058	4.2473	1	5.8942	3.2474	0	-7.3438	3	-1	1	1	0	0	0
0	586.49	-0.12065	-7.5606	-0.12065	-7.5606	0	1	105	-3.1058	4.2473	1	5.8942	3.2474	0	-7.3438	3	-1	1	1	0	0	0
0	603.09	0	-7.5606	0	-7.5606	0	1	105	-3.1058	4.2473	1	5.8942	3.2474	0	-7.3438	3	-1	1	1	0	0	0
0	619.64	0.12065	-7.5284	0.12065	-7.5284	0	1	105	-3.1058	4.2473	1	5.8942	3.2474	0	-7.3438	3	-1	1	1	0	0	0
0	636.24	0.16086	-7.5284	0.16086	-7.5284	0	1	105	-3.1058	4.2473	1	5.8942	3.2474	0	-7.3438	3	-1	1	1	0	0	0
0	652.74	0.18097	-7.5284	0.18097	-7.5284	0	1	105	-3.1058	4.2473	1	5.8942	3.2474	0	-7.3438	3	-1	1	1	0	0	0
0	669.36	0.18097	-7.5284	0.18097	-7.5284	0	1	105	-3.1058	4.2473	1	5.8942	3.2474	0	-7.3438	3	-1	1	1	0	0	0
0	686	0.18097	-7.5284	0.18097	-7.5284	0	1	105	-3.1058	4.2473	1	5.8942	3.2474	0	-7.3438	3	-1	1	1	0	0	0
0	702.69	0.18097	-7.5284	0.18097	-7.5284	0	1	105	-3.1058	4.2473	1	5.8942	3.2474	0	-7.3438	3	-1	1	1	0	0	0
0	719.26	0.18097	-7.5284	0.18097	-7.5284	0	1	105	-3.1058	4.2473	1	5.8942	3.2474	0	-7.3438	3	-1	1	1	0	0	0
0	735.81	0.18097	-7.5284	0.18097	-7.5284	0	1	105	-3.1058	4.2473	1	5.8942	3.2474	0	-7.3438	3	-1	1	1	0	0	0
0	752.36	0.18097	-7.5284	0.18097	-7.5284	0	1	105	-3.1058	4.2473	1	5.8942	3.2474	0	-7.3438	3	-1	1	1	0	0	0
0	768.9	0.18097	-7.5284	0.18097	-7.5284	0	1	105	-3.1058	4.2473	1	5.8942	3.2474	0	-7.3438	3	-1	1	1	0	0	0
0	785.51	0.18097	-7.4962	0.18097	-7.4962	0	1	105	-3.1058	4.2473	1	5.8942	3.2474	0	-7.3438	3	-1	1	1	0	0	0
0	802.14	0.20108	-7.4319	0.20108	-7.4319	0	1	105	-3.1058	4.2473	1	5.8942	3.2474	0	-7.3438	3	-1	1	1	0	0	0
0	818.85	0.22119	-7.3032	0.22119	-7.3032	0	1	105	-3.1058	4.2473	1	5.8942	3.2474	0	-7.3438	3	-1	1	1	0	0	0
0	835.32	0.22119	-7.1745	0.22119	-7.1745	0	1	105	-3.1058	4.2473	1	5.8942	3.2474	0	-7.3438	3	-1	1	1	0	0	0
0	851.99	0.2614	-6.9171	0.2614	-6.9171	0	1	105	-3.1058	4.2473	1	5.8942	3.2474	0	-7.3438	3	-1	1	1	0	0	0
0	868.57	0.2614	-6.7562	0.2614	-6.7562	0	1	105	-3.1058	4.2473	1	5.8942	3.2474	0	-7.3438	3	-1	1	1	0	0	0
0	885.16	0.28151	-6.4667	0.28151	-6.4667	0	1	105	-3.1058	4.2473	1	5.8942	3.2474	0	-7.3438	3	-1	1	1	0	0	0
0	901.73	0.24129	-6.1771	0.24129	-6.1771	0	1	105	-3.1058	4.2473	1	5.8942	3.2474	0	-7.3438	3	-1	1	1	0	0	0
0	918.33	0.18097	-5.9198	0.18097	-5.9198	0	1	105	-3.1058	4.2473	1	5.8942	3.2474	0	-7.3438	3	-1	1	1	0	0	0
0	934.93	0.12065	-5.7911	0.12065	-5.7911	0	1	105	-3.1058	4.2473	1	5.8942	3.2474	0	-7.3438	3	-1	1	1	0	0	0
0	951.52	0	-5.5015	0	-5.5015	0	1	105	-3.1058	4.2473	1	5.8942	3.2474	0	-7.3438	3	-1	1	1	0	0	0
0	968.21	-0.080432	-5.3728	-0.080432	-5.3728	0	1	105	-3.1058	4.2473	1	5.8942	3.2474	0	-7.3438	3	-1	1	1	0	0	0
0	984.71	-0.22119	-5.0833	-0.22119	-5.0833	0	1	105	-3.1058	4.2473	1	5.8942	3.2474	0	-7.3438	3	-1	1	1	0	0	0
0	1001.3	-0.40216	-4.7937	-0.40216	-4.7937	0	2	105	-3.1058	4.2473	1	5.8942	3.2474	0	-7.3438	3	-1	1	1	0	0	0
0	1017.8	-0.48259	-4.6329	-0.48259	-4.6329	0	2	105	-3.1058	4.2473	1	5.8942	3.2474	0	-7.3438	3	-1	1	1	0	0	0
0	1034.5	-0.68367	-4.279	-0.68367	-4.279	0	2	105	-3.1058	4.2473	1	5.8942	3.2474	0	-7.3438	3	-1	1	1	0	0	0
0	1051.1	-0.88475	-3.8929	-0.88475	-3.8929	0	2	105	-3.1058	4.2473	1	5.8942	3.2474	0	-7.3438	3	-1	1	1	0	0	0
0	1067.7	-0.98529	-3.6999	-0.98529	-3.6999	0	2	105	-3.1058	4.2473	1	5.8942	3.2474	0	-7.3438	3	-1	1	1	0	0	0
0	1084.3	-1.2065	-3.346	-1.2065	-3.346	0	2	105	-3.1058	4.2473	1	5.8942	3.2474	0	-7.3438	3	-1	1	1	0	0	0
0	1100.9	-1.4277	-3.0242	-1.4277	-3.0242	0	2	105	-3.1058	4.2473	1	5.8942	3.2474	0	-7.3438	3	-1	1	1	0	0	0
0	1117.4	-1.5282	-2.8634	-1.5282	-2.8634	0	2	105	-3.1058	4.2473	1	5.8942	3.2474	0	-7.3438	3	-1	1	1	0	0	0
0	1134	-1.7494	-2.5416	-1.7494	-2.5416	0	2	105	-3.1058	4.2473	1	5.8942	3.2474	0	-7.3438	3	-1	1	1	0	0	0
0	1150.7	-1.9706	-2.2199	-1.9706	-2.2199	0	2	105	-3.1058	4.2473	1	5.8942	3.2474	0	-7.3438	3	-1	1	1	0	0	0
0	1167.2	-2.0711	-2.059	-2.0711	-2.059	0	2	105	-3.1058	4.2473	1	5.8942	3.2474	0	-7.3438	3	-1	1	1	0	0	0
0	1183.8	-2.2722	-1.7051	-2.2722	-1.7051	0	2	105	-3.1058	4.2473	1	5.8942	3.2474	0	-7.3438	3	-1	1	1	0	0	0
0	1200.4	-2.3727	-1.5443	-2.3727	-1.5443	0	2	105	-3.1058	4.2473	1	5.8942	3.2474	0	-7.3438	3	-1	1	1	0	0	0
0	1217	-2.5336	-1.1582	-2.5336	-1.1582	0	2	105	-3.1058	4.2473	1	5.8942	3.2474	0	-7.3438	3	-1	1	1	0	1	0
0	1233.6	-2.7146	-0.77214	-2.7146	-0.77214	0	2	105	-3.1058	4.2473	1	5.8942	3.2474	0	-7.3438	3	-1	1	1	0	0	0
0	1250.2	-2.8955	-0.45042	-2.8955	-0.45042	0	2	105	-3.1058	4.2473	1	5.8942	3.2474	0	-7.3438	3	-1	1	1	0	0	0
0	1266.8	-2.9961	-0.28955	-2.9961	-0.28955	0	2	105	-3.1058	4.2473	1	5.8942	3.2474	0	-7.3438	3	-1	1	1	0	0	0
0	1283.4	-3.1569	0.032173	-3.1569	0.032173	0	2	105	-3.1058	4.2473	1	5.8942	3.2474	0	-7.3438	3	-1	1	1	0	0	0
0	1300	-3.2374	0.19304	-3.2374	0.19304	0	2	105	-3.1058	4.2473	1	5.8942	3.2474	0	-7.3438	3	-1	1	1	0	0	0
0	1316.5	-3.3781	0.54693	-3.3781	0.54693	0	2	105	-3.1058	4.2473	1	5.8942	3.2474	0	-7.3438	3	-1	1	1	0	0	0
0	1333.1	-3.4988	0.86866	-3.4988	0.86866	0	2	105	-3.1058	4.2473	1	5.8942	3.2474	0	-7.3438	3	-1	1	1	0	0	0
0	1349.8	-3.6395	1.1904	-3.6395	1.1904	0	2	105	-3.1058	4.2473	1	5.8942	3.2474	0	-7.3438	3	-1	1	1	0	0	0
0	1366.3	-3.6999	1.3513	-3.6999	1.3512	0	2	105	-3.1058	4.2473	1	5.8942	3.2474	0	-7.3438	3	-1	1	1	0	0	0
0	1383	-3.8004	1.6408	-3.8004	1.6408	0	2	105	-3.1058	4.2473	1	5.8942	3.2474	0	-7.3438	3	-1	1	1	0	0	0
0	1399.6	-3.8607	1.7695	-3.8607	1.7695	0	2	105	-3.1058	4.2473	1	5.8942	3.2474	0	-7.3438	3	-1	1	1	0	0	0
0	1416.2	-3.9814	2.0269	-3.9814	2.0269	0	2	105	-3.1058	4.2473	1	5.8942	3.2474	0	-7.3438	3	-1	1	1	0	0	0
0	1432.8	-4.0819	2.2843	-4.0819	2.2843	0	2	105	-3.1058	4.2473	1	5.8942	3.2474	0	-7.3438	3	-1	1	1	0	0	0
0	1449.4	-4.2025	2.5416	-4.2025	2.5416	0	2	105	-3.1058	4.2473	1	5.8942	3.2474	0	-7.3438	3	-1	1	1	0	0	0
0	1465.9	-4.283	2.6382	-4.283	2.6382	0	2	105	-3.1058	4.2473	1	5.8942	3.2474	0	-7.3438	3	-1	1	1	0	0	0
0	1482.5	-4.4036	2.8955	-4.4036	2.8955	0	2	105	-3.1058	4.2473	1	5.8942	3.2474	0	-7.3438	3	-1	1	1	0	0	0
0	1499.3	-4.464	2.9921	-4.464	2.9921	0	2	105	-3.1058	4.2473	1	5.8942	3.2474	0	-7.3438	3	-1	1	1	0	0	0
0	1515.7	-4.5846	3.2173	-4.5846	3.2173	0	2	105	-3.1058	4.2473	1	5.8942	3.2474	0	-7.3438	3	-1	1	1	0	0	0
0	1532.2	-4.7052	3.4425	-4.7052	3.4425	0	2	105	-3.1058	4.2473	1	5.8942	3.2474	0	-7.3438	3	-1	1	1	0	0	0
0	1548.9	-4.7656	3.5712	-4.7656	3.5712	0	2	105	-3.1058	4.2473	1	5.8942	3.2474	0	-7.3438	3	-1	1	1	0	0	0
0	1565.4	-4.9063	3.7964	-4.9063	3.7964	0	2	105	-3.1058	4.2473	1	5.8942	3.2474	0	-7.3438	3	-1	1	1	0	0	0
0	1582.1	-5.0471	3.9894	-5.0471	3.9894	0	2	105	-3.1058	4.2473	1	5.8942	3.2474	0	-7.3438	3	-1	1	1	0	0	0
0	1598.8	-5.1074	4.0538	-5.1074	4.0537	0	2	105	-3.1058	4.2473	1	5.8942	3.2474	0	-7.3438	3	-1	1	1	0	0	0
0	1615.3	-5.2079	4.2146	-5.2079	4.2146	0	2	105	-3.1058	4.2473	1	5.8942	3.2474	0	-7.3438	3	-1	1	1	0	0	0
0	1631.9	-5.3085	4.3433	-5.3085	4.3433	0	2	105	-3.1058	4.2473	1	5.8942	3.2474	0	-7.3438	3	-1	1	1	0	0	0
0	1648.5	-5.3688	4.4076	-5.3688	4.4076	0	2	105	-3.1058	4.2473	1	5.8942	3.2474	0	-7.3438	3	-1	1	1	0	0	0
0	1665	-5.4693	4.5363	-5.4693	4.5363	0	2	105	-3.1058	4.2473	1	5.8942	3.2474	0	-7.3438	3	-1	1	1	0	0	0
0	1681.7	-5.5297	4.6329	-5.5297	4.6329	0	2	105	-3.1058	4.2473	1	5.8942	3.2474	0	-7.3438	3	-1	1	0	0	0	0
0	1698.2	-5.5498	4.665	-5.5498	4.665	0	2	105	-3.1058	4.2473	1	5.8942	3.2474	0	-7.3438	3	-1	1	0	0	0	0
0	1714.9	-5.6101	4.7294	-5.6101	4.7294	0	3	105	-3.1058	4.2473	1	5.8942	3.2474	0	-7.3438	3	-1	1	0	0	0	0
1	29.998	-0.34183	-7.7214	-0.34183	-7.7214	0	1	75	3.1058	4.2473	1	12.106	3.2474	0	-7.3438	3	-1	1	0	0	0	0
1	46.565	-0.34183	-7.7214	-0.34183	-7.7214	0	1	75	3.1058	4.2473	1	12.106	3.2474	0	-7.3438	3	-1	1	0	0	0	0
1	63.139	-0.34183	-7.7214	-0.34183	-7.7214	0	1	75	3.1058	4.2473	1	12.106	3.2474	0	-7.3438	3	-1	1	0	0	0	0
1	79.762	-0.34183	-7.7214	-0.34183	-7.7214	0	1	75	3.1058	4.2473	1	12.106	3.2474	0	-7.3438	3	-1	1	0	0	0	0
1	96.39	-0.34183	-7.7214	-0.34183	-7.7214	0	1	75	3.1058	4.2473	1	12.106	3.2474	0	-7.3438	3	-1	1	0	0	0	0
1	112.99	-0.34183	-7.7214	-0.34183	-7.7214	0	1	75	3.1058	4.2473	1	12.106	3.2474	0	-7.3438	3	-1	1	0	0	0	0
1	129.59	-0.34183	-7.7214	-0.34183	-7.7214	0	1	75	3.1058	4.2473	1	12.106	3.2474	0	-7.3438	3	-1	1	0	0	0	0
1	146.16	-0.34183	-7.7214	-0.34183	-7.7214	0	1	75	3.1058	4.2473	1	12.106	3.2474	0	-7.3438	3	-1	1	0	0	0	0
1	162.72	-0.34183	-7.7214	-0.34183	-7.7214	0	1	75	3.1058	4.2473	1	12.106	3.2474	0	-7.3438	3	-1	1	0	0	0	0
1	179.33	-0.34183	-7.7536	-0.34183	-7.7536	0	1	75	3.1058	4.2473	1	12.106	3.2474	0	-7.3438	3	-1	1	0	0	0	0
1	195.9	-0.34183	-7.7536	-0.34183	-7.7536	0	1	75	3.1058	4.2473	1	12.106	3.2474	0	-7.3438	3	-1	1	0	0	0	0
1	212.5	-0.34183	-7.7536	-0.34183	-7.7536	0	1	75	3.1058	4.2473	1	12.106	3.2474	0	-7.3438	3	-1	1	0	0	0	0
1	229.14	-0.34183	-7.7536	-0.34183	-7.7536	0	1	75	3.1058	4.2473	1	12.106	3.2474	0	-7.3438	3	-1	1	0	0	0	0
1	245.73	-0.34183	-7.7536	-0.34183	-7.7536	0	1	75	3.1058	4.2473	1	12.106	3.2474	0	-7.3438	3	-1	1	0	0	0	0
1	262.32	-0.34183	-7.7214	-0.34183	-7.7214	0	1	75	3.1058	4.2473	1	12.106	3.2474	0	-7.3438	3	-1	1	0	0	0	0
1	278.87	-0.34183	-7.7214	-0.34183	-7.7214	0	1	75	3.1058	4.2473	1	12.106	3.2474	0	-7.3438	3	-1	1	0	0	0	0
1	295.49	-0.34183	-7.6893	-0.34183	-7.6893	0	1	75	3.1058	4.2473	1	12.106	3.2474	0	-7.3438	3	-1	1	0	0	0	0
1	312.03	-0.34183	-7.6571	-0.34183	-7.6571	0	1	75	3.1058	4.2473	1	12.106	3.2474	0	-7.3438	3	-1	1	0	0	0	0
1	328.78	-0.34183	-7.6571	-0.34183	-7.6571	0	1	75	3.1058	4.2473	1	12.106	3.2474	0	-7.3438	3	-1	1	0	0	0	0
1	345.3	-0.34183	-7.6249	-0.34183	-7.6249	0	1	75	3.1058	4.2473	1	12.106	3.2474	0	-7.3438	3	-1	1	1	0	0	0
1	361.88	-0.32173	-7.5927	-0.32173	-7.5927	0	1	75	3.1058	4.2473	1	12.106	3.2474	0	-7.3438	3	-1	1	1	0	0	0
1	378.46	-0.30162	-7.464	-0.30162	-7.464	0	1	75	3.1058	4.2473	1	12.106	3.2474	0	-7.3438	3	-1	1	1	0	0	0
1	395.05	-0.28151	-7.2067	-0.28151	-7.2067	0	1	75	3.1058	4.2473	1	12.106	3.2474	0	-7.3438	3	-1	1	1	0	0	0
1	411.64	-0.24129	-6.7884	-0.24129	-6.7884	0	1	75	3.1058	4.2473	1	12.106	3.2474	0	-7.3438	3	-1	1	1	0	0	0
1	428.33	-0.22119	-6.5632	-0.22119	-6.5632	0	1	75	3.1058	4.2473	1	12.106	3.2474	0	-7.3438	3	-1	1	1	0	0	0
1	444.85	-0.16086	-6.0485	-0.16086	-6.0485	0	1	75	3.1058	4.2473	1	12.106	3.2474	0	-7.3438	3	-1	1	1	0	0	0
1	461.41	-0.14076	-5.7911	-0.14076	-5.7911	0	1	75	3.1058	4.2473	1	12.106	3.2474	0	-7.3438	3	-1	1	1	0	0	0
1	477.96	-0.080432	-5.2441	-0.080432	-5.2441	0	1	75	3.1058	4.2473	1	12.106	3.2474	0	-7.3438	3	-1	1	1	0	0	0
1	494.58	-0.020108	-4.7294	-0.020108	-4.7294	0	2	75	3.1058	4.2473	1	12.106	3.2474	0	-7.3438	3	-1	1	1	0	0	0
1	511.17	0.060324	-4.2146	0.060324	-4.2146	0	2	75	3.1058	4.2473	1	12.106	3.2474	0	-7.3438	3	-1	1	1	0	0	0
1	527.77	0.12065	-3.9572	0.12065	-3.9572	0	2	75	3.1058	4.2473	1	12.106	3.2474	0	-7.3438	3	-1	1	1	0	0	0
1	544.37	0.22119	-3.4425	0.22119	-3.4425	0	2	75	3.1058	4.2473	1	12.106	3.2474	0	-7.3438	3	-1	1	1	0	0	0
1	561.04	0.2614	-3.1851	0.2614	-3.1851	0	2	75	3.1058	4.2473	1	12.106	3.2474	0	-7.3438	3	-1	1	1	0	0	0
1	577.64	0.36194	-2.7025	0.36194	-2.7025	0	2	75	3.1058	4.2473	1	12.106	3.2474	0	-7.3438	3	-1	1	1	0	1	0
1	594.21	0.44237	-2.2199	0.44237	-2.2199	0	2	75	3.1058	4.2473	1	12.106	3.2474	0	-7.3438	3	-1	1	1	0	0	0
1	610.88	0.52281	-1.7373	0.52281	-1.7373	0	2	75	3.1058	4.2473	1	12.106	3.2474	0	-7.3438	3	-1	1	1	0	0	0
1	627.32	0.54291	-1.5121	0.54291	-1.5121	0	2	75	3.1058	4.2473	1	12.106	3.2474	0	-7.3438	3	-1	1	1	0	0	0
1	643.99	0.62334	-1.0617	0.62334	-1.0617	0	2	75	3.1058	4.2473	1	12.106	3.2474	0	-7.3438	3	-1	1	1	0	0	0
1	660.53	0.66356	-0.83649	0.66356	-0.83649	0	2	75	3.1058	4.2473	1	12.106	3.2474	0	-7.3438	3	-1	1	1	0	0	0
1	677.17	0.7641	-0.38607	0.7641	-0.38607	0	2	75	3.1058	4.2473	1	12.106	3.2474	0	-7.3438	3	-1	1	1	0	0	0
1	693.77	0.88475	0.064345	0.88475	0.064345	0	2	75	3.1058	4.2473	1	12.106	3.2474	0	-7.3438	3	-1	1	1	0	0	0
1	710.26	1.0255	0.51476	1.0255	0.51476	0	2	75	3.1058	4.2473	1	12.106	3.2474	0	-7.3438	3	-1	1	1	0	0	0
1	726.92	1.1059	0.73997	1.1059	0.73997	0	2	75	3.1058	4.2473	1	12.106	3.2474	0	-7.3438	3	-1	1	1	0	0	0
1	743.5	1.3271	1.2226	1.3271	1.2226	0	2	75	3.1058	4.2473	1	12.106	3.2474	0	-7.3438	3	-1	1	1	0	0	0
1	760.14	1.4679	1.4799	1.4679	1.4799	0	2	75	3.1058	4.2473	1	12.106	3.2474	0	-7.3438	3	-1	1	1	0	0	0
1	776.72	1.7293	1.9625	1.7293	1.9625	0	2	75	3.1058	4.2473	1	12.106	3.2474	0	-7.3438	3	-1	1	1	0	0	0
1	793.25	2.0108	2.3808	2.0108	2.3808	0	2	75	3.1058	4.2473	1	12.106	3.2474	0	-7.3438	3	-1	1	1	0	0	0
1	809.87	2.1515	2.606	2.1515	2.606	0	2	75	3.1058	4.2473	1	12.106	3.2474	0	-7.3438	3	-1	1	1	0	0	0
1	826.48	2.4331	2.9921	2.4331	2.9921	0	2	75	3.1058	4.2473	1	12.106	3.2474	0	-7.3438	3	-1	1	1	0	0	0
1	843.07	2.7146	3.3781	2.7146	3.3781	0	2	75	3.1058	4.2473	1	12.106	3.2474	0	-7.3438	3	-1	1	1	0	0	0
1	859.59	2.8352	3.539	2.8352	3.539	0	2	75	3.1058	4.2473	1	12.106	3.2474	0	-7.3438	3	-1	1	1	0	0	0
1	876.35	3.0765	3.8285	3.0765	3.8285	0	2	75	3.1058	4.2473	1	12.106	3.2474	0	-7.3438	3	-1	1	1	0	0	0
1	892.86	3.3178	4.0859	3.3178	4.0859	0	2	75	3.1058	4.2473	1	12.106	3.2474	0	-7.3438	3	-1	1	1	0	0	0
1	909.46	3.4183	4.2146	3.4183	4.2146	0	2	75	3.1058	4.2473	1	12.106	3.2474	0	-7.3438	3	-1	1	1	0	0	0
1	926.09	3.5993	4.472	3.5993	4.472	0	2	75	3.1058	4.2473	1	12.106	3.2474	0	-7.3438	3	-1	1	1	0	0	0
1	942.63	3.72	4.6329	3.72	4.6329	0	2	75	3.1058	4.2473	1	12.106	3.2474	0	-7.3438	3	-1	1	1	0	0	0
1	959.23	3.7803	4.6972	3.7803	4.6972	0	2	75	3.1058	4.2473	1	12.106	3.2474	0	-7.3438	3	-1	1	1	0	0	0
1	975.88	3.8406	4.7937	3.8406	4.7937	0	2	75	3.1058	4.2473	1	12.106	3.2474	0	-7.3438	3	-1	1	0	0	0	0
1	992.44	3.8607	4.8259	3.8607	4.8259	0	2	75	3.1058	4.2473	1	12.106	3.2474	0	-7.3438	3	-1	1	0	0	0	0
1	1009.1	3.8607	4.8581	3.8607	4.8581	0	2	75	3.1058	4.2473	1	12.106	3.2474	0	-7.3438	3	-1	1	0	0	0	0
1	1025.7	3.8607	4.8581	3.8607	4.8581	0	2	75	3.1058	4.2473	1	12.106	3.2474	0	-7.3438	3	-1	1	0	0	0	0
1	1042.3	3.8607	4.8581	3.8607	4.8581	0	2	75	3.1058	4.2473	1	12.106	3.2474	0	-7.3438	3	-1	1	0	0	0	0
1	1058.8	3.8607	4.8581	3.8607	4.8581	0	3	75	3.1058	4.2473	1	12.106	3.2474	0	-7.3438	3	-1	1	0	0	0	0
2	30.026	-0.18097	-7.6893	-0.18097	-7.6893	0	1	90	0	4.6562	1	9	3.6562	0	-7.3438	3	-1	1	0	0	0	0
2	46.53	-0.16086	-7.7214	-0.16086	-7.7214	0	1	90	0	4.6562	1	9	3.6562	0	-7.3438	3	-1	1	0	0	0	0
2	63.146	-0.16086	-7.7214	-0.16086	-7.7214	0	1	90	0	4.6562	1	9	3.6562	0	-7.3438	3	-1	1	0	0	0	0
2	79.695	-0.16086	-7.7214	-0.16086	-7.7214	0	1	90	0	4.6562	1	9	3.6562	0	-7.3438	3	-1	1	0	0	0	0
2	96.378	-0.16086	-7.7214	-0.16086	-7.7214	0	1	90	0	4.6562	1	9	3.6562	0	-7.3438	3	-1	1	0	0	0	0
2	112.97	-0.16086	-7.7214	-0.16086	-7.7214	0	1	90	0	4.6562	1	9	3.6562	0	-7.3438	3	-1	1	0	0	0	0
2	129.61	-0.16086	-7.7214	-0.16086	-7.7214	0	1	90	0	4.6562	1	9	3.6562	0	-7.3438	3	-1	1	0	0	0	0
2	146.18	-0.16086	-7.7214	-0.16086	-7.7214	0	1	90	0	4.6562	1	9	3.6562	0	-7.3438	3	-1	1	0	0	0	0
2	162.81	-0.16086	-7.7214	-0.16086	-7.7214	0	1	90	0	4.6562	1	9	3.6562	0	-7.3438	3	-1	1	0	0	0	0
2	179.33	-0.16086	-7.7214	-0.16086	-7.7214	0	1	90	0	4.6562	1	9	3.6562	0	-7.3438	3	-1	1	0	0	0	0
2	195.88	-0.16086	-7.7214	-0.16086	-7.7214	0	1	90	0	4.6562	1	9	3.6562	0	-7.3438	3	-1	1	0	0	0	0
2	212.49	-0.16086	-7.7214	-0.16086	-7.7214	0	1	90	0	4.6562	1	9	3.6562	0	-7.3438	3	-1	1	0	0	0	0
2	229.17	-0.16086	-7.7214	-0.16086	-7.7214	0	1	90	0	4.6562	1	9	3.6562	0	-7.3438	3	-1	1	0	0	0	0
2	245.75	-0.16086	-7.6893	-0.16086	-7.6893	0	1	90	0	4.6562	1	9	3.6562	0	-7.3438	3	-1	1	0	0	0	0
2	262.37	-0.16086	-7.6893	-0.16086	-7.6893	0	1	90	0	4.6562	1	9	3.6562	0	-7.3438	3	-1	1	0	0	0	0
2	278.93	-0.16086	-7.6893	-0.16086	-7.6893	0	1	90	0	4.6562	1	9	3.6562	0	-7.3438	3	-1	1	0	0	0	0
2	295.52	-0.14076	-7.6571	-0.14076	-7.6571	0	1	90	0	4.6562	1	9	3.6562	0	-7.3438	3	-1	1	0	0	0	0
2	312.1	-0.14076	-7.6571	-0.14076	-7.6571	0	1	90	0	4.6562	1	9	3.6562	0	-7.3438	3	-1	1	1	0	0	0
2	328.69	-0.12065	-7.6249	-0.12065	-7.6249	0	1	90	0	4.6562	1	9	3.6562	0	-7.3438	3	-1	1	1	0	0	0
2	345.3	-0.10054	-7.5284	-0.10054	-7.5284	0	1	90	0	4.6562	1	9	3.6562	0	-7.3438	3	-1	1	1	0	0	0
2	361.94	-0.10054	-7.464	-0.10054	-7.464	0	1	90	0	4.6562	1	9	3.6562	0	-7.3438	3	-1	1	1	0	0	0
2	378.5	-0.10054	-7.271	-0.10054	-7.271	0	1	90	0	4.6562	1	9	3.6562	0	-7.3438	3	-1	1	1	0	0	0
2	395.09	-0.12065	-7.1423	-0.12065	-7.1423	0	1	90	0	4.6562	1	9	3.6562	0	-7.3438	3	-1	1	1	0	0	0
2	411.68	-0.18097	-6.8206	-0.18097	-6.8206	0	1	90	0	4.6562	1	9	3.6562	0	-7.3438	3	-1	1	1	0	0	0
2	428.25	-0.24129	-6.4667	-0.24129	-6.4667	0	1	90	0	4.6562	1	9	3.6562	0	-7.3438	3	-1	1	1	0	0	0
2	444.89	-0.32173	-6.1128	-0.32173	-6.1128	0	1	90	0	4.6562	1	9	3.6562	0	-7.3438	3	-1	1	1	0	0	0
2	461.38	-0.36194	-5.9198	-0.36194	-5.9198	0	1	90	0	4.6562	1	9	3.6562	0	-7.3438	3	-1	1	1	0	0	0
2	478.05	-0.42227	-5.5337	-0.42227	-5.5337	0	1	90	0	4.6562	1	9	3.6562	0	-7.3438	3	-1	1	1	0	0	0
2	494.67	-0.46248	-5.3085	-0.46248	-5.3085	0	1	90	0	4.6562	1	9	3.6562	0	-7.3438	3	-1	1	1	0	0	0
2	511.23	-0.56302	-4.9224	-0.56302	-4.9224	0	2	90	0	4.6562	1	9	3.6562	0	-7.3438	3	-1	1	1	0	0	0
2	527.78	-0.66356	-4.5363	-0.66356	-4.5363	0	2	90	0	4.6562	1	9	3.6562	0	-7.3438	3	-1	1	1	0	0	0
2	544.36	-0.80432	-4.1503	-0.80432	-4.1503	0	2	90	0	4.6562	1	9	3.6562	0	-7.3438	3	-1	1	1	0	0	0
2	561	-0.90485	-3.9572	-0.90485	-3.9572	0	2	90	0	4.6562	1	9	3.6562	0	-7.3438	3	-1	1	1	0	0	0
2	577.55	-1.1059	-3.5712	-1.1059	-3.5712	0	2	90	0	4.6562	1	9	3.6562	0	-7.3438	3	-1	1	1	0	0	0
2	594.23	-1.2065	-3.3781	-1.2065	-3.3781	0	2	90	0	4.6562	1	9	3.6562	0	-7.3438	3	-1	1	1	0	0	0
2	610.82	-1.3874	-3.0242	-1.3874	-3.0242	0	2	90	0	4.6562	1	9	3.6562	0	-7.3438	3	-1	1	1	0	0	0
2	627.41	-1.5885	-2.6382	-1.5885	-2.6382	0	2	90	0	4.6562	1	9	3.6562	0	-7.3438	3	-1	1	1	0	0	0
2	643.93	-1.7695	-2.2199	-1.7695	-2.2199	0	2	90	0	4.6562	1	9	3.6562	0	-7.3438	3	-1	1	1	0	0	0
2	660.51	-1.8499	-1.9947	-1.8499	-1.9947	0	2	90	0	4.6562	1	9	3.6562	0	-7.3438	3	-1	1	1	0	0	0
2	677.12	-2.0108	-1.5443	-2.0108	-1.5443	0	2	90	0	4.6562	1	9	3.6562	0	-7.3438	3	-1	1	1	0	0	0
2	693.76	-2.0912	-1.3513	-2.0912	-1.3512	0	2	90	0	4.6562	1	9	3.6562	0	-7.3438	3	-1	1	1	0	0	0
2	710.34	-2.232	-0.90083	-2.232	-0.90083	0	2	90	0	4.6562	1	9	3.6562	0	-7.3438	3	-1	1	1	0	1	0
2	726.94	-2.3325	-0.45042	-2.3325	-0.45042	0	2	90	0	4.6562	1	9	3.6562	0	-7.3438	3	-1	1	1	0	0	0
2	743.53	-2.4331	0.032173	-2.4331	0.032173	0	2	90	0	4.6562	1	9	3.6562	0	-7.3438	3	-1	1	1	0	0	0
2	760.1	-2.4733	0.25738	-2.4733	0.25738	0	2	90	0	4.6562	1	9	3.6562	0	-7.3438	3	-1	1	1	0	0	0
2	776.7	-2.5135	0.7078	-2.5135	0.7078	0	2	90	0	4.6562	1	9	3.6562	0	-7.3438	3	-1	1	1	0	0	0
2	793.29	-2.5336	0.93301	-2.5336	0.93301	0	2	90	0	4.6562	1	9	3.6562	0	-7.3438	3	-1	1	1	0	0	0
2	809.96	-2.5738	1.3834	-2.5738	1.3834	0	2	90	0	4.6562	1	9	3.6562	0	-7.3438	3	-1	1	1	0	0	0
2	826.5	-2.5738	1.8338	-2.5738	1.8338	0	2	90	0	4.6562	1	9	3.6562	0	-7.3438	3	-1	1	1	0	0	0
2	843.1	-2.5738	2.1877	-2.5738	2.1877	0	2	90	0	4.6562	1	9	3.6562	0	-7.3438	3	-1	1	1	0	0	0
2	859.63	-2.5537	2.3808	-2.5537	2.3808	0	2	90	0	4.6562	1	9	3.6562	0	-7.3438	3	-1	1	1	0	0	0
2	876.25	-2.5537	2.6703	-2.5537	2.6703	0	2	90	0	4.6562	1	9	3.6562	0	-7.3438	3	-1	1	1	0	0	0
2	892.85	-2.5537	2.799	-2.5537	2.799	0	2	90	0	4.6562	1	9	3.6562	0	-7.3438	3	-1	1	1	0	0	0
2	909.48	-2.5336	3.0564	-2.5336	3.0564	0	2	90	0	4.6562	1	9	3.6562	0	-7.3438	3	-1	1	1	0	0	0
2	926.03	-2.5336	3.1851	-2.5336	3.1851	0	2	90	0	4.6562	1	9	3.6562	0	-7.3438	3	-1	1	1	0	0	0
2	942.76	-2.5336	3.3781	-2.5336	3.3781	0	2	90	0	4.6562	1	9	3.6562	0	-7.3438	3	-1	1	1	0	0	0
2	959.23	-2.5336	3.5712	-2.5336	3.5712	0	2	90	0	4.6562	1	9	3.6562	0	-7.3438	3	-1	1	1	0	0	0
2	975.86	-2.5336	3.732	-2.5336	3.732	0	2	90	0	4.6562	1	9	3.6562	0	-7.3438	3	-1	1	1	0	0	0
2	992.43	-2.5336	3.8285	-2.5336	3.8285	0	2	90	0	4.6562	1	9	3.6562	0	-7.3438	3	-1	1	1	0	0	0
2	1009.1	-2.5336	3.9572	-2.5336	3.9572	0	2	90	0	4.6562	1	9	3.6562	0	-7.3438	3	-1	1	0	0	0	0
2	1025.6	-2.5336	3.9894	-2.5336	3.9894	0	2	90	0	4.6562	1	9	3.6562	0	-7.3438	3	-1	1	0	0	0	0
2	1042.3	-2.5336	4.0216	-2.5336	4.0216	0	2	90	0	4.6562	1	9	3.6562	0	-7.3438	3	-1	1	0	0	0	0
2	1058.9	-2.5336	4.0538	-2.5336	4.0537	0	3	90	0	4.6562	1	9	3.6562	0	-7.3438	3	-1	1	0	0	0	0
3	30.07	-0.40216	-7.5284	-0.40216	-7.5284	0	1	105	-3.1058	4.2473	1	5.8942	3.2474	0	-7.3438	3	-1	1	0	0	0	0
3	46.676	-0.32173	-7.5927	-0.32173	-7.5927	0	1	105	-3.1058	4.2473	1	5.8942	3.2474	0	-7.3438	3	-1	1	0	0	0	0
3	63.231	-0.28151	-7.5927	-0.28151	-7.5927	0	1	105	-3.1058	4.2473	1	5.8942	3.2474	0	-7.3438	3	-1	1	0	0	0	0
3	79.811	-0.2614	-7.6249	-0.2614	-7.6249	0	1	105	-3.1058	4.2473	1	5.8942	3.2474	0	-7.3438	3	-1	1	0	0	0	0
3	96.479	-0.24129	-7.6249	-0.24129	-7.6249	0	1	105	-3.1058	4.2473	1	5.8942	3.2474	0	-7.3438	3	-1	1	0	0	0	0
3	112.99	-0.22119	-7.6249	-0.22119	-7.6249	0	1	105	-3.1058	4.2473	1	5.8942	3.2474	0	-7.3438	3	-1	1	0	0	0	0
3	129.66	-0.22119	-7.6249	-0.22119	-7.6249	0	1	105	-3.1058	4.2473	1	5.8942	3.2474	0	-7.3438	3	-1	1	0	0	0	0
3	146.28	-0.20108	-7.6571	-0.20108	-7.6571	0	1	105	-3.1058	4.2473	1	5.8942	3.2474	0	-7.3438	3	-1	1	0	0	0	0
3	162.88	-0.20108	-7.6571	-0.20108	-7.6571	0	1	105	-3.1058	4.2473	1	5.8942	3.2474	0	-7.3438	3	-1	1	0	0	0	0
3	179.45	-0.20108	-7.6571	-0.20108	-7.6571	0	1	105	-3.1058	4.2473	1	5.8942	3.2474	0	-7.3438	3	-1	1	0	0	0	0
3	196.06	-0.20108	-7.6571	-0.20108	-7.6571	0	1	105	-3.1058	4.2473	1	5.8942	3.2474	0	-7.3438	3	-1	1	0	0	0	0
3	212.65	-0.20108	-7.6571	-0.20108	-7.6571	0	1	105	-3.1058	4.2473	1	5.8942	3.2474	0	-7.3438	3	-1	1	0	0	0	0
3	229.16	-0.20108	-7.6571	-0.20108	-7.6571	0	1	105	-3.1058	4.2473	1	5.8942	3.2474	0	-7.3438	3	-1	1	0	0	0	0
3	245.78	-0.20108	-7.6571	-0.20108	-7.6571	0	1	105	-3.1058	4.2473	1	5.8942	3.2474	0	-7.3438	3	-1	1	0	0	0	0
3	262.39	-0.20108	-7.6571	-0.20108	-7.6571	0	1	105	-3.1058	4.2473	1	5.8942	3.2474	0	-7.3438	3	-1	1	0	0	0	0
3	279	-0.20108	-7.6571	-0.20108	-7.6571	0	1	105	-3.1058	4.2473	1	5.8942	3.2474	0	-7.3438	3	-1	1	0	0	0	0
3	295.6	-0.20108	-7.6571	-0.20108	-7.6571	0	1	105	-3.1058	4.2473	1	5.8942	3.2474	0	-7.3438	3	-1	1	0	0	0	0
3	312.14	-0.20108	-7.6571	-0.20108	-7.6571	0	1	105	-3.1058	4.2473	1	5.8942	3.2474	0	-7.3438	3	-1	1	0	0	0	0
3	328.71	-0.20108	-7.6571	-0.20108	-7.6571	0	1	105	-3.1058	4.2473	1	5.8942	3.2474	0	-7.3438	3	-1	1	0	0	0	0
3	345.31	-0.20108	-7.6571	-0.20108	-7.6571	0	1	105	-3.1058	4.2473	1	5.8942	3.2474	0	-7.3438	3	-1	1	0	0	0	0
3	361.94	-0.20108	-7.6571	-0.20108	-7.6571	0	1	105	-3.1058	4.2473	1	5.8942	3.2474	0	-7.3438	3	-1	1	0	0	0	0
3	378.5	-0.20108	-7.6571	-0.20108	-7.6571	0	1	105	-3.1058	4.2473	1	5.8942	3.2474	0	-7.3438	3	-1	1	0	0	0	0
3	395.2	-0.20108	-7.6249	-0.20108	-7.6249	0	1	105	-3.1058	4.2473	1	5.8942	3.2474	0	-7.3438	3	-1	1	1	0	0	0
3	411.71	-0.20108	-7.6249	-0.20108	-7.6249	0	1	105	-3.1058	4.2473	1	5.8942	3.2474	0	-7.3438	3	-1	1	1	0	0	0
3	428.38	-0.24129	-7.5606	-0.24129	-7.5606	0	1	105	-3.1058	4.2473	1	5.8942	3.2474	0	-7.3438	3	-1	1	1	0	0	0
3	444.94	-0.38205	-7.3032	-0.38205	-7.3032	0	1	105	-3.1058	4.2473	1	5.8942	3.2474	0	-7.3438	3	-1	1	1	0	0	0
3	461.5	-0.48259	-7.1101	-0.48259	-7.1101	0	1	105	-3.1058	4.2473	1	5.8942	3.2474	0	-7.3438	3	-1	1	1	0	0	0
3	478.13	-0.68367	-6.6919	-0.68367	-6.6919	0	1	105	-3.1058	4.2473	1	5.8942	3.2474	0	-7.3438	3	-1	1	1	0	0	0
3	494.73	-0.90485	-6.2093	-0.90485	-6.2093	0	1	105	-3.1058	4.2473	1	5.8942	3.2474	0	-7.3438	3	-1	1	1	0	0	0
3	511.4	-1.0255	-5.9841	-1.0255	-5.9841	0	1	105	-3.1058	4.2473	1	5.8942	3.2474	0	-7.3438	3	-1	1	1	0	0	0
3	527.94	-1.2668	-5.4372	-1.2668	-5.4372	0	1	105	-3.1058	4.2473	1	5.8942	3.2474	0	-7.3438	3	-1	1	1	0	0	0
3	544.52	-1.5282	-4.8902	-1.5282	-4.8902	0	2	105	-3.1058	4.2473	1	5.8942	3.2474	0	-7.3438	3	-1	1	1	0	0	0
3	561.04	-1.669	-4.5685	-1.669	-4.5685	0	2	105	-3.1058	4.2473	1	5.8942	3.2474	0	-7.3438	3	-1	1	1	0	0	0
3	577.71	-1.9304	-3.9572	-1.9304	-3.9572	0	2	105	-3.1058	4.2473	1	5.8942	3.2474	0	-7.3438	3	-1	1	1	0	1	0
3	594.26	-2.2119	-3.4103	-2.2119	-3.4103	0	2	105	-3.1058	4.2473	1	5.8942	3.2474	0	-7.3438	3	-1	1	1	0	0	0
3	610.87	-2.3727	-3.1207	-2.3727	-3.1207	0	2	105	-3.1058	4.2473	1	5.8942	3.2474	0	-7.3438	3	-1	1	1	0	0	0
3	627.46	-2.6743	-2.5738	-2.6743	-2.5738	0	2	105	-3.1058	4.2473	1	5.8942	3.2474	0	-7.3438	3	-1	1	1	0	0	0
3	644.07	-2.8352	-2.3164	-2.8352	-2.3164	0	2	105	-3.1058	4.2473	1	5.8942	3.2474	0	-7.3438	3	-1	1	1	0	0	0
3	660.66	-3.1569	-1.866	-3.1569	-1.866	0	2	105	-3.1058	4.2473	1	5.8942	3.2474	0	-7.3438	3	-1	1	1	0	0	0
3	677.32	-3.4787	-1.4478	-3.4787	-1.4478	0	2	105	-3.1058	4.2473	1	5.8942	3.2474	0	-7.3438	3	-1	1	1	0	0	0
3	693.85	-3.8004	-1.0617	-3.8004	-1.0617	0	2	105	-3.1058	4.2473	1	5.8942	3.2474	0	-7.3438	3	-1	1	1	0	0	0
3	710.41	-3.9613	-0.86866	-3.9613	-0.86866	0	2	105	-3.1058	4.2473	1	5.8942	3.2474	0	-7.3438	3	-1	1	1	0	0	0
3	727.12	-4.2629	-0.45042	-4.2629	-0.45042	0	2	105	-3.1058	4.2473	1	5.8942	3.2474	0	-7.3438	3	-1	1	1	0	0	0
3	743.62	-4.4036	-0.25738	-4.4036	-0.25738	0	2	105	-3.1058	4.2473	1	5.8942	3.2474	0	-7.3438	3	-1	1	1	0	0	0
3	760.23	-4.6851	0.16086	-4.6851	0.16086	0	2	105	-3.1058	4.2473	1	5.8942	3.2474	0	-7.3438	3	-1	1	1	0	0	0
3	776.83	-4.9264	0.51476	-4.9264	0.51476	0	2	105	-3.1058	4.2473	1	5.8942	3.2474	0	-7.3438	3	-1	1	1	0	0	0
3	793.42	-5.1476	0.86866	-5.1476	0.86866	0	2	105	-3.1058	4.2473	1	5.8942	3.2474	0	-7.3438	3	-1	1	1	0	0	0
3	810.02	-5.2281	1.0617	-5.2281	1.0617	0	2	105	-3.1058	4.2473	1	5.8942	3.2474	0	-7.3438	3	-1	1	1	0	0	0
3	826.56	-5.3889	1.3834	-5.3889	1.3834	0	2	105	-3.1058	4.2473	1	5.8942	3.2474	0	-7.3438	3	-1	1	1	0	0	0
3	843.2	-5.4693	1.5121	-5.4693	1.5121	0	2	105	-3.1058	4.2473	1	5.8942	3.2474	0	-7.3438	3	-1	1	1	0	0	0
3	859.75	-5.59	1.7695	-5.59	1.7695	0	2	105	-3.1058	4.2473	1	5.8942	3.2474	0	-7.3438	3	-1	1	1	0	0	0
3	876.32	-5.6905	1.9304	-5.6905	1.9304	0	2	105	-3.1058	4.2473	1	5.8942	3.2474	0	-7.3438	3	-1	1	1	0	0	0
3	892.92	-5.7509	2.059	-5.7509	2.059	0	2	105	-3.1058	4.2473	1	5.8942	3.2474	0	-7.3438	3	-1	1	1	0	0	0
3	909.54	-5.7911	2.1234	-5.7911	2.1234	0	2	105	-3.1058	4.2473	1	5.8942	3.2474	0	-7.3438	3	-1	1	1	0	0	0
3	926.1	-5.8313	2.1877	-5.8313	2.1877	0	2	105	-3.1058	4.2473	1	5.8942	3.2474	0	-7.3438	3	-1	1	0	0	0	0
3	942.77	-5.8514	2.1877	-5.8514	2.1877	0	2	105	-3.1058	4.2473	1	5.8942	3.2474	0	-7.3438	3	-1	1	0	0	0	0
3	959.43	-5.8715	2.2199	-5.8715	2.2199	0	2	105	-3.1058	4.2473	1	5.8942	3.2474	0	-7.3438	3	-1	1	0	0	0	0
3	976.02	-5.8715	2.2199	-5.8715	2.2199	0	2	105	-3.1058	4.2473	1	5.8942	3.2474	0	-7.3438	3	-1	1	0	0	0	0
3	992.56	-5.8715	2.2199	-5.8715	2.2199	0	3	105	-3.1058	4.2473	1	5.8942	3.2474	0	-7.3438	3	-1	1	0	0	0	0
4	29.62	-0.18097	-7.6249	-0.18097	-7.6249	0	1	75	3.1058	4.2473	1	12.106	3.2474	0	-7.3438	3	-1	1	0	0	0	0
4	46.21	-0.18097	-7.5927	-0.18097	-7.5927	0	1	75	3.1058	4.2473	1	12.106	3.2474	0	-7.3438	3	-1	1	0	0	0	0
4	62.795	-0.16086	-7.6249	-0.16086	-7.6249	0	1	75	3.1058	4.2473	1	12.106	3.2474	0	-7.3438	3	-1	1	0	0	0	0
4	79.409	-0.16086	-7.6249	-0.16086	-7.6249	0	1	75	3.1058	4.2473	1	12.106	3.2474	0	-7.3438	3	-1	1	0	0	0	0
4	96.047	-0.16086	-7.6249	-0.16086	-7.6249	0	1	75	3.1058	4.2473	1	12.106	3.2474	0	-7.3438	3	-1	1	0	0	0	0
4	112.62	-0.16086	-7.6249	-0.16086	-7.6249	0	1	75	3.1058	4.2473	1	12.106	3.2474	0	-7.3438	3	-1	1	0	0	0	0
4	129.19	-0.16086	-7.6249	-0.16086	-7.6249	0	1	75	3.1058	4.2473	1	12.106	3.2474	0	-7.3438	3	-1	1	0	0	0	0
4	145.78	-0.16086	-7.6249	-0.16086	-7.6249	0	1	75	3.1058	4.2473	1	12.106	3.2474	0	-7.3438	3	-1	1	0	0	0	0
4	162.44	-0.16086	-7.6249	-0.16086	-7.6249	0	1	75	3.1058	4.2473	1	12.106	3.2474	0	-7.3438	3	-1	1	0	0	0	0
4	178.99	-0.16086	-7.6249	-0.16086	-7.6249	0	1	75	3.1058	4.2473	1	12.106	3.2474	0	-7.3438	3	-1	1	0	0	0	0
4	195.68	-0.16086	-7.6249	-0.16086	-7.6249	0	1	75	3.1058	4.2473	1	12.106	3.2474	0	-7.3438	3	-1	1	0	0	0	0
4	212.18	-0.16086	-7.6249	-0.16086	-7.6249	0	1	75	3.1058	4.2473	1	12.106	3.2474	0	-7.3438	3	-1	1	0	0	0	0
4	228.77	-0.16086	-7.6249	-0.16086	-7.6249	0	1	75	3.1058	4.2473	1	12.106	3.2474	0	-7.3438	3	-1	1	0	0	0	0
4	245.37	-0.16086	-7.6249	-0.16086	-7.6249	0	1	75	3.1058	4.2473	1	12.106	3.2474	0	-7.3438	3	-1	1	0	0	0	0
4	261.95	-0.16086	-7.6249	-0.16086	-7.6249	0	1	75	3.1058	4.2473	1	12.106	3.2474	0	-7.3438	3	-1	1	0	0	0	0
4	278.51	-0.16086	-7.6249	-0.16086	-7.6249	0	1	75	3.1058	4.2473	1	12.106	3.2474	0	-7.3438	3	-1	1	0	0	0	0
4	295.13	-0.16086	-7.6249	-0.16086	-7.6249	0	1	75	3.1058	4.2473	1	12.106	3.2474	0	-7.3438	3	-1	1	0	0	0	0
4	311.71	-0.16086	-7.6249	-0.16086	-7.6249	0	1	75	3.1058	4.2473	1	12.106	3.2474	0	-7.3438	3	-1	1	0	0	0	0
4	328.35	-0.16086	-7.6249	-0.16086	-7.6249	0	1	75	3.1058	4.2473	1	12.106	3.2474	0	-7.3438	3	-1	1	0	0	0	0
4	344.88	-0.16086	-7.5927	-0.16086	-7.5927	0	1	75	3.1058	4.2473	1	12.106	3.2474	0	-7.3438	3	-1	1	0	0	0	0
4	361.49	-0.14076	-7.5927	-0.14076	-7.5927	0	1	75	3.1058	4.2473	1	12.106	3.2474	0	-7.3438	3	-1	1	1	0	0	0
4	378.14	-0.12065	-7.5606	-0.12065	-7.5606	0	1	75	3.1058	4.2473	1	12.106	3.2474	0	-7.3438	3	-1	1	1	0	0	0
4	394.71	-0.060324	-7.464	-0.060324	-7.464	0	1	75	3.1058	4.2473	1	12.106	3.2474	0	-7.3438	3	-1	1	1	0	0	0
4	411.3	-0.020108	-7.3997	-0.020108	-7.3997	0	1	75	3.1058	4.2473	1	12.106	3.2474	0	-7.3438	3	-1	1	1	0	0	0
4	427.89	0.060324	-7.1745	0.060324	-7.1745	0	1	75	3.1058	4.2473	1	12.106	3.2474	0	-7.3438	3	-1	1	1	0	0	0
4	444.46	0.12065	-7.0136	0.12065	-7.0136	0	1	75	3.1058	4.2473	1	12.106	3.2474	0	-7.3438	3	-1	1	1	0	0	0
4	461.01	0.22119	-6.6597	0.22119	-6.6597	0	1	75	3.1058	4.2473	1	12.106	3.2474	0	-7.3438	3	-1	1	1	0	0	0
4	477.65	0.32173	-6.2093	0.32173	-6.2093	0	1	75	3.1058	4.2473	1	12.106	3.2474	0	-7.3438	3	-1	1	1	0	0	0
4	494.24	0.42227	-5.8232	0.42227	-5.8232	0	1	75	3.1058	4.2473	1	12.106	3.2474	0	-7.3438	3	-1	1	1	0	0	0
4	510.82	0.46248	-5.6302	0.46248	-5.6302	0	1	75	3.1058	4.2473	1	12.106	3.2474	0	-7.3438	3	-1	1	1	0	0	0
4	527.49	0.56302	-5.212	0.56302	-5.212	0	1	75	3.1058	4.2473	1	12.106	3.2474	0	-7.3438	3	-1	1	1	0	0	0
4	544.08	0.60324	-5.0189	0.60324	-5.0189	0	2	75	3.1058	4.2473	1	12.106	3.2474	0	-7.3438	3	-1	1	1	0	0	0
4	560.73	0.68367	-4.6007	0.68367	-4.6007	0	2	75	3.1058	4.2473	1	12.106	3.2474	0	-7.3438	3	-1	1	1	0	0	0
4	577.23	0.7641	-4.2146	0.7641	-4.2146	0	2	75	3.1058	4.2473	1	12.106	3.2474	0	-7.3438	3	-1	1	1	0	0	0
4	593.98	0.80432	-3.8607	0.80432	-3.8607	0	2	75	3.1058	4.2473	1	12.106	3.2474	0	-7.3438	3	-1	1	1	0	0	0
4	610.4	0.80432	-3.6999	0.80432	-3.6999	0	2	75	3.1058	4.2473	1	12.106	3.2474	0	-7.3438	3	-1	1	1	0	0	0
4	627.06	0.80432	-3.3138	0.80432	-3.3138	0	2	75	3.1058	4.2473	1	12.106	3.2474	0	-7.3438	3	-1	1	1	0	0	0
4	643.63	0.78421	-3.1207	0.78421	-3.1207	0	2	75	3.1058	4.2473	1	12.106	3.2474	0	-7.3438	3	-1	1	1	0	0	0
4	660.21	0.7641	-2.7347	0.7641	-2.7347	0	2	75	3.1058	4.2473	1	12.106	3.2474	0	-7.3438	3	-1	1	1	0	0	0
4	676.79	0.72388	-2.4129	0.72388	-2.4129	0	2	75	3.1058	4.2473	1	12.106	3.2474	0	-7.3438	3	-1	1	1	0	0	0
4	693.39	0.66356	-2.1234	0.66356	-2.1234	0	2	75	3.1058	4.2473	1	12.106	3.2474	0	-7.3438	3	-1	1	1	0	0	0
4	709.96	0.64345	-1.9625	0.64345	-1.9625	0	2	75	3.1058	4.2473	1	12.106	3.2474	0	-7.3438	3	-1	1	1	0	0	0
4	726.57	0.60324	-1.5765	0.60324	-1.5765	0	2	75	3.1058	4.2473	1	12.106	3.2474	0	-7.3438	3	-1	1	1	0	0	0
4	743.23	0.58313	-1.3513	0.58313	-1.3512	0	2	75	3.1058	4.2473	1	12.106	3.2474	0	-7.3438	3	-1	1	1	0	0	0
4	759.78	0.58313	-0.90083	0.58313	-0.90083	0	2	75	3.1058	4.2473	1	12.106	3.2474	0	-7.3438	3	-1	1	1	0	1	0
4	776.37	0.60324	-0.51476	0.60324	-0.51476	0	2	75	3.1058	4.2473	1	12.106	3.2474	0	-7.3438	3	-1	1	1	0	0	0
4	792.97	0.62334	-0.096518	0.62334	-0.096518	0	2	75	3.1058	4.2473	1	12.106	3.2474	0	-7.3438	3	-1	1	1	0	0	0
4	809.56	0.66356	0.12869	0.66356	0.12869	0	2	75	3.1058	4.2473	1	12.106	3.2474	0	-7.3438	3	-1	1	1	0	0	0
4	826.17	0.7641	0.61128	0.7641	0.61128	0	2	75	3.1058	4.2473	1	12.106	3.2474	0	-7.3438	3	-1	1	1	0	0	0
4	842.72	0.84453	0.83649	0.84453	0.83649	0	2	75	3.1058	4.2473	1	12.106	3.2474	0	-7.3438	3	-1	1	1	0	0	0
4	859.33	0.96518	1.2547	0.96518	1.2547	0	2	75	3.1058	4.2473	1	12.106	3.2474	0	-7.3438	3	-1	1	1	0	0	0
4	875.97	1.0657	1.6408	1.0657	1.6408	0	2	75	3.1058	4.2473	1	12.106	3.2474	0	-7.3438	3	-1	1	1	0	0	0
4	892.55	1.1864	1.9947	1.1864	1.9947	0	2	75	3.1058	4.2473	1	12.106	3.2474	0	-7.3438	3	-1	1	1	0	0	0
4	909.1	1.2467	2.1877	1.2467	2.1877	0	2	75	3.1058	4.2473	1	12.106	3.2474	0	-7.3438	3	-1	1	1	0	0	0
4	925.71	1.3874	2.5095	1.3874	2.5095	0	2	75	3.1058	4.2473	1	12.106	3.2474	0	-7.3438	3	-1	1	1	0	0	0
4	942.38	1.4277	2.6382	1.4277	2.6382	0	2	75	3.1058	4.2473	1	12.106	3.2474	0	-7.3438	3	-1	1	1	0	0	0
4	958.88	1.5282	2.8634	1.5282	2.8634	0	2	75	3.1058	4.2473	1	12.106	3.2474	0	-7.3438	3	-1	1	1	0	0	0
4	975.51	1.6086	3.0564	1.6086	3.0564	0	2	75	3.1058	4.2473	1	12.106	3.2474	0	-7.3438	3	-1	1	1	0	0	0
4	992.13	1.6287	3.1529	1.6287	3.1529	0	2	75	3.1058	4.2473	1	12.106	3.2474	0	-7.3438	3	-1	1	1	0	0	0
4	1008.7	1.6891	3.2816	1.6891	3.2816	0	2	75	3.1058	4.2473	1	12.106	3.2474	0	-7.3438	3	-1	1	1	0	0	0
4	1025.2	1.7293	3.3781	1.7293	3.3781	0	2	75	3.1058	4.2473	1	12.106	3.2474	0	-7.3438	3	-1	1	0	0	0	0
4	1041.9	1.7293	3.4103	1.7293	3.4103	0	2	75	3.1058	4.2473	1	12.106	3.2474	0	-7.3438	3	-1	1	0	0	0	0
4	1058.4	1.7494	3.4425	1.7494	3.4425	0	2	75	3.1058	4.2473	1	12.106	3.2474	0	-7.3438	3	-1	1	0	0	0	0
4	1075.1	1.7494	3.4425	1.7494	3.4425	0	2	75	3.1058	4.2473	1	12.106	3.2474	0	-7.3438	3	-1	1	0	0	0	0
4	1091.7	1.7494	3.4425	1.7494	3.4425	0	3	75	3.1058	4.2473	1	12.106	3.2474	0	-7.3438	3	-1	1	0	0	0	0
5	29.602	-0.18097	-7.6571	-0.18097	-7.6571	0	1	90	0	4.6562	1	9	3.6562	0	-7.3438	3	-1	1	0	0	0	0
5	46.187	-0.18097	-7.6571	-0.18097	-7.6571	0	1	90	0	4.6562	1	9	3.6562	0	-7.3438	3	-1	1	0	0	0	0
5	62.758	-0.18097	-7.6571	-0.18097	-7.6571	0	1	90	0	4.6562	1	9	3.6562	0	-7.3438	3	-1	1	0	0	0	0
5	79.315	-0.18097	-7.6571	-0.18097	-7.6571	0	1	90	0	4.6562	1	9	3.6562	0	-7.3438	3	-1	1	0	0	0	0
5	95.932	-0.18097	-7.6571	-0.18097	-7.6571	0	1	90	0	4.6562	1	9	3.6562	0	-7.3438	3	-1	1	0	0	0	0
5	112.43	-0.18097	-7.6571	-0.18097	-7.6571	0	1	90	0	4.6562	1	9	3.6562	0	-7.3438	3	-1	1	0	0	0	0
5	129.06	-0.18097	-7.6571	-0.18097	-7.6571	0	1	90	0	4.6562	1	9	3.6562	0	-7.3438	3	-1	1	0	0	0	0
5	145.73	-0.18097	-7.6571	-0.18097	-7.6571	0	1	90	0	4.6562	1	9	3.6562	0	-7.3438	3	-1	1	0	0	0	0
5	162.3	-0.18097	-7.6571	-0.18097	-7.6571	0	1	90	0	4.6562	1	9	3.6562	0	-7.3438	3	-1	1	0	0	0	0
5	178.8	-0.18097	-7.6571	-0.18097	-7.6571	0	1	90	0	4.6562	1	9	3.6562	0	-7.3438	3	-1	1	0	0	0	0
5	195.47	-0.18097	-7.6571	-0.18097	-7.6571	0	1	90	0	4.6562	1	9	3.6562	0	-7.3438	3	-1	1	0	0	0	0
5	212.02	-0.18097	-7.6571	-0.18097	-7.6571	0	1	90	0	4.6562	1	9	3.6562	0	-7.3438	3	-1	1	0	0	0	0
5	228.64	-0.18097	-7.6571	-0.18097	-7.6571	0	1	90	0	4.6562	1	9	3.6562	0	-7.3438	3	-1	1	0	0	0	0
5	245.27	-0.18097	-7.6571	-0.18097	-7.6571	0	1	90	0	4.6562	1	9	3.6562	0	-7.3438	3	-1	1	0	0	0	0
5	261.84	-0.18097	-7.6249	-0.18097	-7.6249	0	1	90	0	4.6562	1	9	3.6562	0	-7.3438	3	-1	1	1	0	0	0
5	278.45	-0.18097	-7.6249	-0.18097	-7.6249	0	1	90	0	4.6562	1	9	3.6562	0	-7.3438	3	-1	1	1	0	0	0
5	294.95	-0.18097	-7.5606	-0.18097	-7.5606	0	1	90	0	4.6562	1	9	3.6562	0	-7.3438	3	-1	1	1	0	0	0
5	311.6	-0.18097	-7.4319	-0.18097	-7.4319	0	1	90	0	4.6562	1	9	3.6562	0	-7.3438	3	-1	1	1	0	0	0
5	328.23	-0.20108	-7.1423	-0.20108	-7.1423	0	1	90	0	4.6562	1	9	3.6562	0	-7.3438	3	-1	1	1	0	0	0
5	344.93	-0.20108	-6.9815	-0.20108	-6.9815	0	1	90	0	4.6562	1	9	3.6562	0	-7.3438	3	-1	1	1	0	0	0
5	361.42	-0.22119	-6.6276	-0.22119	-6.6276	0	1	90	0	4.6562	1	9	3.6562	0	-7.3438	3	-1	1	1	0	0	0
5	378.09	-0.22119	-6.4345	-0.22119	-6.4345	0	1	90	0	4.6562	1	9	3.6562	0	-7.3438	3	-1	1	1	0	0	0
5	394.64	-0.24129	-6.0485	-0.24129	-6.0485	0	1	90	0	4.6562	1	9	3.6562	0	-7.3438	3	-1	1	1	0	0	0
5	411.19	-0.28151	-5.7267	-0.28151	-5.7267	0	1	90	0	4.6562	1	9	3.6562	0	-7.3438	3	-1	1	1	0	0	0
5	427.8	-0.34183	-5.405	-0.34183	-5.405	0	1	90	0	4.6562	1	9	3.6562	0	-7.3438	3	-1	1	1	0	0	0
5	444.44	-0.36194	-5.212	-0.36194	-5.212	0	1	90	0	4.6562	1	9	3.6562	0	-7.3438	3	-1	1	1	0	0	0
5	461.04	-0.42227	-4.8259	-0.42227	-4.8259	0	2	90	0	4.6562	1	9	3.6562	0	-7.3438	3	-1	1	1	0	0	0
5	477.61	-0.46248	-4.665	-0.46248	-4.665	0	2	90	0	4.6562	1	9	3.6562	0	-7.3438	3	-1	1	1	0	0	0
5	494.21	-0.56302	-4.279	-0.56302	-4.279	0	2	90	0	4.6562	1	9	3.6562	0	-7.3438	3	-1	1	1	0	0	0
5	510.74	-0.66356	-3.9251	-0.66356	-3.9251	0	2	90	0	4.6562	1	9	3.6562	0	-7.3438	3	-1	1	1	0	0	0
5	527.29	-0.70378	-3.732	-0.70378	-3.732	0	2	90	0	4.6562	1	9	3.6562	0	-7.3438	3	-1	1	1	0	0	0
5	543.79	-0.80432	-3.3138	-0.80432	-3.3138	0	2	90	0	4.6562	1	9	3.6562	0	-7.3438	3	-1	1	1	0	0	0
5	560.57	-0.90485	-2.8634	-0.90485	-2.8634	0	2	90	0	4.6562	1	9	3.6562	0	-7.3438	3	-1	1	1	0	0	0
5	577.16	-0.94507	-2.6382	-0.94507	-2.6382	0	2	90	0	4.6562	1	9	3.6562	0	-7.3438	3	-1	1	1	0	0	0
5	593.75	-1.0255	-2.2199	-1.0255	-2.2199	0	2	90	0	4.6562	1	9	3.6562	0	-7.3438	3	-1	1	1	0	0	0
5	610.35	-1.126	-1.7695	-1.126	-1.7695	0	2	90	0	4.6562	1	9	3.6562	0	-7.3438	3	-1	1	1	0	0	0
5	626.93	-1.1663	-1.5443	-1.1663	-1.5443	0	2	90	0	4.6562	1	9	3.6562	0	-7.3438	3	-1	1	1	0	1	0
5	643.52	-1.2266	-1.0939	-1.2266	-1.0939	0	2	90	0	4.6562	1	9	3.6562	0	-7.3438	3	-1	1	1	0	0	0
5	660.18	-1.2668	-0.61128	-1.2668	-0.61128	0	2	90	0	4.6562	1	9	3.6562	0	-7.3438	3	-1	1	1	0	0	0
5	676.7	-1.2869	-0.3539	-1.2869	-0.3539	0	2	90	0	4.6562	1	9	3.6562	0	-7.3438	3	-1	1	1	0	0	0
5	693.35	-1.307	0.12869	-1.307	0.12869	0	2	90	0	4.6562	1	9	3.6562	0	-7.3438	3	-1	1	1	0	0	0
5	709.94	-1.3271	0.3539	-1.3271	0.3539	0	2	90	0	4.6562	1	9	3.6562	0	-7.3438	3	-1	1	1	0	0	0
5	726.52	-1.3673	0.83649	-1.3673	0.83649	0	2	90	0	4.6562	1	9	3.6562	0	-7.3438	3	-1	1	1	0	0	0
5	743.08	-1.3874	1.2869	-1.3874	1.2869	0	2	90	0	4.6562	1	9	3.6562	0	-7.3438	3	-1	1	1	0	0	0
5	759.62	-1.3874	1.7051	-1.3874	1.7051	0	2	90	0	4.6562	1	9	3.6562	0	-7.3438	3	-1	1	1	0	0	0
5	776.28	-1.3673	1.8982	-1.3673	1.8982	0	2	90	0	4.6562	1	9	3.6562	0	-7.3438	3	-1	1	1	0	0	0
5	792.87	-1.3472	2.2521	-1.3472	2.2521	0	2	90	0	4.6562	1	9	3.6562	0	-7.3438	3	-1	1	1	0	0	0
5	809.42	-1.3472	2.4129	-1.3472	2.4129	0	2	90	0	4.6562	1	9	3.6562	0	-7.3438	3	-1	1	1	0	0	0
5	826.05	-1.307	2.7347	-1.307	2.7347	0	2	90	0	4.6562	1	9	3.6562	0	-7.3438	3	-1	1	1	0	0	0
5	842.65	-1.2668	3.0564	-1.2668	3.0564	0	2	90	0	4.6562	1	9	3.6562	0	-7.3438	3	-1	1	1	0	0	0
5	859.2	-1.2467	3.2494	-1.2467	3.2494	0	2	90	0	4.6562	1	9	3.6562	0	-7.3438	3	-1	1	1	0	0	0
5	875.79	-1.2467	3.3138	-1.2467	3.3138	0	2	90	0	4.6562	1	9	3.6562	0	-7.3438	3	-1	1	1	0	0	0
5	892.45	-1.2266	3.4103	-1.2266	3.4103	0	2	90	0	4.6562	1	9	3.6562	0	-7.3438	3	-1	1	1	0	0	0
5	909.12	-1.2266	3.4746	-1.2266	3.4746	0	2	90	0	4.6562	1	9	3.6562	0	-7.3438	3	-1	1	1	0	0	0
5	925.66	-1.2266	3.539	-1.2266	3.539	0	2	90	0	4.6562	1	9	3.6562	0	-7.3438	3	-1	1	0	0	0	0
5	942.19	-1.2266	3.5712	-1.2266	3.5712	0	2	90	0	4.6562	1	9	3.6562	0	-7.3438	3	-1	1	0	0	0	0
5	958.81	-1.2266	3.5712	-1.2266	3.5712	0	2	90	0	4.6562	1	9	3.6562	0	-7.3438	3	-1	1	0	0	0	0
5	975.38	-1.2266	3.5712	-1.2266	3.5712	0	3	90	0	4.6562	1	9	3.6562	0	-7.3438	3	-1	1	0	0	0	0
6	30.77	-0.38205	-7.6893	-0.38205	-7.6893	0	1	90	0	4.6562	1	9	3.6562	0	-7.3438	3	-1	1	1	0	0	0
6	47.357	-0.28151	-7.7536	-0.28151	-7.7536	0	1	90	0	4.6562	1	9	3.6562	0	-7.3438	3	-1	1	1	0	0	0
6	63.952	-0.24129	-7.7858	-0.24129	-7.7858	0	1	90	0	4.6562	1	9	3.6562	0	-7.3438	3	-1	1	1	0	0	0
6	80.561	-0.22119	-7.7858	-0.22119	-7.7858	0	1	90	0	4.6562	1	9	3.6562	0	-7.3438	3	-1	1	1	0	0	0
6	97.088	-0.22119	-7.7858	-0.22119	-7.7858	0	1	90	0	4.6562	1	9	3.6562	0	-7.3438	3	-1	1	1	0	0	0
6	113.78	-0.22119	-7.7858	-0.22119	-7.7858	0	1	90	0	4.6562	1	9	3.6562	0	-7.3438	3	-1	1	1	0	0	0
6	130.34	-0.20108	-7.7858	-0.20108	-7.7858	0	1	90	0	4.6562	1	9	3.6562	0	-7.3438	3	-1	1	1	0	0	0
6	146.92	-0.20108	-7.7858	-0.20108	-7.7858	0	1	90	0	4.6562	1	9	3.6562	0	-7.3438	3	-1	1	1	0	0	0
6	163.52	-0.20108	-7.7858	-0.20108	-7.7858	0	1	90	0	4.6562	1	9	3.6562	0	-7.3438	3	-1	1	1	0	0	0
6	180.12	-0.22119	-7.7858	-0.22119	-7.7858	0	1	90	0	4.6562	1	9	3.6562	0	-7.3438	3	-1	1	1	0	0	0
6	196.8	-0.22119	-7.7858	-0.22119	-7.7858	0	1	90	0	4.6562	1	9	3.6562	0	-7.3438	3	-1	1	1	0	0	0
6	213.23	-0.22119	-7.7858	-0.22119	-7.7858	0	1	90	0	4.6562	1	9	3.6562	0	-7.3438	3	-1	1	1	0	0	0
6	229.98	-0.22119	-7.7858	-0.22119	-7.7858	0	1	90	0	4.6562	1	9	3.6562	0	-7.3438	3	-1	1	1	0	0	0
6	246.53	-0.22119	-7.7858	-0.22119	-7.7858	0	1	90	0	4.6562	1	9	3.6562	0	-7.3438	3	-1	1	1	0	0	0
6	263.1	-0.22119	-7.7858	-0.22119	-7.7858	0	1	90	0	4.6562	1	9	3.6562	0	-7.3438	3	-1	1	1	0	0	0
6	279.68	-0.22119	-7.7536	-0.22119	-7.7536	0	1	90	0	4.6562	1	9	3.6562	0	-7.3438	3	-1	1	1	0	0	0
6	296.3	-0.22119	-7.7214	-0.22119	-7.7214	0	1	90	0	4.6562	1	9	3.6562	0	-7.3438	3	-1	1	1	0	0	0
6	312.89	-0.22119	-7.7214	-0.22119	-7.7214	0	1	90	0	4.6562	1	9	3.6562	0	-7.3438	3	-1	1	1	0	0	0
6	329.51	-0.22119	-7.6893	-0.22119	-7.6893	0	1	90	0	4.6562	1	9	3.6562	0	-7.3438	3	-1	1	1	0	0	0
6	346.11	-0.22119	-7.6893	-0.22119	-7.6893	0	1	90	0	4.6562	1	9	3.6562	0	-7.3438	3	-1	1	1	0	0	0
6	362.66	-0.22119	-7.6249	-0.22119	-7.6249	0	1	90	0	4.6562	1	9	3.6562	0	-7.3438	3	-1	1	1	0	0	0
6	379.26	-0.2614	-7.464	-0.2614	-7.464	0	1	90	0	4.6562	1	9	3.6562	0	-7.3438	3	-1	1	1	0	0	0
6	395.93	-0.38205	-7.1423	-0.38205	-7.1423	0	1	90	0	4.6562	1	9	3.6562	0	-7.3438	3	-1	1	1	0	0	0
6	412.43	-0.44237	-6.9171	-0.44237	-6.9171	0	1	90	0	4.6562	1	9	3.6562	0	-7.3438	3	-1	1	1	0	0	0
6	429.02	-0.54291	-6.4667	-0.54291	-6.4667	0	1	90	0	4.6562	1	9	3.6562	0	-7.3438	3	-1	1	1	0	0	0
6	445.67	-0.60324	-6.2415	-0.60324	-6.2415	0	1	90	0	4.6562	1	9	3.6562	0	-7.3438	3	-1	1	1	0	0	0
6	462.24	-0.66356	-5.7911	-0.66356	-5.7911	0	1	90	0	4.6562	1	9	3.6562	0	-7.3438	3	-1	1	1	0	0	0
6	478.79	-0.72388	-5.405	-0.72388	-5.405	0	1	90	0	4.6562	1	9	3.6562	0	-7.3438	3	-1	1	1	0	0	0
6	495.34	-0.74399	-4.9868	-0.74399	-4.9868	0	2	90	0	4.6562	1	9	3.6562	0	-7.3438	3	-1	1	1	0	0	0
6	512	-0.74399	-4.7615	-0.74399	-4.7615	0	2	90	0	4.6562	1	9	3.6562	0	-7.3438	3	-1	1	1	0	0	0
6	528.67	-0.74399	-4.3111	-0.74399	-4.3111	0	2	90	0	4.6562	1	9	3.6562	0	-7.3438	3	-1	1	1	0	0	0
6	545.25	-0.72388	-4.0537	-0.72388	-4.0537	0	2	90	0	4.6562	1	9	3.6562	0	-7.3438	3	-1	1	1	0	1	0
6	561.82	-0.70378	-3.539	-0.70378	-3.539	0	2	90	0	4.6562	1	9	3.6562	0	-7.3438	3	-1	1	1	0	0	0
6	578.44	-0.70378	-3.3138	-0.70378	-3.3138	0	2	90	0	4.6562	1	9	3.6562	0	-7.3438	3	-1	1	1	0	0	0
6	594.92	-0.66356	-2.6382	-0.66356	-2.6382	0	2	90	0	4.6562	1	9	3.6562	0	-7.3438	3	-1	1	1	0	0	0
6	611.53	-0.66356	-2.4451	-0.66356	-2.4451	0	2	90	0	4.6562	1	9	3.6562	0	-7.3438	3	-1	1	1	0	0	0
6	628.1	-0.66356	-2.0269	-0.66356	-2.0269	0	2	90	0	4.6562	1	9	3.6562	0	-7.3438	3	-1	1	1	0	0	0
6	644.8	-0.66356	-1.866	-0.66356	-1.866	0	2	90	0	4.6562	1	9	3.6562	0	-7.3438	3	-1	1	1	0	0	0
6	661.37	-0.64345	-1.5121	-0.64345	-1.5121	0	2	90	0	4.6562	1	9	3.6562	0	-7.3438	3	-1	1	1	0	0	0
6	677.97	-0.62334	-1.3834	-0.62334	-1.3834	0	2	90	0	4.6562	1	9	3.6562	0	-7.3438	3	-1	1	1	0	0	0
6	694.56	-0.60324	-1.0617	-0.60324	-1.0617	0	2	90	0	4.6562	1	9	3.6562	0	-7.3438	3	-1	1	1	0	0	0
6	711.14	-0.56302	-0.67563	-0.56302	-0.67562	0	2	90	0	4.6562	1	9	3.6562	0	-7.3438	3	-1	1	1	0	0	0
6	727.71	-0.52281	-0.32173	-0.52281	-0.32173	0	2	90	0	4.6562	1	9	3.6562	0	-7.3438	3	-1	1	1	0	0	0
6	744.32	-0.5027	-0.16086	-0.5027	-0.16086	0	2	90	0	4.6562	1	9	3.6562	0	-7.3438	3	-1	1	1	0	0	0
6	760.86	-0.46248	0.096518	-0.46248	0.096518	0	2	90	0	4.6562	1	9	3.6562	0	-7.3438	3	-1	1	1	0	0	0
6	777.48	-0.44237	0.22521	-0.44237	0.22521	0	2	90	0	4.6562	1	9	3.6562	0	-7.3438	3	-1	1	1	0	0	0
6	794.1	-0.38205	0.54693	-0.38205	0.54693	0	2	90	0	4.6562	1	9	3.6562	0	-7.3438	3	-1	1	1	0	0	0
6	810.77	-0.32173	0.83649	-0.32173	0.83649	0	2	90	0	4.6562	1	9	3.6562	0	-7.3438	3	-1	1	1	0	0	0
6	827.26	-0.2614	1.126	-0.2614	1.126	0	2	90	0	4.6562	1	9	3.6562	0	-7.3438	3	-1	1	1	0	0	0
6	843.86	-0.24129	1.2547	-0.24129	1.2547	0	2	90	0	4.6562	1	9	3.6562	0	-7.3438	3	-1	1	1	0	0	0
6	860.51	-0.20108	1.5121	-0.20108	1.5121	0	2	90	0	4.6562	1	9	3.6562	0	-7.3438	3	-1	1	1	0	0	0
6	877.05	-0.20108	1.6408	-0.20108	1.6408	0	2	90	0	4.6562	1	9	3.6562	0	-7.3438	3	-1	1	1	0	0	0
6	893.68	-0.18097	1.866	-0.18097	1.866	0	2	90	0	4.6562	1	9	3.6562	0	-7.3438	3	-1	1	1	0	0	0
6	910.24	-0.16086	2.0269	-0.16086	2.0269	0	2	90	0	4.6562	1	9	3.6562	0	-7.3438	3	-1	1	1	0	0	0
6	926.84	-0.16086	2.1234	-0.16086	2.1234	0	2	90	0	4.6562	1	9	3.6562	0	-7.3438	3	-1	1	1	0	0	0
6	943.43	-0.16086	2.1877	-0.16086	2.1877	0	2	90	0	4.6562	1	9	3.6562	0	-7.3438	3	-1	1	0	0	0	0
6	960.07	-0.16086	2.2199	-0.16086	2.2199	0	2	90	0	4.6562	1	9	3.6562	0	-7.3438	3	-1	1	0	0	0	0
6	976.68	-0.16086	2.2199	-0.16086	2.2199	0	2	90	0	4.6562	1	9	3.6562	0	-7.3438	3	-1	1	0	0	0	0
6	993.27	-0.16086	2.2199	-0.16086	2.2199	0	2	90	0	4.6562	1	9	3.6562	0	-7.3438	3	-1	1	0	0	0	0
6	1009.9	-0.18097	2.2521	-0.18097	2.2521	0	3	90	0	4.6562	1	9	3.6562	0	-7.3438	3	-1	1	0	0	0	0
7	30.54	-0.44237	-7.6571	-0.44237	-7.6571	0	1	75	3.1058	4.2473	1	12.106	3.2474	0	-7.3438	3	-1	1	0	0	0	0
7	47.134	-0.36194	-7.7214	-0.36194	-7.7214	0	1	75	3.1058	4.2473	1	12.106	3.2474	0	-7.3438	3	-1	1	0	0	0	0
7	63.704	-0.34183	-7.7214	-0.34183	-7.7214	0	1	75	3.1058	4.2473	1	12.106	3.2474	0	-7.3438	3	-1	1	0	0	0	0
7	80.335	-0.32173	-7.7214	-0.32173	-7.7214	0	1	75	3.1058	4.2473	1	12.106	3.2474	0	-7.3438	3	-1	1	0	0	0	0
7	96.907	-0.32173	-7.7536	-0.32173	-7.7536	0	1	75	3.1058	4.2473	1	12.106	3.2474	0	-7.3438	3	-1	1	0	0	0	0
7	113.53	-0.30162	-7.7536	-0.30162	-7.7536	0	1	75	3.1058	4.2473	1	12.106	3.2474	0	-7.3438	3	-1	1	0	0	0	0
7	130.12	-0.28151	-7.7536	-0.28151	-7.7536	0	1	75	3.1058	4.2473	1	12.106	3.2474	0	-7.3438	3	-1	1	0	0	0	0
7	146.68	-0.28151	-7.7536	-0.28151	-7.7536	0	1	75	3.1058	4.2473	1	12.106	3.2474	0	-7.3438	3	-1	1	0	0	0	0
7	163.23	-0.28151	-7.7536	-0.28151	-7.7536	0	1	75	3.1058	4.2473	1	12.106	3.2474	0	-7.3438	3	-1	1	0	0	0	0
7	179.87	-0.28151	-7.7536	-0.28151	-7.7536	0	1	75	3.1058	4.2473	1	12.106	3.2474	0	-7.3438	3	-1	1	0	0	0	0
7	196.5	-0.28151	-7.7536	-0.28151	-7.7536	0	1	75	3.1058	4.2473	1	12.106	3.2474	0	-7.3438	3	-1	1	0	0	0	0
7	213.08	-0.28151	-7.7536	-0.28151	-7.7536	0	1	75	3.1058	4.2473	1	12.106	3.2474	0	-7.3438	3	-1	1	0	0	0	0
7	229.66	-0.28151	-7.7214	-0.28151	-7.7214	0	1	75	3.1058	4.2473	1	12.106	3.2474	0	-7.3438	3	-1	1	0	0	0	0
7	246.24	-0.28151	-7.7214	-0.28151	-7.7214	0	1	75	3.1058	4.2473	1	12.106	3.2474	0	-7.3438	3	-1	1	0	0	0	0
7	262.87	-0.28151	-7.6893	-0.28151	-7.6893	0	1	75	3.1058	4.2473	1	12.106	3.2474	0	-7.3438	3	-1	1	0	0	0	0
7	279.4	-0.28151	-7.6893	-0.28151	-7.6893	0	1	75	3.1058	4.2473	1	12.106	3.2474	0	-7.3438	3	-1	1	0	0	0	0
7	295.98	-0.28151	-7.6571	-0.28151	-7.6571	0	1	75	3.1058	4.2473	1	12.106	3.2474	0	-7.3438	3	-1	1	0	0	0	0
7	312.64	-0.28151	-7.6571	-0.28151	-7.6571	0	1	75	3.1058	4.2473	1	12.106	3.2474	0	-7.3438	3	-1	1	0	0	0	0
7	329.22	-0.28151	-7.6249	-0.28151	-7.6249	0	1	75	3.1058	4.2473	1	12.106	3.2474	0	-7.3438	3	-1	1	1	0	0	0
7	345.82	-0.30162	-7.5927	-0.30162	-7.5927	0	1	75	3.1058	4.2473	1	12.106	3.2474	0	-7.3438	3	-1	1	1	0	0	0
7	362.42	-0.32173	-7.464	-0.32173	-7.464	0	1	75	3.1058	4.2473	1	12.106	3.2474	0	-7.3438	3	-1	1	1	0	0	0
7	378.97	-0.36194	-7.1423	-0.36194	-7.1423	0	1	75	3.1058	4.2473	1	12.106	3.2474	0	-7.3438	3	-1	1	1	0	0	0
7	395.51	-0.40216	-6.6919	-0.40216	-6.6919	0	1	75	3.1058	4.2473	1	12.106	3.2474	0	-7.3438	3	-1	1	1	0	0	0
7	412.16	-0.40216	-6.4667	-0.40216	-6.4667	0	1	75	3.1058	4.2473	1	12.106	3.2474	0	-7.3438	3	-1	1	1	0	0	0
7	428.76	-0.42227	-5.9841	-0.42227	-5.9841	0	1	75	3.1058	4.2473	1	12.106	3.2474	0	-7.3438	3	-1	1	1	0	0	0
7	445.38	-0.42227	-5.7589	-0.42227	-5.7589	0	1	75	3.1058	4.2473	1	12.106	3.2474	0	-7.3438	3	-1	1	1	0	0	0
7	461.99	-0.40216	-5.3728	-0.40216	-5.3728	0	1	75	3.1058	4.2473	1	12.106	3.2474	0	-7.3438	3	-1	1	1	0	0	0
7	478.6	-0.36194	-4.9868	-0.36194	-4.9868	0	2	75	3.1058	4.2473	1	12.106	3.2474	0	-7.3438	3	-1	1	1	0	0	0
7	495.19	-0.2614	-4.5363	-0.2614	-4.5363	0	2	75	3.1058	4.2473	1	12.106	3.2474	0	-7.3438	3	-1	1	1	0	0	0
7	511.76	-0.18097	-4.3111	-0.18097	-4.3111	0	2	75	3.1058	4.2473	1	12.106	3.2474	0	-7.3438	3	-1	1	1	0	0	0
7	528.35	0	-3.8929	0	-3.8929	0	2	75	3.1058	4.2473	1	12.106	3.2474	0	-7.3438	3	-1	1	1	0	0	0
7	544.95	0.12065	-3.6677	0.12065	-3.6677	0	2	75	3.1058	4.2473	1	12.106	3.2474	0	-7.3438	3	-1	1	1	0	0	0
7	561.54	0.36194	-3.2173	0.36194	-3.2173	0	2	75	3.1058	4.2473	1	12.106	3.2474	0	-7.3438	3	-1	1	1	0	1	0
7	578.13	0.68367	-2.7025	0.68367	-2.7025	0	2	75	3.1058	4.2473	1	12.106	3.2474	0	-7.3438	3	-1	1	1	0	0	0
7	594.75	0.98529	-2.2199	0.98529	-2.2199	0	2	75	3.1058	4.2473	1	12.106	3.2474	0	-7.3438	3	-1	1	1	0	0	0
7	611.23	1.1461	-1.9947	1.1461	-1.9947	0	2	75	3.1058	4.2473	1	12.106	3.2474	0	-7.3438	3	-1	1	1	0	0	0
7	627.89	1.4478	-1.6086	1.4478	-1.6086	0	2	75	3.1058	4.2473	1	12.106	3.2474	0	-7.3438	3	-1	1	1	0	0	0
7	644.48	1.5885	-1.4156	1.5885	-1.4156	0	2	75	3.1058	4.2473	1	12.106	3.2474	0	-7.3438	3	-1	1	1	0	0	0
7	661.08	1.9102	-1.0295	1.9102	-1.0295	0	2	75	3.1058	4.2473	1	12.106	3.2474	0	-7.3438	3	-1	1	1	0	0	0
7	677.72	2.2119	-0.64345	2.2119	-0.64345	0	2	75	3.1058	4.2473	1	12.106	3.2474	0	-7.3438	3	-1	1	1	0	0	0
7	694.3	2.3526	-0.45042	2.3526	-0.45042	0	2	75	3.1058	4.2473	1	12.106	3.2474	0	-7.3438	3	-1	1	1	0	0	0
7	710.9	2.5939	-0.096518	2.5939	-0.096518	0	2	75	3.1058	4.2473	1	12.106	3.2474	0	-7.3438	3	-1	1	1	0	0	0
7	727.48	2.8151	0.19304	2.8151	0.19304	0	2	75	3.1058	4.2473	1	12.106	3.2474	0	-7.3438	3	-1	1	1	0	0	0
7	744.04	2.9156	0.32173	2.9156	0.32173	0	2	75	3.1058	4.2473	1	12.106	3.2474	0	-7.3438	3	-1	1	1	0	0	0
7	760.64	3.1167	0.57911	3.1167	0.57911	0	2	75	3.1058	4.2473	1	12.106	3.2474	0	-7.3438	3	-1	1	1	0	0	0
7	777.31	3.2977	0.80432	3.2977	0.80432	0	2	75	3.1058	4.2473	1	12.106	3.2474	0	-7.3438	3	-1	1	1	0	0	0
7	793.88	3.3781	0.90083	3.3781	0.90083	0	2	75	3.1058	4.2473	1	12.106	3.2474	0	-7.3438	3	-1	1	1	0	0	0
7	810.58	3.4586	1.0295	3.4586	1.0295	0	2	75	3.1058	4.2473	1	12.106	3.2474	0	-7.3438	3	-1	1	1	0	0	0
7	827.07	3.5189	1.0617	3.5189	1.0617	0	2	75	3.1058	4.2473	1	12.106	3.2474	0	-7.3438	3	-1	1	0	0	0	0
7	843.6	3.5189	1.0617	3.5189	1.0617	0	2	75	3.1058	4.2473	1	12.106	3.2474	0	-7.3438	3	-1	1	0	0	0	0
7	860.27	3.5189	1.0939	3.5189	1.0939	0	2	75	3.1058	4.2473	1	12.106	3.2474	0	-7.3438	3	-1	1	0	0	0	0
7	876.88	3.5189	1.0939	3.5189	1.0939	0	2	75	3.1058	4.2473	1	12.106	3.2474	0	-7.3438	3	-1	1	0	0	0	0
7	893.42	3.5189	1.0939	3.5189	1.0939	0	2	75	3.1058	4.2473	1	12.106	3.2474	0	-7.3438	3	-1	1	0	0	0	0
7	910.02	3.5189	1.0939	3.5189	1.0939	0	3	75	3.1058	4.2473	1	12.106	3.2474	0	-7.3438	3	-1	1	0	0	0	0
8	30.032	-0.16086	-7.6893	-0.16086	-7.6893	0	1	105	-3.1058	4.2473	1	5.8942	3.2474	0	-7.3438	3	-1	1	0	0	0	0
8	46.647	-0.14076	-7.6893	-0.14076	-7.6893	0	1	105	-3.1058	4.2473	1	5.8942	3.2474	0	-7.3438	3	-1	1	0	0	0	0
8	63.227	-0.14076	-7.6893	-0.14076	-7.6893	0	1	105	-3.1058	4.2473	1	5.8942	3.2474	0	-7.3438	3	-1	1	0	0	0	0
8	79.86	-0.14076	-7.6893	-0.14076	-7.6893	0	1	105	-3.1058	4.2473	1	5.8942	3.2474	0	-7.3438	3	-1	1	0	0	0	0
8	96.407	-0.14076	-7.6893	-0.14076	-7.6893	0	1	105	-3.1058	4.2473	1	5.8942	3.2474	0	-7.3438	3	-1	1	0	0	0	0
8	113.02	-0.14076	-7.6893	-0.14076	-7.6893	0	1	105	-3.1058	4.2473	1	5.8942	3.2474	0	-7.3438	3	-1	1	0	0	0	0
8	129.54	-0.14076	-7.6893	-0.14076	-7.6893	0	1	105	-3.1058	4.2473	1	5.8942	3.2474	0	-7.3438	3	-1	1	0	0	0	0
8	146.17	-0.14076	-7.6893	-0.14076	-7.6893	0	1	105	-3.1058	4.2473	1	5.8942	3.2474	0	-7.3438	3	-1	1	0	0	0	0
8	162.78	-0.14076	-7.6893	-0.14076	-7.6893	0	1	105	-3.1058	4.2473	1	5.8942	3.2474	0	-7.3438	3	-1	1	0	0	0	0
8	179.4	-0.14076	-7.6893	-0.14076	-7.6893	0	1	105	-3.1058	4.2473	1	5.8942	3.2474	0	-7.3438	3	-1	1	0	0	0	0
8	196.22	-0.14076	-7.6893	-0.14076	-7.6893	0	1	105	-3.1058	4.2473	1	5.8942	3.2474	0	-7.3438	3	-1	1	0	0	0	0
8	212.57	-0.14076	-7.6893	-0.14076	-7.6893	0	1	105	-3.1058	4.2473	1	5.8942	3.2474	0	-7.3438	3	-1	1	0	0	0	0
8	229.12	-0.14076	-7.6571	-0.14076	-7.6571	0	1	105	-3.1058	4.2473	1	5.8942	3.2474	0	-7.3438	3	-1	1	0	0	0	0
8	245.76	-0.14076	-7.6571	-0.14076	-7.6571	0	1	105	-3.1058	4.2473	1	5.8942	3.2474	0	-7.3438	3	-1	1	1	0	0	0
8	262.27	-0.14076	-7.6249	-0.14076	-7.6249	0	1	105	-3.1058	4.2473	1	5.8942	3.2474	0	-7.3438	3	-1	1	1	0	0	0
8	278.96	-0.14076	-7.5284	-0.14076	-7.5284	0	1	105	-3.1058	4.2473	1	5.8942	3.2474	0	-7.3438	3	-1	1	1	0	0	0
8	295.59	-0.16086	-7.464	-0.16086	-7.464	0	1	105	-3.1058	4.2473	1	5.8942	3.2474	0	-7.3438	3	-1	1	1	0	0	0
8	312.16	-0.20108	-7.2067	-0.20108	-7.2067	0	1	105	-3.1058	4.2473	1	5.8942	3.2474	0	-7.3438	3	-1	1	1	0	0	0
8	328.73	-0.2614	-6.9171	-0.2614	-6.9171	0	1	105	-3.1058	4.2473	1	5.8942	3.2474	0	-7.3438	3	-1	1	1	0	0	0
8	345.46	-0.28151	-6.7562	-0.28151	-6.7562	0	1	105	-3.1058	4.2473	1	5.8942	3.2474	0	-7.3438	3	-1	1	1	0	0	0
8	361.94	-0.34183	-6.4345	-0.34183	-6.4345	0	1	105	-3.1058	4.2473	1	5.8942	3.2474	0	-7.3438	3	-1	1	1	0	0	0
8	378.56	-0.40216	-6.1128	-0.40216	-6.1128	0	1	105	-3.1058	4.2473	1	5.8942	3.2474	0	-7.3438	3	-1	1	1	0	0	0
8	395.18	-0.42227	-5.9841	-0.42227	-5.9841	0	1	105	-3.1058	4.2473	1	5.8942	3.2474	0	-7.3438	3	-1	1	1	0	0	0
8	411.75	-0.46248	-5.6302	-0.46248	-5.6302	0	1	105	-3.1058	4.2473	1	5.8942	3.2474	0	-7.3438	3	-1	1	1	0	0	0
8	428.36	-0.5027	-5.4693	-0.5027	-5.4693	0	1	105	-3.1058	4.2473	1	5.8942	3.2474	0	-7.3438	3	-1	1	1	0	0	0
8	444.91	-0.56302	-5.0833	-0.56302	-5.0833	0	1	105	-3.1058	4.2473	1	5.8942	3.2474	0	-7.3438	3	-1	1	1	0	0	0
8	461.46	-0.64345	-4.6972	-0.64345	-4.6972	0	2	105	-3.1058	4.2473	1	5.8942	3.2474	0	-7.3438	3	-1	1	1	0	0	0
8	478.11	-0.74399	-4.3111	-0.74399	-4.3111	0	2	105	-3.1058	4.2473	1	5.8942	3.2474	0	-7.3438	3	-1	1	1	0	0	0
8	494.67	-0.78421	-4.1503	-0.78421	-4.1503	0	2	105	-3.1058	4.2473	1	5.8942	3.2474	0	-7.3438	3	-1	1	1	0	0	0
8	511.23	-0.90485	-3.7964	-0.90485	-3.7964	0	2	105	-3.1058	4.2473	1	5.8942	3.2474	0	-7.3438	3	-1	1	1	0	0	0
8	527.9	-0.98529	-3.6033	-0.98529	-3.6033	0	2	105	-3.1058	4.2473	1	5.8942	3.2474	0	-7.3438	3	-1	1	1	0	0	0
8	544.46	-1.1663	-3.2494	-1.1663	-3.2494	0	2	105	-3.1058	4.2473	1	5.8942	3.2474	0	-7.3438	3	-1	1	1	0	0	0
8	561.07	-1.3673	-2.8634	-1.3673	-2.8634	0	2	105	-3.1058	4.2473	1	5.8942	3.2474	0	-7.3438	3	-1	1	1	0	0	0
8	577.65	-1.6287	-2.5416	-1.6287	-2.5416	0	2	105	-3.1058	4.2473	1	5.8942	3.2474	0	-7.3438	3	-1	1	1	0	0	0
8	594.32	-1.7494	-2.3808	-1.7494	-2.3808	0	2	105	-3.1058	4.2473	1	5.8942	3.2474	0	-7.3438	3	-1	1	1	0	0	0
8	610.84	-2.0309	-2.0269	-2.0309	-2.0269	0	2	105	-3.1058	4.2473	1	5.8942	3.2474	0	-7.3438	3	-1	1	1	0	1	0
8	627.38	-2.1717	-1.866	-2.1717	-1.866	0	2	105	-3.1058	4.2473	1	5.8942	3.2474	0	-7.3438	3	-1	1	1	0	0	0
8	644.06	-2.4733	-1.5121	-2.4733	-1.5121	0	2	105	-3.1058	4.2473	1	5.8942	3.2474	0	-7.3438	3	-1	1	1	0	0	0
8	660.64	-2.7548	-1.1582	-2.7548	-1.1582	0	2	105	-3.1058	4.2473	1	5.8942	3.2474	0	-7.3438	3	-1	1	1	0	0	0
8	677.28	-3.0162	-0.83649	-3.0162	-0.83649	0	2	105	-3.1058	4.2473	1	5.8942	3.2474	0	-7.3438	3	-1	1	1	0	0	0
8	693.82	-3.1569	-0.67563	-3.1569	-0.67562	0	2	105	-3.1058	4.2473	1	5.8942	3.2474	0	-7.3438	3	-1	1	1	0	0	0
8	710.4	-3.3781	-0.3539	-3.3781	-0.3539	0	2	105	-3.1058	4.2473	1	5.8942	3.2474	0	-7.3438	3	-1	1	1	0	0	0
8	727.05	-3.4787	-0.22521	-3.4787	-0.22521	0	2	105	-3.1058	4.2473	1	5.8942	3.2474	0	-7.3438	3	-1	1	1	0	0	0
8	743.62	-3.6797	0.064345	-3.6797	0.064345	0	2	105	-3.1058	4.2473	1	5.8942	3.2474	0	-7.3438	3	-1	1	1	0	0	0
8	760.33	-3.8406	0.32173	-3.8406	0.32173	0	2	105	-3.1058	4.2473	1	5.8942	3.2474	0	-7.3438	3	-1	1	1	0	0	0
8	776.81	-3.9814	0.48259	-3.9814	0.48259	0	2	105	-3.1058	4.2473	1	5.8942	3.2474	0	-7.3438	3	-1	1	1	0	0	0
8	793.39	-4.0417	0.57911	-4.0417	0.57911	0	2	105	-3.1058	4.2473	1	5.8942	3.2474	0	-7.3438	3	-1	1	1	0	0	0
8	809.97	-4.1221	0.7078	-4.1221	0.7078	0	2	105	-3.1058	4.2473	1	5.8942	3.2474	0	-7.3438	3	-1	1	1	0	0	0
8	826.55	-4.1623	0.77214	-4.1623	0.77214	0	2	105	-3.1058	4.2473	1	5.8942	3.2474	0	-7.3438	3	-1	1	1	0	0	0
8	843.26	-4.2428	0.86866	-4.2428	0.86866	0	2	105	-3.1058	4.2473	1	5.8942	3.2474	0	-7.3438	3	-1	1	0	0	0	0
8	859.75	-4.2629	0.90083	-4.2629	0.90083	0	2	105	-3.1058	4.2473	1	5.8942	3.2474	0	-7.3438	3	-1	1	0	0	0	0
8	876.37	-4.283	0.93301	-4.283	0.93301	0	2	105	-3.1058	4.2473	1	5.8942	3.2474	0	-7.3438	3	-1	1	0	0	0	0
8	892.91	-4.283	0.93301	-4.283	0.93301	0	2	105	-3.1058	4.2473	1	5.8942	3.2474	0	-7.3438	3	-1	1	0	0	0	0
8	909.51	-4.283	0.93301	-4.283	0.93301	0	3	105	-3.1058	4.2473	1	5.8942	3.2474	0	-7.3438	3	-1	1	0	0	0	0
9	30.179	0.040216	-7.6893	0.040216	-7.6893	0	1	90	0	4.6562	1	9	3.6562	0	-7.3438	3	-1	1	0	0	0	0
9	46.77	0.040216	-7.6893	0.040216	-7.6893	0	1	90	0	4.6562	1	9	3.6562	0	-7.3438	3	-1	1	0	0	0	0
9	63.455	0.040216	-7.6893	0.040216	-7.6893	0	1	90	0	4.6562	1	9	3.6562	0	-7.3438	3	-1	1	0	0	0	0
9	79.961	0.040216	-7.6893	0.040216	-7.6893	0	1	90	0	4.6562	1	9	3.6562	0	-7.3438	3	-1	1	0	0	0	0
9	96.552	0.040216	-7.6893	0.040216	-7.6893	0	1	90	0	4.6562	1	9	3.6562	0	-7.3438	3	-1	1	0	0	0	0
9	113.15	0.040216	-7.6893	0.040216	-7.6893	0	1	90	0	4.6562	1	9	3.6562	0	-7.3438	3	-1	1	0	0	0	0
9	129.71	0.060324	-7.6893	0.060324	-7.6893	0	1	90	0	4.6562	1	9	3.6562	0	-7.3438	3	-1	1	0	0	0	0
9	146.31	0.060324	-7.6893	0.060324	-7.6893	0	1	90	0	4.6562	1	9	3.6562	0	-7.3438	3	-1	1	0	0	0	0
9	162.97	0.060324	-7.6893	0.060324	-7.6893	0	1	90	0	4.6562	1	9	3.6562	0	-7.3438	3	-1	1	0	0	0	0
9	179.53	0.060324	-7.6893	0.060324	-7.6893	0	1	90	0	4.6562	1	9	3.6562	0	-7.3438	3	-1	1	0	0	0	0
9	196.13	0.060324	-7.6893	0.060324	-7.6893	0	1	90	0	4.6562	1	9	3.6562	0	-7.3438	3	-1	1	0	0	0	0
9	212.74	0.060324	-7.6571	0.060324	-7.6571	0	1	90	0	4.6562	1	9	3.6562	0	-7.3438	3	-1	1	0	0	0	0
9	229.28	0.040216	-7.6249	0.040216	-7.6249	0	1	90	0	4.6562	1	9	3.6562	0	-7.3438	3	-1	1	0	0	0	0
9	245.86	0.040216	-7.6249	0.040216	-7.6249	0	1	90	0	4.6562	1	9	3.6562	0	-7.3438	3	-1	1	0	0	0	0
9	262.51	0.040216	-7.5927	0.040216	-7.5927	0	1	90	0	4.6562	1	9	3.6562	0	-7.3438	3	-1	1	1	0	0	0
9	279.14	0.020108	-7.5927	0.020108	-7.5927	0	1	90	0	4.6562	1	9	3.6562	0	-7.3438	3	-1	1	1	0	0	0
9	295.73	-0.040216	-7.464	-0.040216	-7.464	0	1	90	0	4.6562	1	9	3.6562	0	-7.3438	3	-1	1	1	0	0	0
9	312.32	-0.16086	-7.1423	-0.16086	-7.1423	0	1	90	0	4.6562	1	9	3.6562	0	-7.3438	3	-1	1	1	0	0	0
9	328.86	-0.2614	-6.6919	-0.2614	-6.6919	0	1	90	0	4.6562	1	9	3.6562	0	-7.3438	3	-1	1	1	0	0	0
9	345.44	-0.32173	-6.4024	-0.32173	-6.4024	0	1	90	0	4.6562	1	9	3.6562	0	-7.3438	3	-1	1	1	0	0	0
9	362.16	-0.42227	-5.8554	-0.42227	-5.8554	0	1	90	0	4.6562	1	9	3.6562	0	-7.3438	3	-1	1	1	0	0	0
9	378.69	-0.46248	-5.5659	-0.46248	-5.5659	0	1	90	0	4.6562	1	9	3.6562	0	-7.3438	3	-1	1	1	0	1	0
9	395.19	-0.56302	-5.1154	-0.56302	-5.1154	0	1	90	0	4.6562	1	9	3.6562	0	-7.3438	3	-1	1	1	0	0	0
9	411.86	-0.64345	-4.7615	-0.64345	-4.7615	0	2	90	0	4.6562	1	9	3.6562	0	-7.3438	3	-1	1	1	0	0	0
9	428.53	-0.70378	-4.4076	-0.70378	-4.4076	0	2	90	0	4.6562	1	9	3.6562	0	-7.3438	3	-1	1	1	0	0	0
9	444.99	-0.72388	-4.2146	-0.72388	-4.2146	0	2	90	0	4.6562	1	9	3.6562	0	-7.3438	3	-1	1	1	0	0	0
9	461.63	-0.78421	-3.7964	-0.78421	-3.7964	0	2	90	0	4.6562	1	9	3.6562	0	-7.3438	3	-1	1	1	0	0	0
9	478.2	-0.80432	-3.6033	-0.80432	-3.6033	0	2	90	0	4.6562	1	9	3.6562	0	-7.3438	3	-1	1	1	0	0	0
9	494.81	-0.86464	-3.1851	-0.86464	-3.1851	0	2	90	0	4.6562	1	9	3.6562	0	-7.3438	3	-1	1	1	0	0	0
9	511.45	-0.92496	-2.799	-0.92496	-2.799	0	2	90	0	4.6562	1	9	3.6562	0	-7.3438	3	-1	1	1	0	0	0
9	527.96	-0.94507	-2.606	-0.94507	-2.606	0	2	90	0	4.6562	1	9	3.6562	0	-7.3438	3	-1	1	1	0	0	0
9	544.62	-0.94507	-2.2199	-0.94507	-2.2199	0	2	90	0	4.6562	1	9	3.6562	0	-7.3438	3	-1	1	1	0	0	0
9	561.18	-0.96518	-1.8017	-0.96518	-1.8017	0	2	90	0	4.6562	1	9	3.6562	0	-7.3438	3	-1	1	1	0	0	0
9	577.86	-0.96518	-1.5765	-0.96518	-1.5765	0	2	90	0	4.6562	1	9	3.6562	0	-7.3438	3	-1	1	1	0	0	0
9	594.41	-0.96518	-1.1904	-0.96518	-1.1904	0	2	90	0	4.6562	1	9	3.6562	0	-7.3438	3	-1	1	1	0	0	0
9	611.02	-0.98529	-0.83649	-0.98529	-0.83649	0	2	90	0	4.6562	1	9	3.6562	0	-7.3438	3	-1	1	1	0	0	0
9	627.52	-0.96518	-0.64345	-0.96518	-0.64345	0	2	90	0	4.6562	1	9	3.6562	0	-7.3438	3	-1	1	1	0	0	0
9	644.16	-0.96518	-0.28955	-0.96518	-0.28955	0	2	90	0	4.6562	1	9	3.6562	0	-7.3438	3	-1	1	1	0	0	0
9	660.72	-0.96518	0.064345	-0.96518	0.064345	0	2	90	0	4.6562	1	9	3.6562	0	-7.3438	3	-1	1	1	0	0	0
9	677.28	-0.94507	0.22521	-0.94507	0.22521	0	2	90	0	4.6562	1	9	3.6562	0	-7.3438	3	-1	1	1	0	0	0
9	693.9	-0.94507	0.54693	-0.94507	0.54693	0	2	90	0	4.6562	1	9	3.6562	0	-7.3438	3	-1	1	1	0	0	0
9	710.49	-0.94507	0.80432	-0.94507	0.80432	0	2	90	0	4.6562	1	9	3.6562	0	-7.3438	3	-1	1	1	0	0	0
9	727.16	-0.94507	0.90083	-0.94507	0.90083	0	2	90	0	4.6562	1	9	3.6562	0	-7.3438	3	-1	1	1	0	0	0
9	743.74	-0.94507	1.0939	-0.94507	1.0939	0	2	90	0	4.6562	1	9	3.6562	0	-7.3438	3	-1	1	1	0	0	0
9	760.27	-0.92496	1.2869	-0.92496	1.2869	0	2	90	0	4.6562	1	9	3.6562	0	-7.3438	3	-1	1	1	0	0	0
9	776.91	-0.92496	1.3834	-0.92496	1.3834	0	2	90	0	4.6562	1	9	3.6562	0	-7.3438	3	-1	1	1	0	0	0
9	793.47	-0.92496	1.4799	-0.92496	1.4799	0	2	90	0	4.6562	1	9	3.6562	0	-7.3438	3	-1	1	0	0	0	0
9	810.05	-0.92496	1.5121	-0.92496	1.5121	0	2	90	0	4.6562	1	9	3.6562	0	-7.3438	3	-1	1	0	0	0	0
9	826.72	-0.92496	1.5121	-0.92496	1.5121	0	2	90	0	4.6562	1	9	3.6562	0	-7.3438	3	-1	1	0	0	0	0
9	843.32	-0.92496	1.5121	-0.92496	1.5121	0	2	90	0	4.6562	1	9	3.6562	0	-7.3438	3	-1	1	0	0	0	0
9	859.88	-0.92496	1.5121	-0.92496	1.5121	0	3	90	0	4.6562	1	9	3.6562	0	-7.3438	3	-1	1	0	0	0	0
10	30.655	-0.16086	-7.5606	-0.16086	-7.5606	0	1	105	-3.1058	4.2473	1	5.8942	3.2474	0	-7.3438	3	-1	1	0	0	0	0
10	47.302	-0.12065	-7.5606	-0.12065	-7.5606	0	1	105	-3.1058	4.2473	1	5.8942	3.2474	0	-7.3438	3	-1	1	0	0	0	0
10	63.927	-0.12065	-7.5606	-0.12065	-7.5606	0	1	105	-3.1058	4.2473	1	5.8942	3.2474	0	-7.3438	3	-1	1	0	0	0	0
10	80.471	-0.12065	-7.5606	-0.12065	-7.5606	0	1	105	-3.1058	4.2473	1	5.8942	3.2474	0	-7.3438	3	-1	1	0	0	0	0
10	97.055	-0.12065	-7.5606	-0.12065	-7.5606	0	1	105	-3.1058	4.2473	1	5.8942	3.2474	0	-7.3438	3	-1	1	0	0	0	0
10	113.65	-0.12065	-7.5606	-0.12065	-7.5606	0	1	105	-3.1058	4.2473	1	5.8942	3.2474	0	-7.3438	3	-1	1	0	0	0	0
10	130.29	-0.12065	-7.5606	-0.12065	-7.5606	0	1	105	-3.1058	4.2473	1	5.8942	3.2474	0	-7.3438	3	-1	1	0	0	0	0
10	146.84	-0.12065	-7.5606	-0.12065	-7.5606	0	1	105	-3.1058	4.2473	1	5.8942	3.2474	0	-7.3438	3	-1	1	0	0	0	0
10	163.5	-0.12065	-7.5606	-0.12065	-7.5606	0	1	105	-3.1058	4.2473	1	5.8942	3.2474	0	-7.3438	3	-1	1	0	0	0	0
10	180.06	-0.12065	-7.5606	-0.12065	-7.5606	0	1	105	-3.1058	4.2473	1	5.8942	3.2474	0	-7.3438	3	-1	1	0	0	0	0
10	196.61	-0.12065	-7.5606	-0.12065	-7.5606	0	1	105	-3.1058	4.2473	1	5.8942	3.2474	0	-7.3438	3	-1	1	0	0	0	0
10	213.23	-0.12065	-7.5606	-0.12065	-7.5606	0	1	105	-3.1058	4.2473	1	5.8942	3.2474	0	-7.3438	3	-1	1	0	0	0	0
10	229.83	-0.12065	-7.5606	-0.12065	-7.5606	0	1	105	-3.1058	4.2473	1	5.8942	3.2474	0	-7.3438	3	-1	1	0	0	0	0
10	246.42	-0.12065	-7.5606	-0.12065	-7.5606	0	1	105	-3.1058	4.2473	1	5.8942	3.2474	0	-7.3438	3	-1	1	0	0	0	0
10	262.99	-0.12065	-7.5284	-0.12065	-7.5284	0	1	105	-3.1058	4.2473	1	5.8942	3.2474	0	-7.3438	3	-1	1	1	0	0	0
10	279.61	-0.10054	-7.4962	-0.10054	-7.4962	0	1	105	-3.1058	4.2473	1	5.8942	3.2474	0	-7.3438	3	-1	1	1	0	0	0
10	296.21	-0.10054	-7.3354	-0.10054	-7.3354	0	1	105	-3.1058	4.2473	1	5.8942	3.2474	0	-7.3438	3	-1	1	1	0	0	0
10	312.83	-0.12065	-7.0458	-0.12065	-7.0458	0	1	105	-3.1058	4.2473	1	5.8942	3.2474	0	-7.3438	3	-1	1	1	0	0	0
10	329.37	-0.14076	-6.8849	-0.14076	-6.8849	0	1	105	-3.1058	4.2473	1	5.8942	3.2474	0	-7.3438	3	-1	1	1	0	0	0
10	345.97	-0.18097	-6.531	-0.18097	-6.531	0	1	105	-3.1058	4.2473	1	5.8942	3.2474	0	-7.3438	3	-1	1	1	0	0	0
10	362.6	-0.20108	-6.4024	-0.20108	-6.4024	0	1	105	-3.1058	4.2473	1	5.8942	3.2474	0	-7.3438	3	-1	1	1	0	0	0
10	379.19	-0.2614	-6.1128	-0.2614	-6.1128	0	1	105	-3.1058	4.2473	1	5.8942	3.2474	0	-7.3438	3	-1	1	1	0	0	0
10	395.81	-0.30162	-5.8876	-0.30162	-5.8876	0	1	105	-3.1058	4.2473	1	5.8942	3.2474	0	-7.3438	3	-1	1	1	0	0	0
10	412.42	-0.34183	-5.7589	-0.34183	-5.7589	0	1	105	-3.1058	4.2473	1	5.8942	3.2474	0	-7.3438	3	-1	1	1	0	0	0
10	428.99	-0.40216	-5.4693	-0.40216	-5.4693	0	1	105	-3.1058	4.2473	1	5.8942	3.2474	0	-7.3438	3	-1	1	1	0	0	0
10	445.52	-0.46248	-5.1798	-0.46248	-5.1798	0	1	105	-3.1058	4.2473	1	5.8942	3.2474	0	-7.3438	3	-1	1	1	0	0	0
10	462.13	-0.5027	-5.0511	-0.5027	-5.0511	0	2	105	-3.1058	4.2473	1	5.8942	3.2474	0	-7.3438	3	-1	1	1	0	0	0
10	478.66	-0.58313	-4.7937	-0.58313	-4.7937	0	2	105	-3.1058	4.2473	1	5.8942	3.2474	0	-7.3438	3	-1	1	1	0	0	0
10	495.39	-0.70378	-4.5363	-0.70378	-4.5363	0	2	105	-3.1058	4.2473	1	5.8942	3.2474	0	-7.3438	3	-1	1	1	0	0	0
10	511.97	-0.7641	-4.4076	-0.7641	-4.4076	0	2	105	-3.1058	4.2473	1	5.8942	3.2474	0	-7.3438	3	-1	1	1	0	0	0
10	528.58	-0.90485	-4.0859	-0.90485	-4.0859	0	2	105	-3.1058	4.2473	1	5.8942	3.2474	0	-7.3438	3	-1	1	1	0	0	0
10	545.06	-1.1059	-3.732	-1.1059	-3.732	0	2	105	-3.1058	4.2473	1	5.8942	3.2474	0	-7.3438	3	-1	1	1	0	0	0
10	561.71	-1.2065	-3.5712	-1.2065	-3.5712	0	2	105	-3.1058	4.2473	1	5.8942	3.2474	0	-7.3438	3	-1	1	1	0	0	0
10	578.43	-1.4076	-3.2494	-1.4076	-3.2494	0	2	105	-3.1058	4.2473	1	5.8942	3.2474	0	-7.3438	3	-1	1	1	0	0	0
10	594.91	-1.6287	-2.8955	-1.6287	-2.8955	0	2	105	-3.1058	4.2473	1	5.8942	3.2474	0	-7.3438	3	-1	1	1	0	0	0
10	611.63	-1.7494	-2.7347	-1.7494	-2.7347	0	2	105	-3.1058	4.2473	1	5.8942	3.2474	0	-7.3438	3	-1	1	1	0	1	0
10	628.13	-1.9907	-2.4129	-1.9907	-2.4129	0	2	105	-3.1058	4.2473	1	5.8942	3.2474	0	-7.3438	3	-1	1	1	0	0	0
10	644.72	-2.2521	-2.059	-2.2521	-2.059	0	2	105	-3.1058	4.2473	1	5.8942	3.2474	0	-7.3438	3	-1	1	1	0	0	0
10	661.29	-2.3727	-1.866	-2.3727	-1.866	0	2	105	-3.1058	4.2473	1	5.8942	3.2474	0	-7.3438	3	-1	1	1	0	0	0
10	677.89	-2.6341	-1.5121	-2.6341	-1.5121	0	2	105	-3.1058	4.2473	1	5.8942	3.2474	0	-7.3438	3	-1	1	1	0	0	0
10	694.47	-2.8352	-1.1904	-2.8352	-1.1904	0	2	105	-3.1058	4.2473	1	5.8942	3.2474	0	-7.3438	3	-1	1	1	0	0	0
10	711.07	-2.9358	-1.0617	-2.9358	-1.0617	0	2	105	-3.1058	4.2473	1	5.8942	3.2474	0	-7.3438	3	-1	1	1	0	0	0
10	727.7	-3.1368	-0.73997	-3.1368	-0.73997	0	2	105	-3.1058	4.2473	1	5.8942	3.2474	0	-7.3438	3	-1	1	1	0	0	0
10	744.22	-3.2173	-0.57911	-3.2173	-0.57911	0	2	105	-3.1058	4.2473	1	5.8942	3.2474	0	-7.3438	3	-1	1	1	0	0	0
10	760.86	-3.3982	-0.32173	-3.3982	-0.32173	0	2	105	-3.1058	4.2473	1	5.8942	3.2474	0	-7.3438	3	-1	1	1	0	0	0
10	777.44	-3.5591	-0.064345	-3.5591	-0.064345	0	2	105	-3.1058	4.2473	1	5.8942	3.2474	0	-7.3438	3	-1	1	1	0	0	0
10	794.03	-3.6999	0.19304	-3.6999	0.19304	0	2	105	-3.1058	4.2473	1	5.8942	3.2474	0	-7.3438	3	-1	1	1	0	0	0
10	810.54	-3.7602	0.28955	-3.7602	0.28955	0	2	105	-3.1058	4.2473	1	5.8942	3.2474	0	-7.3438	3	-1	1	1	0	0	0
10	827.26	-3.8607	0.41824	-3.8607	0.41824	0	2	105	-3.1058	4.2473	1	5.8942	3.2474	0	-7.3438	3	-1	1	1	0	0	0
10	843.8	-3.9009	0.48259	-3.9009	0.48259	0	2	105	-3.1058	4.2473	1	5.8942	3.2474	0	-7.3438	3	-1	1	1	0	0	0
10	860.46	-3.9411	0.54693	-3.9411	0.54693	0	2	105	-3.1058	4.2473	1	5.8942	3.2474	0	-7.3438	3	-1	1	1	0	0	0
10	877	-3.9814	0.61128	-3.9814	0.61128	0	2	105	-3.1058	4.2473	1	5.8942	3.2474	0	-7.3438	3	-1	1	0	0	0	0
10	893.59	-3.9814	0.64345	-3.9814	0.64345	0	2	105	-3.1058	4.2473	1	5.8942	3.2474	0	-7.3438	3	-1	1	0	0	0	0
10	910.21	-4.0015	0.67563	-4.0015	0.67562	0	2	105	-3.1058	4.2473	1	5.8942	3.2474	0	-7.3438	3	-1	1	0	0	0	0
10	926.84	-4.0015	0.67563	-4.0015	0.67562	0	2	105	-3.1058	4.2473	1	5.8942	3.2474	0	-7.3438	3	-1	1	0	0	0	0
10	943.43	-4.0015	0.67563	-4.0015	0.67562	0	3	105	-3.1058	4.2473	1	5.8942	3.2474	0	-7.3438	3	-1	1	0	0	0	0
11	30.683	-0.20108	-7.7214	-0.20108	-7.7214	0	1	75	3.1058	4.2473	1	12.106	3.2474	0	-7.3438	3	-1	1	0	0	0	0
11	47.23	-0.20108	-7.7214	-0.20108	-7.7214	0	1	75	3.1058	4.2473	1	12.106	3.2474	0	-7.3438	3	-1	1	0	0	0	0
11	63.852	-0.20108	-7.7214	-0.20108	-7.7214	0	1	75	3.1058	4.2473	1	12.106	3.2474	0	-7.3438	3	-1	1	0	0	0	0
11	80.406	-0.18097	-7.7214	-0.18097	-7.7214	0	1	75	3.1058	4.2473	1	12.106	3.2474	0	-7.3438	3	-1	1	0	0	0	0
11	97.002	-0.18097	-7.7214	-0.18097	-7.7214	0	1	75	3.1058	4.2473	1	12.106	3.2474	0	-7.3438	3	-1	1	0	0	0	0
11	113.56	-0.18097	-7.7214	-0.18097	-7.7214	0	1	75	3.1058	4.2473	1	12.106	3.2474	0	-7.3438	3	-1	1	0	0	0	0
11	130.16	-0.18097	-7.7214	-0.18097	-7.7214	0	1	75	3.1058	4.2473	1	12.106	3.2474	0	-7.3438	3	-1	1	0	0	0	0
11	146.59	-0.18097	-7.7214	-0.18097	-7.7214	0	1	75	3.1058	4.2473	1	12.106	3.2474	0	-7.3438	3	-1	1	0	0	0	0
11	163.4	-0.18097	-7.7214	-0.18097	-7.7214	0	1	75	3.1058	4.2473	1	12.106	3.2474	0	-7.3438	3	-1	1	0	0	0	0
11	180.02	-0.18097	-7.7214	-0.18097	-7.7214	0	1	75	3.1058	4.2473	1	12.106	3.2474	0	-7.3438	3	-1	1	0	0	0	0
11	196.59	-0.18097	-7.7214	-0.18097	-7.7214	0	1	75	3.1058	4.2473	1	12.106	3.2474	0	-7.3438	3	-1	1	0	0	0	0
11	213.18	-0.18097	-7.7214	-0.18097	-7.7214	0	1	75	3.1058	4.2473	1	12.106	3.2474	0	-7.3438	3	-1	1	0	0	0	0
11	229.74	-0.18097	-7.7214	-0.18097	-7.7214	0	1	75	3.1058	4.2473	1	12.106	3.2474	0	-7.3438	3	-1	1	0	0	0	0
11	246.37	-0.18097	-7.7214	-0.18097	-7.7214	0	1	75	3.1058	4.2473	1	12.106	3.2474	0	-7.3438	3	-1	1	0	0	0	0
11	262.96	-0.18097	-7.6893	-0.18097	-7.6893	0	1	75	3.1058	4.2473	1	12.106	3.2474	0	-7.3438	3	-1	1	0	0	0	0
11	279.6	-0.18097	-7.6893	-0.18097	-7.6893	0	1	75	3.1058	4.2473	1	12.106	3.2474	0	-7.3438	3	-1	1	0	0	0	0
11	296.18	-0.18097	-7.6893	-0.18097	-7.6893	0	1	75	3.1058	4.2473	1	12.106	3.2474	0	-7.3438	3	-1	1	0	0	0	0
11	312.76	-0.18097	-7.6571	-0.18097	-7.6571	0	1	75	3.1058	4.2473	1	12.106	3.2474	0	-7.3438	3	-1	1	0	0	0	0
11	329.3	-0.18097	-7.6249	-0.18097	-7.6249	0	1	75	3.1058	4.2473	1	12.106	3.2474	0	-7.3438	3	-1	1	1	0	0	0
11	345.94	-0.16086	-7.5927	-0.16086	-7.5927	0	1	75	3.1058	4.2473	1	12.106	3.2474	0	-7.3438	3	-1	1	1	0	0	0
11	362.46	-0.12065	-7.5284	-0.12065	-7.5284	0	1	75	3.1058	4.2473	1	12.106	3.2474	0	-7.3438	3	-1	1	1	0	0	0
11	379.14	-0.080432	-7.464	-0.080432	-7.464	0	1	75	3.1058	4.2473	1	12.106	3.2474	0	-7.3438	3	-1	1	1	0	0	0
11	395.75	-0.060324	-7.3675	-0.060324	-7.3675	0	1	75	3.1058	4.2473	1	12.106	3.2474	0	-7.3438	3	-1	1	1	0	0	0
11	412.35	-0.020108	-7.1423	-0.020108	-7.1423	0	1	75	3.1058	4.2473	1	12.106	3.2474	0	-7.3438	3	-1	1	1	0	0	0
11	428.92	0	-6.7562	0	-6.7562	0	1	75	3.1058	4.2473	1	12.106	3.2474	0	-7.3438	3	-1	1	1	0	0	0
11	445.48	0.020108	-6.4989	0.020108	-6.4989	0	1	75	3.1058	4.2473	1	12.106	3.2474	0	-7.3438	3	-1	1	1	0	0	0
11	462.11	0.080432	-5.9841	0.080432	-5.9841	0	1	75	3.1058	4.2473	1	12.106	3.2474	0	-7.3438	3	-1	1	1	0	0	0
11	478.78	0.16086	-5.598	0.16086	-5.598	0	1	75	3.1058	4.2473	1	12.106	3.2474	0	-7.3438	3	-1	1	1	0	0	0
11	495.34	0.20108	-5.4372	0.20108	-5.4372	0	1	75	3.1058	4.2473	1	12.106	3.2474	0	-7.3438	3	-1	1	1	0	0	0
11	511.87	0.30162	-5.0511	0.30162	-5.0511	0	1	75	3.1058	4.2473	1	12.106	3.2474	0	-7.3438	3	-1	1	1	0	0	0
11	528.47	0.38205	-4.665	0.38205	-4.665	0	2	75	3.1058	4.2473	1	12.106	3.2474	0	-7.3438	3	-1	1	1	0	0	0
11	545.04	0.44237	-4.4398	0.44237	-4.4398	0	2	75	3.1058	4.2473	1	12.106	3.2474	0	-7.3438	3	-1	1	1	0	0	0
11	561.65	0.52281	-4.0537	0.52281	-4.0537	0	2	75	3.1058	4.2473	1	12.106	3.2474	0	-7.3438	3	-1	1	1	0	0	0
11	578.25	0.60324	-3.6999	0.60324	-3.6999	0	2	75	3.1058	4.2473	1	12.106	3.2474	0	-7.3438	3	-1	1	1	0	0	0
11	594.83	0.64345	-3.5068	0.64345	-3.5068	0	2	75	3.1058	4.2473	1	12.106	3.2474	0	-7.3438	3	-1	1	1	0	0	0
11	611.47	0.72388	-3.0886	0.72388	-3.0886	0	2	75	3.1058	4.2473	1	12.106	3.2474	0	-7.3438	3	-1	1	1	0	0	0
11	628.04	0.80432	-2.6703	0.80432	-2.6703	0	2	75	3.1058	4.2473	1	12.106	3.2474	0	-7.3438	3	-1	1	1	0	0	0
11	644.65	0.84453	-2.4773	0.84453	-2.4773	0	2	75	3.1058	4.2473	1	12.106	3.2474	0	-7.3438	3	-1	1	1	0	0	0
11	661.21	0.92496	-2.059	0.92496	-2.059	0	2	75	3.1058	4.2473	1	12.106	3.2474	0	-7.3438	3	-1	1	1	0	0	0
11	677.78	1.0456	-1.7051	1.0456	-1.7051	0	2	75	3.1058	4.2473	1	12.106	3.2474	0	-7.3438	3	-1	1	1	0	0	0
11	694.31	1.1059	-1.4799	1.1059	-1.4799	0	2	75	3.1058	4.2473	1	12.106	3.2474	0	-7.3438	3	-1	1	1	0	0	0
11	711.04	1.2467	-1.0617	1.2467	-1.0617	0	2	75	3.1058	4.2473	1	12.106	3.2474	0	-7.3438	3	-1	1	1	0	1	0
11	727.6	1.3271	-0.80432	1.3271	-0.80432	0	2	75	3.1058	4.2473	1	12.106	3.2474	0	-7.3438	3	-1	1	1	0	0	0
11	744.2	1.488	-0.3539	1.488	-0.3539	0	2	75	3.1058	4.2473	1	12.106	3.2474	0	-7.3438	3	-1	1	1	0	0	0
11	760.8	1.6488	0.032173	1.6488	0.032173	0	2	75	3.1058	4.2473	1	12.106	3.2474	0	-7.3438	3	-1	1	1	0	0	0
11	777.34	1.8298	0.38607	1.8298	0.38607	0	2	75	3.1058	4.2473	1	12.106	3.2474	0	-7.3438	3	-1	1	1	0	0	0
11	793.96	1.9102	0.54693	1.9102	0.54693	0	2	75	3.1058	4.2473	1	12.106	3.2474	0	-7.3438	3	-1	1	1	0	0	0
11	810.57	2.0711	0.90083	2.0711	0.90083	0	2	75	3.1058	4.2473	1	12.106	3.2474	0	-7.3438	3	-1	1	1	0	0	0
11	827.18	2.1515	1.0617	2.1515	1.0617	0	2	75	3.1058	4.2473	1	12.106	3.2474	0	-7.3438	3	-1	1	1	0	0	0
11	843.79	2.2722	1.3191	2.2722	1.3191	0	2	75	3.1058	4.2473	1	12.106	3.2474	0	-7.3438	3	-1	1	1	0	0	0
11	860.35	2.3526	1.5121	2.3526	1.5121	0	2	75	3.1058	4.2473	1	12.106	3.2474	0	-7.3438	3	-1	1	1	0	0	0
11	876.94	2.3928	1.5765	2.3928	1.5765	0	2	75	3.1058	4.2473	1	12.106	3.2474	0	-7.3438	3	-1	1	1	0	0	0
11	893.53	2.4331	1.673	2.4331	1.673	0	2	75	3.1058	4.2473	1	12.106	3.2474	0	-7.3438	3	-1	1	1	0	0	0
11	910.09	2.4532	1.7373	2.4532	1.7373	0	2	75	3.1058	4.2473	1	12.106	3.2474	0	-7.3438	3	-1	1	0	0	0	0
11	926.69	2.4532	1.7373	2.4532	1.7373	0	2	75	3.1058	4.2473	1	12.106	3.2474	0	-7.3438	3	-1	1	0	0	0	0
11	943.32	2.4733	1.7373	2.4733	1.7373	0	2	75	3.1058	4.2473	1	12.106	3.2474	0	-7.3438	3	-1	1	0	0	0	0
11	959.95	2.4733	1.7373	2.4733	1.7373	0	2	75	3.1058	4.2473	1	12.106	3.2474	0	-7.3438	3	-1	1	0	0	0	0
11	976.53	2.4733	1.7373	2.4733	1.7373	0	3	75	3.1058	4.2473	1	12.106	3.2474	0	-7.3438	3	-1	1	0	0	0	0
