0	4.595	-0.22119	-7.3675	-0.22119	-7.3675	0	1	105	-3.1058	4.2473	1	5.8942	3.2474	0	-7.3438	3	-1	1	0	0	0	0
0	20.935	-0.22119	-7.3675	-0.22119	-7.3675	0	1	105	-3.1058	4.2473	1	5.8942	3.2474	0	-7.3438	3	-1	1	0	0	0	0
0	37.529	-0.22119	-7.3675	-0.22119	-7.3675	0	1	105	-3.1058	4.2473	1	5.8942	3.2474	0	-7.3438	3	-1	1	0	0	0	0
0	54.029	-0.22119	-7.3675	-0.22119	-7.3675	0	1	105	-3.1058	4.2473	1	5.8942	3.2474	0	-7.3438	3	-1	1	0	0	0	0
0	70.623	-0.22119	-7.3675	-0.22119	-7.3675	0	1	105	-3.1058	4.2473	1	5.8942	3.2474	0	-7.3438	3	-1	1	0	0	0	0
0	87.278	-0.22119	-7.3675	-0.22119	-7.3675	0	1	105	-3.1058	4.2473	1	5.8942	3.2474	0	-7.3438	3	-1	1	0	0	0	0
0	103.9	-0.22119	-7.3675	-0.22119	-7.3675	0	1	105	-3.1058	4.2473	1	5.8942	3.2474	0	-7.3438	3	-1	1	0	0	0	0
0	120.49	-0.22119	-7.3675	-0.22119	-7.3675	0	1	105	-3.1058	4.2473	1	5.8942	3.2474	0	-7.3438	3	-1	1	0	0	0	0
0	137.05	-0.22119	-7.3675	-0.22119	-7.3675	0	1	105	-3.1058	4.2473	1	5.8942	3.2474	0	-7.3438	3	-1	1	0	0	0	0
0	153.63	-0.22119	-7.3675	-0.22119	-7.3675	0	1	105	-3.1058	4.2473	1	5.8942	3.2474	0	-7.3438	3	-1	1	0	0	0	0
0	170.21	-0.22119	-7.3675	-0.22119	-7.3675	0	1	105	-3.1058	4.2473	1	5.8942	3.2474	0	-7.3438	3	-1	1	0	0	0	0
0	186.83	-0.22119	-7.3675	-0.22119	-7.3675	0	1	105	-3.1058	4.2473	1	5.8942	3.2474	0	-7.3438	3	-1	1	0	0	0	0
0	203.5	-0.22119	-7.3675	-0.22119	-7.3675	0	1	105	-3.1058	4.2473	1	5.8942	3.2474	0	-7.3438	3	-1	1	0	0	0	0
0	220.03	-0.22119	-7.3675	-0.22119	-7.3675	0	1	105	-3.1058	4.2473	1	5.8942	3.2474	0	-7.3438	3	-1	1	0	0	0	0
0	236.62	-0.22119	-7.3675	-0.22119	-7.3675	0	1	105	-3.1058	4.2473	1	5.8942	3.2474	0	-7.3438	3	-1	1	0	0	0	0
0	253.22	-0.22119	-7.3675	-0.22119	-7.3675	0	1	105	-3.1058	4.2473	1	5.8942	3.2474	0	-7.3438	3	-1	1	0	0	0	0
0	269.82	-0.22119	-7.3675	-0.22119	-7.3675	0	1	105	-3.1058	4.2473	1	5.8942	3.2474	0	-7.3438	3	-1	1	0	0	0	0
0	286.4	-0.22119	-7.3675	-0.22119	-7.3675	0	1	105	-3.1058	4.2473	1	5.8942	3.2474	0	-7.3438	3	-1	1	0	0	0	0
0	302.99	-0.22119	-7.3675	-0.22119	-7.3675	0	1	105	-3.1058	4.2473	1	5.8942	3.2474	0	-7.3438	3	-1	1	0	0	0	0
0	319.65	-0.22119	-7.3675	-0.22119	-7.3675	0	1	105	-3.1058	4.2473	1	5.8942	3.2474	0	-7.3438	3	-1	1	0	0	0	0
0	336.18	-0.22119	-7.3675	-0.22119	-7.3675	0	1	105	-3.1058	4.2473	1	5.8942	3.2474	0	-7.3438	3	-1	1	0	0	0	0
0	352.7	-0.22119	-7.3675	-0.22119	-7.3675	0	1	105	-3.1058	4.2473	1	5.8942	3.2474	0	-7.3438	3	-1	1	0	0	0	0
0	369.3	-0.22119	-7.3675	-0.22119	-7.3675	0	1	105	-3.1058	4.2473	1	5.8942	3.2474	0	-7.3438	3	-1	1	0	0	0	0
0	385.95	-0.22119	-7.3675	-0.22119	-7.3675	0	1	105	-3.1058	4.2473	1	5.8942	3.2474	0	-7.3438	3	-1	1	0	0	0	0
0	402.48	-0.22119	-7.3675	-0.22119	-7.3675	0	1	105	-3.1058	4.2473	1	5.8942	3.2474	0	-7.3438	3	-1	1	0	0	0	0
0	419.24	-0.22119	-7.3675	-0.22119	-7.3675	0	1	105	-3.1058	4.2473	1	5.8942	3.2474	0	-7.3438	3	-1	1	0	0	0	0
0	435.75	-0.22119	-7.3675	-0.22119	-7.3675	0	1	105	-3.1058	4.2473	1	5.8942	3.2474	0	-7.3438	3	-1	1	0	0	0	0
0	452.32	-0.22119	-7.3675	-0.22119	-7.3675	0	1	105	-3.1058	4.2473	1	5.8942	3.2474	0	-7.3438	3	-1	1	0	0	0	0
0	468.89	-0.22119	-7.3675	-0.22119	-7.3675	0	1	105	-3.1058	4.2473	1	5.8942	3.2474	0	-7.3438	3	-1	1	0	0	0	0
0	485.54	-0.22119	-7.3675	-0.22119	-7.3675	0	1	105	-3.1058	4.2473	1	5.8942	3.2474	0	-7.3438	3	-1	1	0	0	0	0
0	502.06	-0.22119	-7.3675	-0.22119	-7.3675	0	1	105	-3.1058	4.2473	1	5.8942	3.2474	0	-7.3438	3	-1	1	0	0	0	0
0	518.74	-0.22119	-7.3675	-0.22119	-7.3675	0	1	105	-3.1058	4.2473	1	5.8942	3.2474	0	-7.3438	3	-1	1	0	0	0	0
0	535.42	-0.22119	-7.3675	-0.22119	-7.3675	0	1	105	-3.1058	4.2473	1	5.8942	3.2474	0	-7.3438	3	-1	1	0	0	0	0
0	552.05	-0.22119	-7.3675	-0.22119	-7.3675	0	1	105	-3.1058	4.2473	1	5.8942	3.2474	0	-7.3438	3	-1	1	0	0	0	0
0	568.6	-0.22119	-7.3675	-0.22119	-7.3675	0	1	105	-3.1058	4.2473	1	5.8942	3.2474	0	-7.3438	3	-1	1	0	0	0	0
0	585.22	-0.22119	-7.3675	-0.22119	-7.3675	0	1	105	-3.1058	4.2473	1	5.8942	3.2474	0	-7.3438	3	-1	1	0	0	0	0
0	601.8	-0.22119	-7.3675	-0.22119	-7.3675	0	1	105	-3.1058	4.2473	1	5.8942	3.2474	0	-7.3438	3	-1	1	0	0	0	0
0	618.42	-0.22119	-7.3675	-0.22119	-7.3675	0	1	105	-3.1058	4.2473	1	5.8942	3.2474	0	-7.3438	3	-1	1	0	0	0	0
0	635.05	-0.22119	-7.3675	-0.22119	-7.3675	0	1	105	-3.1058	4.2473	1	5.8942	3.2474	0	-7.3438	3	-1	1	0	0	0	0
0	651.69	-0.22119	-7.3675	-0.22119	-7.3675	0	1	105	-3.1058	4.2473	1	5.8942	3.2474	0	-7.3438	3	-1	1	0	0	0	0
0	668.17	-0.22119	-7.3675	-0.22119	-7.3675	0	1	105	-3.1058	4.2473	1	5.8942	3.2474	0	-7.3438	3	-1	1	0	0	0	0
0	684.79	-0.22119	-7.3675	-0.22119	-7.3675	0	1	105	-3.1058	4.2473	1	5.8942	3.2474	0	-7.3438	3	-1	1	0	0	0	0
0	701.4	-0.22119	-7.3675	-0.22119	-7.3675	0	1	105	-3.1058	4.2473	1	5.8942	3.2474	0	-7.3438	3	-1	1	0	0	0	0
0	717.97	-0.22119	-7.3675	-0.22119	-7.3675	0	1	105	-3.1058	4.2473	1	5.8942	3.2474	0	-7.3438	3	-1	1	0	0	0	0
0	734.54	-0.22119	-7.3675	-0.22119	-7.3675	0	1	105	-3.1058	4.2473	1	5.8942	3.2474	0	-7.3438	3	-1	1	0	0	0	0
0	751.08	-0.22119	-7.3675	-0.22119	-7.3675	0	1	105	-3.1058	4.2473	1	5.8942	3.2474	0	-7.3438	3	-1	1	0	0	0	0
0	767.87	-0.22119	-7.3675	-0.22119	-7.3675	0	1	105	-3.1058	4.2473	1	5.8942	3.2474	0	-7.3438	3	-1	1	0	0	0	0
0	784.35	-0.22119	-7.3675	-0.22119	-7.3675	0	1	105	-3.1058	4.2473	1	5.8942	3.2474	0	-7.3438	3	-1	1	0	0	0	0
0	800.91	-0.22119	-7.3675	-0.22119	-7.3675	0	1	105	-3.1058	4.2473	1	5.8942	3.2474	0	-7.3438	3	-1	1	0	0	0	0
0	817.52	-0.22119	-7.3675	-0.22119	-7.3675	0	1	105	-3.1058	4.2473	1	5.8942	3.2474	0	-7.3438	3	-1	1	0	0	0	0
0	834.08	-0.22119	-7.3675	-0.22119	-7.3675	0	1	105	-3.1058	4.2473	1	5.8942	3.2474	0	-7.3438	3	-1	1	0	0	0	0
0	850.72	-0.20108	-7.3675	-0.20108	-7.3675	0	1	105	-3.1058	4.2473	1	5.8942	3.2474	0	-7.3438	3	-1	1	0	0	0	0
0	867.39	-0.20108	-7.3675	-0.20108	-7.3675	0	1	105	-3.1058	4.2473	1	5.8942	3.2474	0	-7.3438	3	-1	1	0	0	0	0
0	883.94	-0.18097	-7.3675	-0.18097	-7.3675	0	1	105	-3.1058	4.2473	1	5.8942	3.2474	0	-7.3438	3	-1	1	0	0	0	0
0	900.48	-0.18097	-7.3675	-0.18097	-7.3675	0	1	105	-3.1058	4.2473	1	5.8942	3.2474	0	-7.3438	3	-1	1	0	0	0	0
0	917.07	-0.18097	-7.3675	-0.18097	-7.3675	0	1	105	-3.1058	4.2473	1	5.8942	3.2474	0	-7.3438	3	-1	1	1	0	0	0
0	933.68	-0.18097	-7.3675	-0.18097	-7.3675	0	1	105	-3.1058	4.2473	1	5.8942	3.2474	0	-7.3438	3	-1	1	1	0	0	0
0	950.28	-0.20108	-7.2388	-0.20108	-7.2388	0	1	105	-3.1058	4.2473	1	5.8942	3.2474	0	-7.3438	3	-1	1	1	0	0	0
0	966.96	-0.22119	-7.1423	-0.22119	-7.1423	0	1	105	-3.1058	4.2473	1	5.8942	3.2474	0	-7.3438	3	-1	1	1	0	0	0
0	983.49	-0.28151	-6.9171	-0.28151	-6.9171	0	1	105	-3.1058	4.2473	1	5.8942	3.2474	0	-7.3438	3	-1	1	1	0	0	0
0	1000.1	-0.36194	-6.6276	-0.36194	-6.6276	0	1	105	-3.1058	4.2473	1	5.8942	3.2474	0	-7.3438	3	-1	1	1	0	0	0
0	1016.7	-0.40216	-6.4667	-0.40216	-6.4667	0	1	105	-3.1058	4.2473	1	5.8942	3.2474	0	-7.3438	3	-1	1	1	0	0	0
0	1033.3	-0.48259	-6.0806	-0.48259	-6.0806	0	1	105	-3.1058	4.2473	1	5.8942	3.2474	0	-7.3438	3	-1	1	1	0	0	0
0	1049.9	-0.56302	-5.6946	-0.56302	-5.6946	0	1	105	-3.1058	4.2473	1	5.8942	3.2474	0	-7.3438	3	-1	1	1	0	0	0
0	1066.5	-0.62334	-5.5015	-0.62334	-5.5015	0	1	105	-3.1058	4.2473	1	5.8942	3.2474	0	-7.3438	3	-1	1	1	0	0	0
0	1083.1	-0.72388	-5.1476	-0.72388	-5.1476	0	1	105	-3.1058	4.2473	1	5.8942	3.2474	0	-7.3438	3	-1	1	1	0	0	0
0	1099.7	-0.84453	-4.7937	-0.84453	-4.7937	0	2	105	-3.1058	4.2473	1	5.8942	3.2474	0	-7.3438	3	-1	1	1	0	0	0
0	1116.3	-0.92496	-4.6329	-0.92496	-4.6329	0	2	105	-3.1058	4.2473	1	5.8942	3.2474	0	-7.3438	3	-1	1	1	0	0	0
0	1132.9	-1.0858	-4.279	-1.0858	-4.279	0	2	105	-3.1058	4.2473	1	5.8942	3.2474	0	-7.3438	3	-1	1	1	0	0	0
0	1149.5	-1.2467	-3.9572	-1.2467	-3.9572	0	2	105	-3.1058	4.2473	1	5.8942	3.2474	0	-7.3438	3	-1	1	1	0	1	0
0	1166	-1.3472	-3.7964	-1.3472	-3.7964	0	2	105	-3.1058	4.2473	1	5.8942	3.2474	0	-7.3438	3	-1	1	1	0	0	0
0	1182.6	-1.5081	-3.4746	-1.5081	-3.4746	0	2	105	-3.1058	4.2473	1	5.8942	3.2474	0	-7.3438	3	-1	1	1	0	0	0
0	1199.2	-1.6891	-3.1851	-1.6891	-3.1851	0	2	105	-3.1058	4.2473	1	5.8942	3.2474	0	-7.3438	3	-1	1	1	0	0	0
0	1215.8	-1.7896	-3.0242	-1.7896	-3.0242	0	2	105	-3.1058	4.2473	1	5.8942	3.2474	0	-7.3438	3	-1	1	1	0	0	0
0	1232.5	-1.9706	-2.7025	-1.9706	-2.7025	0	2	105	-3.1058	4.2473	1	5.8942	3.2474	0	-7.3438	3	-1	1	1	0	0	0
0	1249.1	-2.1717	-2.3808	-2.1717	-2.3808	0	2	105	-3.1058	4.2473	1	5.8942	3.2474	0	-7.3438	3	-1	1	1	0	0	0
0	1265.7	-2.2722	-2.2521	-2.2722	-2.2521	0	2	105	-3.1058	4.2473	1	5.8942	3.2474	0	-7.3438	3	-1	1	1	0	0	0
0	1282.2	-2.4733	-1.9304	-2.4733	-1.9304	0	2	105	-3.1058	4.2473	1	5.8942	3.2474	0	-7.3438	3	-1	1	1	0	0	0
0	1298.8	-2.6542	-1.6086	-2.6542	-1.6086	0	2	105	-3.1058	4.2473	1	5.8942	3.2474	0	-7.3438	3	-1	1	1	0	0	0
0	1315.4	-2.7548	-1.4478	-2.7548	-1.4478	0	2	105	-3.1058	4.2473	1	5.8942	3.2474	0	-7.3438	3	-1	1	1	0	0	0
0	1332	-2.9156	-1.126	-2.9156	-1.126	0	2	105	-3.1058	4.2473	1	5.8942	3.2474	0	-7.3438	3	-1	1	1	0	0	0
0	1348.6	-2.9961	-0.96518	-2.9961	-0.96518	0	2	105	-3.1058	4.2473	1	5.8942	3.2474	0	-7.3438	3	-1	1	1	0	0	0
0	1365.2	-3.1569	-0.67563	-3.1569	-0.67562	0	2	105	-3.1058	4.2473	1	5.8942	3.2474	0	-7.3438	3	-1	1	1	0	0	0
0	1381.9	-3.2977	-0.41824	-3.2977	-0.41824	0	2	105	-3.1058	4.2473	1	5.8942	3.2474	0	-7.3438	3	-1	1	1	0	0	0
0	1398.3	-3.4384	-0.096518	-3.4384	-0.096518	0	2	105	-3.1058	4.2473	1	5.8942	3.2474	0	-7.3438	3	-1	1	1	0	0	0
0	1415	-3.4988	0.064345	-3.4988	0.064345	0	2	105	-3.1058	4.2473	1	5.8942	3.2474	0	-7.3438	3	-1	1	1	0	0	0
0	1431.6	-3.6395	0.3539	-3.6395	0.3539	0	2	105	-3.1058	4.2473	1	5.8942	3.2474	0	-7.3438	3	-1	1	1	0	0	0
0	1448.2	-3.6999	0.51476	-3.6999	0.51476	0	2	105	-3.1058	4.2473	1	5.8942	3.2474	0	-7.3438	3	-1	1	1	0	0	0
0	1464.7	-3.8205	0.73997	-3.8205	0.73997	0	2	105	-3.1058	4.2473	1	5.8942	3.2474	0	-7.3438	3	-1	1	1	0	0	0
0	1481.3	-3.921	0.93301	-3.921	0.93301	0	2	105	-3.1058	4.2473	1	5.8942	3.2474	0	-7.3438	3	-1	1	1	0	0	0
0	1498.1	-4.0216	1.126	-4.0216	1.126	0	2	105	-3.1058	4.2473	1	5.8942	3.2474	0	-7.3438	3	-1	1	1	0	0	0
0	1514.6	-4.0618	1.2226	-4.0618	1.2226	0	2	105	-3.1058	4.2473	1	5.8942	3.2474	0	-7.3438	3	-1	1	1	0	0	0
0	1531.1	-4.1623	1.3834	-4.1623	1.3834	0	2	105	-3.1058	4.2473	1	5.8942	3.2474	0	-7.3438	3	-1	1	1	0	0	0
0	1547.7	-4.2025	1.4478	-4.2025	1.4478	0	2	105	-3.1058	4.2473	1	5.8942	3.2474	0	-7.3438	3	-1	1	1	0	0	0
0	1564.3	-4.283	1.5765	-4.283	1.5765	0	2	105	-3.1058	4.2473	1	5.8942	3.2474	0	-7.3438	3	-1	1	1	0	0	0
0	1581	-4.3232	1.6408	-4.3232	1.6408	0	2	105	-3.1058	4.2473	1	5.8942	3.2474	0	-7.3438	3	-1	1	1	0	0	0
0	1597.5	-4.3634	1.7051	-4.3634	1.7051	0	2	105	-3.1058	4.2473	1	5.8942	3.2474	0	-7.3438	3	-1	1	0	0	0	0
0	1614.1	-4.3835	1.7373	-4.3835	1.7373	0	2	105	-3.1058	4.2473	1	5.8942	3.2474	0	-7.3438	3	-1	1	0	0	0	0
0	1630.7	-4.4036	1.8017	-4.4036	1.8017	0	3	105	-3.1058	4.2473	1	5.8942	3.2474	0	-7.3438	3	-1	1	0	0	0	0
1	29.82	-0.22119	-7.7214	-0.22119	-7.7214	0	1	75	3.1058	4.2473	1	12.106	3.2474	0	-7.3438	3	-1	1	0	0	0	0
1	46.399	-0.16086	-7.7536	-0.16086	-7.7536	0	1	75	3.1058	4.2473	1	12.106	3.2474	0	-7.3438	3	-1	1	0	0	0	0
1	63.048	-0.14076	-7.7536	-0.14076	-7.7536	0	1	75	3.1058	4.2473	1	12.106	3.2474	0	-7.3438	3	-1	1	0	0	0	0
1	79.638	-0.14076	-7.7536	-0.14076	-7.7536	0	1	75	3.1058	4.2473	1	12.106	3.2474	0	-7.3438	3	-1	1	0	0	0	0
1	96.21	-0.14076	-7.7858	-0.14076	-7.7858	0	1	75	3.1058	4.2473	1	12.106	3.2474	0	-7.3438	3	-1	1	0	0	0	0
1	112.82	-0.14076	-7.7858	-0.14076	-7.7858	0	1	75	3.1058	4.2473	1	12.106	3.2474	0	-7.3438	3	-1	1	0	0	0	0
1	129.36	-0.14076	-7.7858	-0.14076	-7.7858	0	1	75	3.1058	4.2473	1	12.106	3.2474	0	-7.3438	3	-1	1	0	0	0	0
1	146	-0.14076	-7.7858	-0.14076	-7.7858	0	1	75	3.1058	4.2473	1	12.106	3.2474	0	-7.3438	3	-1	1	0	0	0	0
1	162.56	-0.14076	-7.7858	-0.14076	-7.7858	0	1	75	3.1058	4.2473	1	12.106	3.2474	0	-7.3438	3	-1	1	0	0	0	0
1	179.18	-0.14076	-7.7858	-0.14076	-7.7858	0	1	75	3.1058	4.2473	1	12.106	3.2474	0	-7.3438	3	-1	1	0	0	0	0
1	195.77	-0.14076	-7.7536	-0.14076	-7.7536	0	1	75	3.1058	4.2473	1	12.106	3.2474	0	-7.3438	3	-1	1	0	0	0	0
1	212.37	-0.14076	-7.7536	-0.14076	-7.7536	0	1	75	3.1058	4.2473	1	12.106	3.2474	0	-7.3438	3	-1	1	0	0	0	0
1	228.89	-0.16086	-7.7536	-0.16086	-7.7536	0	1	75	3.1058	4.2473	1	12.106	3.2474	0	-7.3438	3	-1	1	0	0	0	0
1	245.51	-0.16086	-7.7214	-0.16086	-7.7214	0	1	75	3.1058	4.2473	1	12.106	3.2474	0	-7.3438	3	-1	1	0	0	0	0
1	262.1	-0.16086	-7.7214	-0.16086	-7.7214	0	1	75	3.1058	4.2473	1	12.106	3.2474	0	-7.3438	3	-1	1	0	0	0	0
1	278.74	-0.16086	-7.6893	-0.16086	-7.6893	0	1	75	3.1058	4.2473	1	12.106	3.2474	0	-7.3438	3	-1	1	0	0	0	0
1	295.4	-0.16086	-7.6571	-0.16086	-7.6571	0	1	75	3.1058	4.2473	1	12.106	3.2474	0	-7.3438	3	-1	1	0	0	0	0
1	311.95	-0.16086	-7.6571	-0.16086	-7.6571	0	1	75	3.1058	4.2473	1	12.106	3.2474	0	-7.3438	3	-1	1	1	0	0	0
1	328.5	-0.14076	-7.5927	-0.14076	-7.5927	0	1	75	3.1058	4.2473	1	12.106	3.2474	0	-7.3438	3	-1	1	1	0	0	0
1	345.11	-0.12065	-7.464	-0.12065	-7.464	0	1	75	3.1058	4.2473	1	12.106	3.2474	0	-7.3438	3	-1	1	1	0	0	0
1	361.66	-0.10054	-7.3354	-0.10054	-7.3354	0	1	75	3.1058	4.2473	1	12.106	3.2474	0	-7.3438	3	-1	1	1	0	0	0
1	378.22	-0.060324	-6.9493	-0.060324	-6.9493	0	1	75	3.1058	4.2473	1	12.106	3.2474	0	-7.3438	3	-1	1	1	0	0	0
1	394.88	0	-6.3702	0	-6.3702	0	1	75	3.1058	4.2473	1	12.106	3.2474	0	-7.3438	3	-1	1	1	0	0	0
1	411.53	0.040216	-6.0485	0.040216	-6.0485	0	1	75	3.1058	4.2473	1	12.106	3.2474	0	-7.3438	3	-1	1	1	0	0	0
1	428.08	0.14076	-5.405	0.14076	-5.405	0	1	75	3.1058	4.2473	1	12.106	3.2474	0	-7.3438	3	-1	1	1	0	0	0
1	444.67	0.28151	-4.8581	0.28151	-4.8581	0	1	75	3.1058	4.2473	1	12.106	3.2474	0	-7.3438	3	-1	1	1	0	0	0
1	461.25	0.38205	-4.5685	0.38205	-4.5685	0	2	75	3.1058	4.2473	1	12.106	3.2474	0	-7.3438	3	-1	1	1	0	0	0
1	477.86	0.58313	-3.9572	0.58313	-3.9572	0	2	75	3.1058	4.2473	1	12.106	3.2474	0	-7.3438	3	-1	1	1	0	1	0
1	494.47	0.86464	-3.2816	0.86464	-3.2816	0	2	75	3.1058	4.2473	1	12.106	3.2474	0	-7.3438	3	-1	1	1	0	0	0
1	511	1.0054	-2.9599	1.0054	-2.9599	0	2	75	3.1058	4.2473	1	12.106	3.2474	0	-7.3438	3	-1	1	1	0	0	0
1	527.68	1.2668	-2.4129	1.2668	-2.4129	0	2	75	3.1058	4.2473	1	12.106	3.2474	0	-7.3438	3	-1	1	1	0	0	0
1	544.22	1.5081	-1.866	1.5081	-1.866	0	2	75	3.1058	4.2473	1	12.106	3.2474	0	-7.3438	3	-1	1	1	0	0	0
1	560.99	1.6287	-1.6086	1.6287	-1.6086	0	2	75	3.1058	4.2473	1	12.106	3.2474	0	-7.3438	3	-1	1	1	0	0	0
1	577.38	1.8901	-1.0617	1.8901	-1.0617	0	2	75	3.1058	4.2473	1	12.106	3.2474	0	-7.3438	3	-1	1	1	0	0	0
1	594	2.1515	-0.51476	2.1515	-0.51476	0	2	75	3.1058	4.2473	1	12.106	3.2474	0	-7.3438	3	-1	1	1	0	0	0
1	610.59	2.2722	-0.28955	2.2722	-0.28955	0	2	75	3.1058	4.2473	1	12.106	3.2474	0	-7.3438	3	-1	1	1	0	0	0
1	627.19	2.5135	0.12869	2.5135	0.12869	0	2	75	3.1058	4.2473	1	12.106	3.2474	0	-7.3438	3	-1	1	1	0	0	0
1	643.78	2.614	0.32173	2.614	0.32173	0	2	75	3.1058	4.2473	1	12.106	3.2474	0	-7.3438	3	-1	1	1	0	0	0
1	660.4	2.8151	0.7078	2.8151	0.7078	0	2	75	3.1058	4.2473	1	12.106	3.2474	0	-7.3438	3	-1	1	1	0	0	0
1	676.97	2.9961	1.0295	2.9961	1.0295	0	2	75	3.1058	4.2473	1	12.106	3.2474	0	-7.3438	3	-1	1	1	0	0	0
1	693.57	3.1167	1.2869	3.1167	1.2869	0	2	75	3.1058	4.2473	1	12.106	3.2474	0	-7.3438	3	-1	1	1	0	0	0
1	710.2	3.1368	1.3834	3.1368	1.3834	0	2	75	3.1058	4.2473	1	12.106	3.2474	0	-7.3438	3	-1	1	1	0	0	0
1	726.8	3.177	1.4799	3.177	1.4799	0	2	75	3.1058	4.2473	1	12.106	3.2474	0	-7.3438	3	-1	1	0	0	0	0
1	743.38	3.1972	1.4799	3.1972	1.4799	0	2	75	3.1058	4.2473	1	12.106	3.2474	0	-7.3438	3	-1	1	0	0	0	0
1	759.99	3.2173	1.5443	3.2173	1.5443	0	2	75	3.1058	4.2473	1	12.106	3.2474	0	-7.3438	3	-1	1	0	0	0	0
1	776.53	3.2173	1.5443	3.2173	1.5443	0	2	75	3.1058	4.2473	1	12.106	3.2474	0	-7.3438	3	-1	1	0	0	0	0
1	793.15	3.2173	1.5443	3.2173	1.5443	0	2	75	3.1058	4.2473	1	12.106	3.2474	0	-7.3438	3	-1	1	0	0	0	0
1	809.7	3.2173	1.5443	3.2173	1.5443	0	2	75	3.1058	4.2473	1	12.106	3.2474	0	-7.3438	3	-1	1	0	0	0	0
1	826.38	3.2173	1.5443	3.2173	1.5443	0	2	75	3.1058	4.2473	1	12.106	3.2474	0	-7.3438	3	-1	1	0	0	0	0
1	842.98	3.2173	1.5443	3.2173	1.5443	0	3	75	3.1058	4.2473	1	12.106	3.2474	0	-7.3438	3	-1	1	0	0	0	0
2	30.515	-0.54291	-7.4962	-0.54291	-7.4962	0	1	90	0	4.6562	1	9	3.6562	0	-7.3438	3	-1	1	0	0	0	0
2	47.183	-0.40216	-7.6249	-0.40216	-7.6249	0	1	90	0	4.6562	1	9	3.6562	0	-7.3438	3	-1	1	0	0	0	0
2	63.784	-0.36194	-7.6571	-0.36194	-7.6571	0	1	90	0	4.6562	1	9	3.6562	0	-7.3438	3	-1	1	1	0	0	0
2	80.372	-0.32173	-7.6571	-0.32173	-7.6571	0	1	90	0	4.6562	1	9	3.6562	0	-7.3438	3	-1	1	1	0	0	0
2	96.975	-0.2614	-7.6893	-0.2614	-7.6893	0	1	90	0	4.6562	1	9	3.6562	0	-7.3438	3	-1	1	1	0	0	0
2	113.55	-0.24129	-7.6893	-0.24129	-7.6893	0	1	90	0	4.6562	1	9	3.6562	0	-7.3438	3	-1	1	1	0	0	0
2	130.16	-0.24129	-7.6893	-0.24129	-7.6893	0	1	90	0	4.6562	1	9	3.6562	0	-7.3438	3	-1	1	1	0	0	0
2	146.74	-0.24129	-7.6893	-0.24129	-7.6893	0	1	90	0	4.6562	1	9	3.6562	0	-7.3438	3	-1	1	1	0	0	0
2	163.38	-0.24129	-7.6893	-0.24129	-7.6893	0	1	90	0	4.6562	1	9	3.6562	0	-7.3438	3	-1	1	1	0	0	0
2	179.97	-0.24129	-7.6893	-0.24129	-7.6893	0	1	90	0	4.6562	1	9	3.6562	0	-7.3438	3	-1	1	1	0	0	0
2	196.55	-0.24129	-7.6893	-0.24129	-7.6893	0	1	90	0	4.6562	1	9	3.6562	0	-7.3438	3	-1	1	1	0	0	0
2	213.15	-0.24129	-7.6893	-0.24129	-7.6893	0	1	90	0	4.6562	1	9	3.6562	0	-7.3438	3	-1	1	1	0	0	0
2	229.71	-0.24129	-7.6893	-0.24129	-7.6893	0	1	90	0	4.6562	1	9	3.6562	0	-7.3438	3	-1	1	1	0	0	0
2	246.31	-0.24129	-7.6893	-0.24129	-7.6893	0	1	90	0	4.6562	1	9	3.6562	0	-7.3438	3	-1	1	1	0	0	0
2	262.86	-0.24129	-7.6571	-0.24129	-7.6571	0	1	90	0	4.6562	1	9	3.6562	0	-7.3438	3	-1	1	1	0	0	0
2	279.52	-0.24129	-7.6571	-0.24129	-7.6571	0	1	90	0	4.6562	1	9	3.6562	0	-7.3438	3	-1	1	1	0	0	0
2	296.11	-0.24129	-7.6571	-0.24129	-7.6571	0	1	90	0	4.6562	1	9	3.6562	0	-7.3438	3	-1	1	1	0	0	0
2	312.7	-0.24129	-7.6249	-0.24129	-7.6249	0	1	90	0	4.6562	1	9	3.6562	0	-7.3438	3	-1	1	1	0	0	0
2	329.27	-0.2614	-7.5927	-0.2614	-7.5927	0	1	90	0	4.6562	1	9	3.6562	0	-7.3438	3	-1	1	1	0	0	0
2	345.85	-0.28151	-7.5284	-0.28151	-7.5284	0	1	90	0	4.6562	1	9	3.6562	0	-7.3438	3	-1	1	1	0	0	0
2	362.44	-0.40216	-7.2388	-0.40216	-7.2388	0	1	90	0	4.6562	1	9	3.6562	0	-7.3438	3	-1	1	1	0	0	0
2	379.11	-0.5027	-6.8528	-0.5027	-6.8528	0	1	90	0	4.6562	1	9	3.6562	0	-7.3438	3	-1	1	1	0	0	0
2	395.69	-0.56302	-6.6597	-0.56302	-6.6597	0	1	90	0	4.6562	1	9	3.6562	0	-7.3438	3	-1	1	1	0	0	0
2	412.4	-0.66356	-6.2093	-0.66356	-6.2093	0	1	90	0	4.6562	1	9	3.6562	0	-7.3438	3	-1	1	1	0	0	0
2	428.85	-0.74399	-5.7267	-0.74399	-5.7267	0	1	90	0	4.6562	1	9	3.6562	0	-7.3438	3	-1	1	1	0	0	0
2	445.44	-0.78421	-5.4693	-0.78421	-5.4693	0	1	90	0	4.6562	1	9	3.6562	0	-7.3438	3	-1	1	1	0	0	0
2	462.04	-0.86464	-4.9546	-0.86464	-4.9546	0	2	90	0	4.6562	1	9	3.6562	0	-7.3438	3	-1	1	1	0	0	0
2	478.64	-0.90485	-4.4398	-0.90485	-4.4398	0	2	90	0	4.6562	1	9	3.6562	0	-7.3438	3	-1	1	1	0	0	0
2	495.25	-0.90485	-4.1824	-0.90485	-4.1824	0	2	90	0	4.6562	1	9	3.6562	0	-7.3438	3	-1	1	1	0	0	0
2	511.85	-0.92496	-3.6355	-0.92496	-3.6355	0	2	90	0	4.6562	1	9	3.6562	0	-7.3438	3	-1	1	1	0	1	0
2	528.39	-0.88475	-3.1207	-0.88475	-3.1207	0	2	90	0	4.6562	1	9	3.6562	0	-7.3438	3	-1	1	1	0	0	0
2	544.97	-0.86464	-2.8634	-0.86464	-2.8634	0	2	90	0	4.6562	1	9	3.6562	0	-7.3438	3	-1	1	1	0	0	0
2	561.56	-0.78421	-2.2521	-0.78421	-2.2521	0	2	90	0	4.6562	1	9	3.6562	0	-7.3438	3	-1	1	1	0	0	0
2	578.23	-0.68367	-1.7051	-0.68367	-1.7051	0	2	90	0	4.6562	1	9	3.6562	0	-7.3438	3	-1	1	1	0	0	0
2	594.81	-0.64345	-1.4799	-0.64345	-1.4799	0	2	90	0	4.6562	1	9	3.6562	0	-7.3438	3	-1	1	1	0	0	0
2	611.37	-0.58313	-1.0617	-0.58313	-1.0617	0	2	90	0	4.6562	1	9	3.6562	0	-7.3438	3	-1	1	1	0	0	0
2	627.98	-0.54291	-0.86866	-0.54291	-0.86866	0	2	90	0	4.6562	1	9	3.6562	0	-7.3438	3	-1	1	1	0	0	0
2	644.6	-0.48259	-0.38607	-0.48259	-0.38607	0	2	90	0	4.6562	1	9	3.6562	0	-7.3438	3	-1	1	1	0	0	0
2	661.16	-0.42227	0.096518	-0.42227	0.096518	0	2	90	0	4.6562	1	9	3.6562	0	-7.3438	3	-1	1	1	0	0	0
2	677.72	-0.38205	0.48259	-0.38205	0.48259	0	2	90	0	4.6562	1	9	3.6562	0	-7.3438	3	-1	1	1	0	0	0
2	694.3	-0.36194	0.64345	-0.36194	0.64345	0	2	90	0	4.6562	1	9	3.6562	0	-7.3438	3	-1	1	1	0	0	0
2	710.93	-0.36194	0.80432	-0.36194	0.80432	0	2	90	0	4.6562	1	9	3.6562	0	-7.3438	3	-1	1	1	0	0	0
2	727.54	-0.36194	0.90083	-0.36194	0.90083	0	2	90	0	4.6562	1	9	3.6562	0	-7.3438	3	-1	1	1	0	0	0
2	744.13	-0.36194	1.0295	-0.36194	1.0295	0	2	90	0	4.6562	1	9	3.6562	0	-7.3438	3	-1	1	1	0	0	0
2	760.71	-0.36194	1.126	-0.36194	1.126	0	2	90	0	4.6562	1	9	3.6562	0	-7.3438	3	-1	1	0	0	0	0
2	777.31	-0.36194	1.1904	-0.36194	1.1904	0	2	90	0	4.6562	1	9	3.6562	0	-7.3438	3	-1	1	0	0	0	0
2	793.91	-0.36194	1.1904	-0.36194	1.1904	0	2	90	0	4.6562	1	9	3.6562	0	-7.3438	3	-1	1	0	0	0	0
2	810.51	-0.36194	1.1904	-0.36194	1.1904	0	2	90	0	4.6562	1	9	3.6562	0	-7.3438	3	-1	1	0	0	0	0
2	827.11	-0.36194	1.1904	-0.36194	1.1904	0	2	90	0	4.6562	1	9	3.6562	0	-7.3438	3	-1	1	0	0	0	0
2	843.72	-0.36194	1.1904	-0.36194	1.1904	0	2	90	0	4.6562	1	9	3.6562	0	-7.3438	3	-1	1	0	0	0	0
2	860.29	-0.36194	1.1904	-0.36194	1.1904	0	3	90	0	4.6562	1	9	3.6562	0	-7.3438	3	-1	1	0	0	0	0
3	31.037	0.2614	-7.6249	0.2614	-7.6249	0	1	75	3.1058	4.2473	1	12.106	3.2474	0	-7.3438	3	-1	1	0	0	0	0
3	47.656	0.24129	-7.6249	0.24129	-7.6249	0	1	75	3.1058	4.2473	1	12.106	3.2474	0	-7.3438	3	-1	1	0	0	0	0
3	64.259	0.24129	-7.6249	0.24129	-7.6249	0	1	75	3.1058	4.2473	1	12.106	3.2474	0	-7.3438	3	-1	1	0	0	0	0
3	80.868	0.24129	-7.6249	0.24129	-7.6249	0	1	75	3.1058	4.2473	1	12.106	3.2474	0	-7.3438	3	-1	1	0	0	0	0
3	97.468	0.24129	-7.6249	0.24129	-7.6249	0	1	75	3.1058	4.2473	1	12.106	3.2474	0	-7.3438	3	-1	1	0	0	0	0
3	114.05	0.24129	-7.6249	0.24129	-7.6249	0	1	75	3.1058	4.2473	1	12.106	3.2474	0	-7.3438	3	-1	1	0	0	0	0
3	130.59	0.24129	-7.6249	0.24129	-7.6249	0	1	75	3.1058	4.2473	1	12.106	3.2474	0	-7.3438	3	-1	1	0	0	0	0
3	147.2	0.24129	-7.6249	0.24129	-7.6249	0	1	75	3.1058	4.2473	1	12.106	3.2474	0	-7.3438	3	-1	1	0	0	0	0
3	163.81	0.24129	-7.6249	0.24129	-7.6249	0	1	75	3.1058	4.2473	1	12.106	3.2474	0	-7.3438	3	-1	1	0	0	0	0
3	180.42	0.24129	-7.6249	0.24129	-7.6249	0	1	75	3.1058	4.2473	1	12.106	3.2474	0	-7.3438	3	-1	1	0	0	0	0
3	197.05	0.24129	-7.6249	0.24129	-7.6249	0	1	75	3.1058	4.2473	1	12.106	3.2474	0	-7.3438	3	-1	1	0	0	0	0
3	213.61	0.24129	-7.6249	0.24129	-7.6249	0	1	75	3.1058	4.2473	1	12.106	3.2474	0	-7.3438	3	-1	1	0	0	0	0
3	230.2	0.24129	-7.5927	0.24129	-7.5927	0	1	75	3.1058	4.2473	1	12.106	3.2474	0	-7.3438	3	-1	1	0	0	0	0
3	246.77	0.22119	-7.5927	0.22119	-7.5927	0	1	75	3.1058	4.2473	1	12.106	3.2474	0	-7.3438	3	-1	1	0	0	0	0
3	263.38	0.22119	-7.5927	0.22119	-7.5927	0	1	75	3.1058	4.2473	1	12.106	3.2474	0	-7.3438	3	-1	1	0	0	0	0
3	279.98	0.22119	-7.5927	0.22119	-7.5927	0	1	75	3.1058	4.2473	1	12.106	3.2474	0	-7.3438	3	-1	1	0	0	0	0
3	296.61	0.22119	-7.5606	0.22119	-7.5606	0	1	75	3.1058	4.2473	1	12.106	3.2474	0	-7.3438	3	-1	1	0	0	0	0
3	313.2	0.22119	-7.5606	0.22119	-7.5606	0	1	75	3.1058	4.2473	1	12.106	3.2474	0	-7.3438	3	-1	1	1	0	0	0
3	329.75	0.20108	-7.5284	0.20108	-7.5284	0	1	75	3.1058	4.2473	1	12.106	3.2474	0	-7.3438	3	-1	1	1	0	0	0
3	346.37	0.16086	-7.3997	0.16086	-7.3997	0	1	75	3.1058	4.2473	1	12.106	3.2474	0	-7.3438	3	-1	1	1	0	0	0
3	362.93	0.12065	-7.271	0.12065	-7.271	0	1	75	3.1058	4.2473	1	12.106	3.2474	0	-7.3438	3	-1	1	1	0	0	0
3	379.56	0.040216	-6.8849	0.040216	-6.8849	0	1	75	3.1058	4.2473	1	12.106	3.2474	0	-7.3438	3	-1	1	1	0	0	0
3	396.13	-0.020108	-6.4345	-0.020108	-6.4345	0	1	75	3.1058	4.2473	1	12.106	3.2474	0	-7.3438	3	-1	1	1	0	0	0
3	412.76	-0.040216	-6.2093	-0.040216	-6.2093	0	1	75	3.1058	4.2473	1	12.106	3.2474	0	-7.3438	3	-1	1	1	0	0	0
3	429.34	-0.080432	-5.7589	-0.080432	-5.7589	0	1	75	3.1058	4.2473	1	12.106	3.2474	0	-7.3438	3	-1	1	1	0	0	0
3	445.92	-0.060324	-5.3728	-0.060324	-5.3728	0	1	75	3.1058	4.2473	1	12.106	3.2474	0	-7.3438	3	-1	1	1	0	0	0
3	462.5	-0.060324	-5.212	-0.060324	-5.212	0	1	75	3.1058	4.2473	1	12.106	3.2474	0	-7.3438	3	-1	1	1	0	0	0
3	479.1	0	-4.8259	0	-4.8259	0	2	75	3.1058	4.2473	1	12.106	3.2474	0	-7.3438	3	-1	1	1	0	0	0
3	495.68	0.080432	-4.3755	0.080432	-4.3755	0	2	75	3.1058	4.2473	1	12.106	3.2474	0	-7.3438	3	-1	1	1	0	0	0
3	512.33	0.14076	-4.1181	0.14076	-4.1181	0	2	75	3.1058	4.2473	1	12.106	3.2474	0	-7.3438	3	-1	1	1	0	0	0
3	528.9	0.28151	-3.6677	0.28151	-3.6677	0	2	75	3.1058	4.2473	1	12.106	3.2474	0	-7.3438	3	-1	1	1	0	0	0
3	545.65	0.40216	-3.2816	0.40216	-3.2816	0	2	75	3.1058	4.2473	1	12.106	3.2474	0	-7.3438	3	-1	1	1	0	0	0
3	562.1	0.48259	-3.0564	0.48259	-3.0564	0	2	75	3.1058	4.2473	1	12.106	3.2474	0	-7.3438	3	-1	1	1	0	0	0
3	578.68	0.64345	-2.6382	0.64345	-2.6382	0	2	75	3.1058	4.2473	1	12.106	3.2474	0	-7.3438	3	-1	1	1	0	1	0
3	595.23	0.82442	-2.1877	0.82442	-2.1877	0	2	75	3.1058	4.2473	1	12.106	3.2474	0	-7.3438	3	-1	1	1	0	0	0
3	611.84	0.92496	-1.9625	0.92496	-1.9625	0	2	75	3.1058	4.2473	1	12.106	3.2474	0	-7.3438	3	-1	1	1	0	0	0
3	628.49	1.0858	-1.5443	1.0858	-1.5443	0	2	75	3.1058	4.2473	1	12.106	3.2474	0	-7.3438	3	-1	1	1	0	0	0
3	645.05	1.1663	-1.3513	1.1663	-1.3512	0	2	75	3.1058	4.2473	1	12.106	3.2474	0	-7.3438	3	-1	1	1	0	0	0
3	661.63	1.3472	-0.93301	1.3472	-0.93301	0	2	75	3.1058	4.2473	1	12.106	3.2474	0	-7.3438	3	-1	1	1	0	0	0
3	678.21	1.5483	-0.45042	1.5483	-0.45042	0	2	75	3.1058	4.2473	1	12.106	3.2474	0	-7.3438	3	-1	1	1	0	0	0
3	694.8	1.7494	-0.032173	1.7494	-0.032173	0	2	75	3.1058	4.2473	1	12.106	3.2474	0	-7.3438	3	-1	1	1	0	0	0
3	711.4	1.8298	0.16086	1.8298	0.16086	0	2	75	3.1058	4.2473	1	12.106	3.2474	0	-7.3438	3	-1	1	1	0	0	0
3	728.06	1.9907	0.45042	1.9907	0.45042	0	2	75	3.1058	4.2473	1	12.106	3.2474	0	-7.3438	3	-1	1	1	0	0	0
3	744.65	2.0309	0.57911	2.0309	0.57911	0	2	75	3.1058	4.2473	1	12.106	3.2474	0	-7.3438	3	-1	1	1	0	0	0
3	761.23	2.1113	0.73997	2.1113	0.73997	0	2	75	3.1058	4.2473	1	12.106	3.2474	0	-7.3438	3	-1	1	1	0	0	0
3	777.81	2.1717	0.83649	2.1717	0.83649	0	2	75	3.1058	4.2473	1	12.106	3.2474	0	-7.3438	3	-1	1	0	0	0	0
3	794.42	2.1717	0.86866	2.1717	0.86866	0	2	75	3.1058	4.2473	1	12.106	3.2474	0	-7.3438	3	-1	1	0	0	0	0
3	810.98	2.1918	0.90083	2.1918	0.90083	0	2	75	3.1058	4.2473	1	12.106	3.2474	0	-7.3438	3	-1	1	0	0	0	0
3	827.6	2.1918	0.90083	2.1918	0.90083	0	2	75	3.1058	4.2473	1	12.106	3.2474	0	-7.3438	3	-1	1	0	0	0	0
3	844.15	2.1918	0.90083	2.1918	0.90083	0	2	75	3.1058	4.2473	1	12.106	3.2474	0	-7.3438	3	-1	1	0	0	0	0
3	860.8	2.1918	0.90083	2.1918	0.90083	0	2	75	3.1058	4.2473	1	12.106	3.2474	0	-7.3438	3	-1	1	0	0	0	0
3	877.4	2.1918	0.90083	2.1918	0.90083	0	2	75	3.1058	4.2473	1	12.106	3.2474	0	-7.3438	3	-1	1	0	0	0	0
3	893.94	2.1918	0.90083	2.1918	0.90083	0	3	75	3.1058	4.2473	1	12.106	3.2474	0	-7.3438	3	-1	1	0	0	0	0
4	30.796	-0.46248	-7.5927	-0.46248	-7.5927	0	1	90	0	4.6562	1	9	3.6562	0	-7.3438	3	-1	1	0	0	0	0
4	47.353	-0.44237	-7.5927	-0.44237	-7.5927	0	1	90	0	4.6562	1	9	3.6562	0	-7.3438	3	-1	1	0	0	0	0
4	63.941	-0.40216	-7.6249	-0.40216	-7.6249	0	1	90	0	4.6562	1	9	3.6562	0	-7.3438	3	-1	1	0	0	0	0
4	80.514	-0.38205	-7.6249	-0.38205	-7.6249	0	1	90	0	4.6562	1	9	3.6562	0	-7.3438	3	-1	1	0	0	0	0
4	97.137	-0.34183	-7.6571	-0.34183	-7.6571	0	1	90	0	4.6562	1	9	3.6562	0	-7.3438	3	-1	1	0	0	0	0
4	113.77	-0.32173	-7.6571	-0.32173	-7.6571	0	1	90	0	4.6562	1	9	3.6562	0	-7.3438	3	-1	1	0	0	0	0
4	130.34	-0.28151	-7.6571	-0.28151	-7.6571	0	1	90	0	4.6562	1	9	3.6562	0	-7.3438	3	-1	1	0	0	0	0
4	146.91	-0.2614	-7.6571	-0.2614	-7.6571	0	1	90	0	4.6562	1	9	3.6562	0	-7.3438	3	-1	1	0	0	0	0
4	163.55	-0.24129	-7.6571	-0.24129	-7.6571	0	1	90	0	4.6562	1	9	3.6562	0	-7.3438	3	-1	1	0	0	0	0
4	180.09	-0.24129	-7.6571	-0.24129	-7.6571	0	1	90	0	4.6562	1	9	3.6562	0	-7.3438	3	-1	1	0	0	0	0
4	196.7	-0.2614	-7.6571	-0.2614	-7.6571	0	1	90	0	4.6562	1	9	3.6562	0	-7.3438	3	-1	1	0	0	0	0
4	213.35	-0.2614	-7.6571	-0.2614	-7.6571	0	1	90	0	4.6562	1	9	3.6562	0	-7.3438	3	-1	1	0	0	0	0
4	229.92	-0.2614	-7.6249	-0.2614	-7.6249	0	1	90	0	4.6562	1	9	3.6562	0	-7.3438	3	-1	1	0	0	0	0
4	246.52	-0.2614	-7.6249	-0.2614	-7.6249	0	1	90	0	4.6562	1	9	3.6562	0	-7.3438	3	-1	1	1	0	0	0
4	263.12	-0.2614	-7.6249	-0.2614	-7.6249	0	1	90	0	4.6562	1	9	3.6562	0	-7.3438	3	-1	1	1	0	0	0
4	279.66	-0.2614	-7.5606	-0.2614	-7.5606	0	1	90	0	4.6562	1	9	3.6562	0	-7.3438	3	-1	1	1	0	0	0
4	296.21	-0.30162	-7.3997	-0.30162	-7.3997	0	1	90	0	4.6562	1	9	3.6562	0	-7.3438	3	-1	1	1	0	0	0
4	312.78	-0.32173	-7.2067	-0.32173	-7.2067	0	1	90	0	4.6562	1	9	3.6562	0	-7.3438	3	-1	1	1	0	0	0
4	329.42	-0.36194	-6.7562	-0.36194	-6.7562	0	1	90	0	4.6562	1	9	3.6562	0	-7.3438	3	-1	1	1	0	0	0
4	345.97	-0.38205	-6.4667	-0.38205	-6.4667	0	1	90	0	4.6562	1	9	3.6562	0	-7.3438	3	-1	1	1	0	0	0
4	362.66	-0.40216	-5.9841	-0.40216	-5.9841	0	1	90	0	4.6562	1	9	3.6562	0	-7.3438	3	-1	1	1	0	0	0
4	379.26	-0.42227	-5.5659	-0.42227	-5.5659	0	1	90	0	4.6562	1	9	3.6562	0	-7.3438	3	-1	1	1	0	0	0
4	395.82	-0.46248	-5.212	-0.46248	-5.212	0	1	90	0	4.6562	1	9	3.6562	0	-7.3438	3	-1	1	1	0	0	0
4	412.4	-0.46248	-5.0189	-0.46248	-5.0189	0	2	90	0	4.6562	1	9	3.6562	0	-7.3438	3	-1	1	1	0	0	0
4	429.01	-0.5027	-4.6007	-0.5027	-4.6007	0	2	90	0	4.6562	1	9	3.6562	0	-7.3438	3	-1	1	1	0	0	0
4	445.61	-0.52281	-4.3755	-0.52281	-4.3755	0	2	90	0	4.6562	1	9	3.6562	0	-7.3438	3	-1	1	1	0	0	0
4	462.22	-0.56302	-3.8929	-0.56302	-3.8929	0	2	90	0	4.6562	1	9	3.6562	0	-7.3438	3	-1	1	1	0	1	0
4	478.83	-0.60324	-3.4425	-0.60324	-3.4425	0	2	90	0	4.6562	1	9	3.6562	0	-7.3438	3	-1	1	1	0	0	0
4	495.42	-0.66356	-3.0242	-0.66356	-3.0242	0	2	90	0	4.6562	1	9	3.6562	0	-7.3438	3	-1	1	1	0	0	0
4	511.98	-0.68367	-2.799	-0.68367	-2.799	0	2	90	0	4.6562	1	9	3.6562	0	-7.3438	3	-1	1	1	0	0	0
4	528.58	-0.72388	-2.3808	-0.72388	-2.3808	0	2	90	0	4.6562	1	9	3.6562	0	-7.3438	3	-1	1	1	0	0	0
4	545.15	-0.72388	-2.1877	-0.72388	-2.1877	0	2	90	0	4.6562	1	9	3.6562	0	-7.3438	3	-1	1	1	0	0	0
4	561.75	-0.70378	-1.7051	-0.70378	-1.7051	0	2	90	0	4.6562	1	9	3.6562	0	-7.3438	3	-1	1	1	0	0	0
4	578.42	-0.66356	-1.1904	-0.66356	-1.1904	0	2	90	0	4.6562	1	9	3.6562	0	-7.3438	3	-1	1	1	0	0	0
4	595	-0.62334	-0.93301	-0.62334	-0.93301	0	2	90	0	4.6562	1	9	3.6562	0	-7.3438	3	-1	1	1	0	0	0
4	611.56	-0.56302	-0.38607	-0.56302	-0.38607	0	2	90	0	4.6562	1	9	3.6562	0	-7.3438	3	-1	1	1	0	0	0
4	628.18	-0.48259	0.096518	-0.48259	0.096518	0	2	90	0	4.6562	1	9	3.6562	0	-7.3438	3	-1	1	1	0	0	0
4	644.72	-0.46248	0.28955	-0.46248	0.28955	0	2	90	0	4.6562	1	9	3.6562	0	-7.3438	3	-1	1	1	0	0	0
4	661.34	-0.42227	0.61128	-0.42227	0.61128	0	2	90	0	4.6562	1	9	3.6562	0	-7.3438	3	-1	1	1	0	0	0
4	677.91	-0.38205	0.80432	-0.38205	0.80432	0	2	90	0	4.6562	1	9	3.6562	0	-7.3438	3	-1	1	1	0	0	0
4	694.55	-0.38205	0.90083	-0.38205	0.90083	0	2	90	0	4.6562	1	9	3.6562	0	-7.3438	3	-1	1	1	0	0	0
4	711.12	-0.38205	1.0617	-0.38205	1.0617	0	2	90	0	4.6562	1	9	3.6562	0	-7.3438	3	-1	1	1	0	0	0
4	727.72	-0.36194	1.1582	-0.36194	1.1582	0	2	90	0	4.6562	1	9	3.6562	0	-7.3438	3	-1	1	1	0	0	0
4	744.27	-0.36194	1.2226	-0.36194	1.2226	0	2	90	0	4.6562	1	9	3.6562	0	-7.3438	3	-1	1	1	0	0	0
4	760.86	-0.36194	1.3191	-0.36194	1.3191	0	2	90	0	4.6562	1	9	3.6562	0	-7.3438	3	-1	1	1	0	0	0
4	777.52	-0.36194	1.3834	-0.36194	1.3834	0	2	90	0	4.6562	1	9	3.6562	0	-7.3438	3	-1	1	0	0	0	0
4	794.12	-0.36194	1.3834	-0.36194	1.3834	0	2	90	0	4.6562	1	9	3.6562	0	-7.3438	3	-1	1	0	0	0	0
4	810.68	-0.36194	1.4156	-0.36194	1.4156	0	2	90	0	4.6562	1	9	3.6562	0	-7.3438	3	-1	1	0	0	0	0
4	827.32	-0.36194	1.4156	-0.36194	1.4156	0	3	90	0	4.6562	1	9	3.6562	0	-7.3438	3	-1	1	0	0	0	0
5	31.016	-0.10054	-7.6571	-0.10054	-7.6571	0	1	105	-3.1058	4.2473	1	5.8942	3.2474	0	-7.3438	3	-1	1	0	0	0	0
5	47.581	-0.10054	-7.6571	-0.10054	-7.6571	0	1	105	-3.1058	4.2473	1	5.8942	3.2474	0	-7.3438	3	-1	1	0	0	0	0
5	64.205	-0.10054	-7.6571	-0.10054	-7.6571	0	1	105	-3.1058	4.2473	1	5.8942	3.2474	0	-7.3438	3	-1	1	0	0	0	0
5	80.689	-0.10054	-7.6571	-0.10054	-7.6571	0	1	105	-3.1058	4.2473	1	5.8942	3.2474	0	-7.3438	3	-1	1	0	0	0	0
5	97.35	-0.080432	-7.6571	-0.080432	-7.6571	0	1	105	-3.1058	4.2473	1	5.8942	3.2474	0	-7.3438	3	-1	1	0	0	0	0
5	114.04	-0.080432	-7.6571	-0.080432	-7.6571	0	1	105	-3.1058	4.2473	1	5.8942	3.2474	0	-7.3438	3	-1	1	0	0	0	0
5	130.62	-0.080432	-7.6571	-0.080432	-7.6571	0	1	105	-3.1058	4.2473	1	5.8942	3.2474	0	-7.3438	3	-1	1	0	0	0	0
5	147.15	-0.080432	-7.6571	-0.080432	-7.6571	0	1	105	-3.1058	4.2473	1	5.8942	3.2474	0	-7.3438	3	-1	1	0	0	0	0
5	163.76	-0.080432	-7.6249	-0.080432	-7.6249	0	1	105	-3.1058	4.2473	1	5.8942	3.2474	0	-7.3438	3	-1	1	0	0	0	0
5	180.33	-0.080432	-7.6249	-0.080432	-7.6249	0	1	105	-3.1058	4.2473	1	5.8942	3.2474	0	-7.3438	3	-1	1	0	0	0	0
5	197.08	-0.080432	-7.6249	-0.080432	-7.6249	0	1	105	-3.1058	4.2473	1	5.8942	3.2474	0	-7.3438	3	-1	1	0	0	0	0
5	213.63	-0.080432	-7.6249	-0.080432	-7.6249	0	1	105	-3.1058	4.2473	1	5.8942	3.2474	0	-7.3438	3	-1	1	0	0	0	0
5	230.18	-0.080432	-7.6249	-0.080432	-7.6249	0	1	105	-3.1058	4.2473	1	5.8942	3.2474	0	-7.3438	3	-1	1	0	0	0	0
5	246.71	-0.080432	-7.5927	-0.080432	-7.5927	0	1	105	-3.1058	4.2473	1	5.8942	3.2474	0	-7.3438	3	-1	1	0	0	0	0
5	263.33	-0.080432	-7.5927	-0.080432	-7.5927	0	1	105	-3.1058	4.2473	1	5.8942	3.2474	0	-7.3438	3	-1	1	0	0	0	0
5	279.9	-0.080432	-7.5927	-0.080432	-7.5927	0	1	105	-3.1058	4.2473	1	5.8942	3.2474	0	-7.3438	3	-1	1	0	0	0	0
5	296.48	-0.10054	-7.5606	-0.10054	-7.5606	0	1	105	-3.1058	4.2473	1	5.8942	3.2474	0	-7.3438	3	-1	1	1	0	0	0
5	313.12	-0.12065	-7.5606	-0.12065	-7.5606	0	1	105	-3.1058	4.2473	1	5.8942	3.2474	0	-7.3438	3	-1	1	1	0	0	0
5	329.74	-0.20108	-7.464	-0.20108	-7.464	0	1	105	-3.1058	4.2473	1	5.8942	3.2474	0	-7.3438	3	-1	1	1	0	0	0
5	346.29	-0.2614	-7.3675	-0.2614	-7.3675	0	1	105	-3.1058	4.2473	1	5.8942	3.2474	0	-7.3438	3	-1	1	1	0	0	0
5	362.89	-0.42227	-7.1101	-0.42227	-7.1101	0	1	105	-3.1058	4.2473	1	5.8942	3.2474	0	-7.3438	3	-1	1	1	0	0	0
5	379.47	-0.60324	-6.7884	-0.60324	-6.7884	0	1	105	-3.1058	4.2473	1	5.8942	3.2474	0	-7.3438	3	-1	1	1	0	0	0
5	396.07	-0.78421	-6.4024	-0.78421	-6.4024	0	1	105	-3.1058	4.2473	1	5.8942	3.2474	0	-7.3438	3	-1	1	1	0	0	0
5	412.71	-0.88475	-6.2093	-0.88475	-6.2093	0	1	105	-3.1058	4.2473	1	5.8942	3.2474	0	-7.3438	3	-1	1	1	0	0	0
5	429.31	-1.1059	-5.7911	-1.1059	-5.7911	0	1	105	-3.1058	4.2473	1	5.8942	3.2474	0	-7.3438	3	-1	1	1	0	0	0
5	445.89	-1.2065	-5.598	-1.2065	-5.598	0	1	105	-3.1058	4.2473	1	5.8942	3.2474	0	-7.3438	3	-1	1	1	0	0	0
5	462.49	-1.3874	-5.2763	-1.3874	-5.2763	0	2	105	-3.1058	4.2473	1	5.8942	3.2474	0	-7.3438	3	-1	1	1	0	0	0
5	479.07	-1.5684	-4.9868	-1.5684	-4.9868	0	2	105	-3.1058	4.2473	1	5.8942	3.2474	0	-7.3438	3	-1	1	1	0	0	0
5	495.66	-1.7494	-4.665	-1.7494	-4.665	0	2	105	-3.1058	4.2473	1	5.8942	3.2474	0	-7.3438	3	-1	1	1	0	0	0
5	512.22	-1.87	-4.5042	-1.87	-4.5042	0	2	105	-3.1058	4.2473	1	5.8942	3.2474	0	-7.3438	3	-1	1	1	0	0	0
5	528.85	-2.051	-4.1503	-2.051	-4.1503	0	2	105	-3.1058	4.2473	1	5.8942	3.2474	0	-7.3438	3	-1	1	1	0	0	0
5	545.48	-2.1515	-3.9894	-2.1515	-3.9894	0	2	105	-3.1058	4.2473	1	5.8942	3.2474	0	-7.3438	3	-1	1	1	0	0	0
5	562.07	-2.3325	-3.6355	-2.3325	-3.6355	0	2	105	-3.1058	4.2473	1	5.8942	3.2474	0	-7.3438	3	-1	1	1	0	0	0
5	578.67	-2.5135	-3.2816	-2.5135	-3.2816	0	2	105	-3.1058	4.2473	1	5.8942	3.2474	0	-7.3438	3	-1	1	1	0	0	0
5	595.24	-2.6945	-2.8955	-2.6945	-2.8955	0	2	105	-3.1058	4.2473	1	5.8942	3.2474	0	-7.3438	3	-1	1	1	0	0	0
5	611.82	-2.7749	-2.7025	-2.7749	-2.7025	0	2	105	-3.1058	4.2473	1	5.8942	3.2474	0	-7.3438	3	-1	1	1	0	0	0
5	628.41	-2.976	-2.2521	-2.976	-2.2521	0	2	105	-3.1058	4.2473	1	5.8942	3.2474	0	-7.3438	3	-1	1	1	0	0	0
5	645.02	-3.0966	-2.059	-3.0966	-2.059	0	2	105	-3.1058	4.2473	1	5.8942	3.2474	0	-7.3438	3	-1	1	1	0	1	0
5	661.6	-3.2977	-1.6086	-3.2977	-1.6086	0	2	105	-3.1058	4.2473	1	5.8942	3.2474	0	-7.3438	3	-1	1	1	0	0	0
5	678.21	-3.4787	-1.1904	-3.4787	-1.1904	0	2	105	-3.1058	4.2473	1	5.8942	3.2474	0	-7.3438	3	-1	1	1	0	0	0
5	694.81	-3.6596	-0.77214	-3.6596	-0.77214	0	2	105	-3.1058	4.2473	1	5.8942	3.2474	0	-7.3438	3	-1	1	1	0	0	0
5	711.37	-3.7401	-0.54693	-3.7401	-0.54693	0	2	105	-3.1058	4.2473	1	5.8942	3.2474	0	-7.3438	3	-1	1	1	0	0	0
5	727.96	-3.8808	-0.19304	-3.8808	-0.19304	0	2	105	-3.1058	4.2473	1	5.8942	3.2474	0	-7.3438	3	-1	1	1	0	0	0
5	744.58	-3.9411	-0.064345	-3.9411	-0.064345	0	2	105	-3.1058	4.2473	1	5.8942	3.2474	0	-7.3438	3	-1	1	1	0	0	0
5	761.24	-4.0417	0.12869	-4.0417	0.12869	0	2	105	-3.1058	4.2473	1	5.8942	3.2474	0	-7.3438	3	-1	1	1	0	0	0
5	777.73	-4.1422	0.32173	-4.1422	0.32173	0	2	105	-3.1058	4.2473	1	5.8942	3.2474	0	-7.3438	3	-1	1	1	0	0	0
5	794.38	-4.1824	0.38607	-4.1824	0.38607	0	2	105	-3.1058	4.2473	1	5.8942	3.2474	0	-7.3438	3	-1	1	1	0	0	0
5	810.94	-4.2629	0.54693	-4.2629	0.54693	0	2	105	-3.1058	4.2473	1	5.8942	3.2474	0	-7.3438	3	-1	1	1	0	0	0
5	827.53	-4.3433	0.67563	-4.3433	0.67562	0	2	105	-3.1058	4.2473	1	5.8942	3.2474	0	-7.3438	3	-1	1	1	0	0	0
5	844.08	-4.3835	0.73997	-4.3835	0.73997	0	2	105	-3.1058	4.2473	1	5.8942	3.2474	0	-7.3438	3	-1	1	1	0	0	0
5	860.73	-4.4237	0.80432	-4.4237	0.80432	0	2	105	-3.1058	4.2473	1	5.8942	3.2474	0	-7.3438	3	-1	1	0	0	0	0
5	877.34	-4.4438	0.83649	-4.4438	0.83649	0	2	105	-3.1058	4.2473	1	5.8942	3.2474	0	-7.3438	3	-1	1	0	0	0	0
5	893.9	-4.4438	0.83649	-4.4438	0.83649	0	2	105	-3.1058	4.2473	1	5.8942	3.2474	0	-7.3438	3	-1	1	0	0	0	0
5	910.51	-4.4438	0.83649	-4.4438	0.83649	0	3	105	-3.1058	4.2473	1	5.8942	3.2474	0	-7.3438	3	-1	1	0	0	0	0
6	30.817	-0.14076	-7.7536	-0.14076	-7.7536	0	1	90	0	4.6562	1	9	3.6562	0	-7.3438	3	-1	1	0	0	0	0
6	47.351	-0.16086	-7.7214	-0.16086	-7.7214	0	1	90	0	4.6562	1	9	3.6562	0	-7.3438	3	-1	1	0	0	0	0
6	64.043	-0.16086	-7.7214	-0.16086	-7.7214	0	1	90	0	4.6562	1	9	3.6562	0	-7.3438	3	-1	1	0	0	0	0
6	80.61	-0.16086	-7.7214	-0.16086	-7.7214	0	1	90	0	4.6562	1	9	3.6562	0	-7.3438	3	-1	1	0	0	0	0
6	97.204	-0.16086	-7.7214	-0.16086	-7.7214	0	1	90	0	4.6562	1	9	3.6562	0	-7.3438	3	-1	1	0	0	0	0
6	113.82	-0.16086	-7.7214	-0.16086	-7.7214	0	1	90	0	4.6562	1	9	3.6562	0	-7.3438	3	-1	1	0	0	0	0
6	130.37	-0.16086	-7.7214	-0.16086	-7.7214	0	1	90	0	4.6562	1	9	3.6562	0	-7.3438	3	-1	1	0	0	0	0
6	146.94	-0.16086	-7.7214	-0.16086	-7.7214	0	1	90	0	4.6562	1	9	3.6562	0	-7.3438	3	-1	1	0	0	0	0
6	163.59	-0.16086	-7.7214	-0.16086	-7.7214	0	1	90	0	4.6562	1	9	3.6562	0	-7.3438	3	-1	1	0	0	0	0
6	180.21	-0.16086	-7.7214	-0.16086	-7.7214	0	1	90	0	4.6562	1	9	3.6562	0	-7.3438	3	-1	1	0	0	0	0
6	196.76	-0.16086	-7.7214	-0.16086	-7.7214	0	1	90	0	4.6562	1	9	3.6562	0	-7.3438	3	-1	1	0	0	0	0
6	213.36	-0.16086	-7.7214	-0.16086	-7.7214	0	1	90	0	4.6562	1	9	3.6562	0	-7.3438	3	-1	1	0	0	0	0
6	229.96	-0.16086	-7.6893	-0.16086	-7.6893	0	1	90	0	4.6562	1	9	3.6562	0	-7.3438	3	-1	1	0	0	0	0
6	246.54	-0.16086	-7.6893	-0.16086	-7.6893	0	1	90	0	4.6562	1	9	3.6562	0	-7.3438	3	-1	1	0	0	0	0
6	263.09	-0.16086	-7.6893	-0.16086	-7.6893	0	1	90	0	4.6562	1	9	3.6562	0	-7.3438	3	-1	1	0	0	0	0
6	279.71	-0.16086	-7.6571	-0.16086	-7.6571	0	1	90	0	4.6562	1	9	3.6562	0	-7.3438	3	-1	1	0	0	0	0
6	296.37	-0.16086	-7.6571	-0.16086	-7.6571	0	1	90	0	4.6562	1	9	3.6562	0	-7.3438	3	-1	1	0	0	0	0
6	312.96	-0.16086	-7.6571	-0.16086	-7.6571	0	1	90	0	4.6562	1	9	3.6562	0	-7.3438	3	-1	1	0	0	0	0
6	329.49	-0.16086	-7.6249	-0.16086	-7.6249	0	1	90	0	4.6562	1	9	3.6562	0	-7.3438	3	-1	1	1	0	0	0
6	346.11	-0.18097	-7.5927	-0.18097	-7.5927	0	1	90	0	4.6562	1	9	3.6562	0	-7.3438	3	-1	1	1	0	0	0
6	362.69	-0.20108	-7.4319	-0.20108	-7.4319	0	1	90	0	4.6562	1	9	3.6562	0	-7.3438	3	-1	1	1	0	0	0
6	379.3	-0.22119	-7.3032	-0.22119	-7.3032	0	1	90	0	4.6562	1	9	3.6562	0	-7.3438	3	-1	1	1	0	0	0
6	395.91	-0.30162	-6.9493	-0.30162	-6.9493	0	1	90	0	4.6562	1	9	3.6562	0	-7.3438	3	-1	1	1	0	0	0
6	412.48	-0.32173	-6.7241	-0.32173	-6.7241	0	1	90	0	4.6562	1	9	3.6562	0	-7.3438	3	-1	1	1	0	0	0
6	429.08	-0.40216	-6.2737	-0.40216	-6.2737	0	1	90	0	4.6562	1	9	3.6562	0	-7.3438	3	-1	1	1	0	0	0
6	445.68	-0.48259	-5.8232	-0.48259	-5.8232	0	1	90	0	4.6562	1	9	3.6562	0	-7.3438	3	-1	1	1	0	0	0
6	462.29	-0.54291	-5.4372	-0.54291	-5.4372	0	1	90	0	4.6562	1	9	3.6562	0	-7.3438	3	-1	1	1	0	0	0
6	478.84	-0.56302	-5.2763	-0.56302	-5.2763	0	1	90	0	4.6562	1	9	3.6562	0	-7.3438	3	-1	1	1	0	0	0
6	495.43	-0.60324	-4.8581	-0.60324	-4.8581	0	2	90	0	4.6562	1	9	3.6562	0	-7.3438	3	-1	1	1	0	0	0
6	512.01	-0.60324	-4.665	-0.60324	-4.665	0	2	90	0	4.6562	1	9	3.6562	0	-7.3438	3	-1	1	1	0	0	0
6	528.68	-0.60324	-4.2146	-0.60324	-4.2146	0	2	90	0	4.6562	1	9	3.6562	0	-7.3438	3	-1	1	1	0	0	0
6	545.27	-0.60324	-3.7642	-0.60324	-3.7642	0	2	90	0	4.6562	1	9	3.6562	0	-7.3438	3	-1	1	1	0	0	0
6	561.83	-0.60324	-3.346	-0.60324	-3.346	0	2	90	0	4.6562	1	9	3.6562	0	-7.3438	3	-1	1	1	0	0	0
6	578.45	-0.60324	-3.1207	-0.60324	-3.1207	0	2	90	0	4.6562	1	9	3.6562	0	-7.3438	3	-1	1	1	0	0	0
6	595.02	-0.60324	-2.7025	-0.60324	-2.7025	0	2	90	0	4.6562	1	9	3.6562	0	-7.3438	3	-1	1	1	0	0	0
6	611.59	-0.58313	-2.4773	-0.58313	-2.4773	0	2	90	0	4.6562	1	9	3.6562	0	-7.3438	3	-1	1	1	0	0	0
6	628.21	-0.54291	-2.0269	-0.54291	-2.0269	0	2	90	0	4.6562	1	9	3.6562	0	-7.3438	3	-1	1	1	0	1	0
6	644.85	-0.5027	-1.5443	-0.5027	-1.5443	0	2	90	0	4.6562	1	9	3.6562	0	-7.3438	3	-1	1	1	0	0	0
6	661.43	-0.48259	-1.3191	-0.48259	-1.3191	0	2	90	0	4.6562	1	9	3.6562	0	-7.3438	3	-1	1	1	0	0	0
6	677.98	-0.44237	-0.86866	-0.44237	-0.86866	0	2	90	0	4.6562	1	9	3.6562	0	-7.3438	3	-1	1	1	0	0	0
6	694.59	-0.40216	-0.38607	-0.40216	-0.38607	0	2	90	0	4.6562	1	9	3.6562	0	-7.3438	3	-1	1	1	0	0	0
6	711.17	-0.36194	-0.16086	-0.36194	-0.16086	0	2	90	0	4.6562	1	9	3.6562	0	-7.3438	3	-1	1	1	0	0	0
6	727.78	-0.30162	0.32173	-0.30162	0.32173	0	2	90	0	4.6562	1	9	3.6562	0	-7.3438	3	-1	1	1	0	0	0
6	744.37	-0.28151	0.54693	-0.28151	0.54693	0	2	90	0	4.6562	1	9	3.6562	0	-7.3438	3	-1	1	1	0	0	0
6	760.94	-0.2614	0.93301	-0.2614	0.93301	0	2	90	0	4.6562	1	9	3.6562	0	-7.3438	3	-1	1	1	0	0	0
6	777.53	-0.2614	1.3191	-0.2614	1.3191	0	2	90	0	4.6562	1	9	3.6562	0	-7.3438	3	-1	1	1	0	0	0
6	794.14	-0.2614	1.6408	-0.2614	1.6408	0	2	90	0	4.6562	1	9	3.6562	0	-7.3438	3	-1	1	1	0	0	0
6	810.74	-0.24129	1.7695	-0.24129	1.7695	0	2	90	0	4.6562	1	9	3.6562	0	-7.3438	3	-1	1	1	0	0	0
6	827.3	-0.24129	2.0269	-0.24129	2.0269	0	2	90	0	4.6562	1	9	3.6562	0	-7.3438	3	-1	1	1	0	0	0
6	843.93	-0.24129	2.1234	-0.24129	2.1234	0	2	90	0	4.6562	1	9	3.6562	0	-7.3438	3	-1	1	1	0	0	0
6	860.54	-0.24129	2.2521	-0.24129	2.2521	0	2	90	0	4.6562	1	9	3.6562	0	-7.3438	3	-1	1	1	0	0	0
6	877.08	-0.2614	2.3164	-0.2614	2.3164	0	2	90	0	4.6562	1	9	3.6562	0	-7.3438	3	-1	1	0	0	0	0
6	893.7	-0.2614	2.3164	-0.2614	2.3164	0	2	90	0	4.6562	1	9	3.6562	0	-7.3438	3	-1	1	0	0	0	0
6	910.31	-0.2614	2.3164	-0.2614	2.3164	0	2	90	0	4.6562	1	9	3.6562	0	-7.3438	3	-1	1	0	0	0	0
6	926.89	-0.2614	2.3164	-0.2614	2.3164	0	2	90	0	4.6562	1	9	3.6562	0	-7.3438	3	-1	1	0	0	0	0
6	943.46	-0.2614	2.3164	-0.2614	2.3164	0	3	90	0	4.6562	1	9	3.6562	0	-7.3438	3	-1	1	0	0	0	0
7	30.899	-0.40216	-7.6893	-0.40216	-7.6893	0	1	105	-3.1058	4.2473	1	5.8942	3.2474	0	-7.3438	3	-1	1	0	0	0	0
7	47.483	-0.40216	-7.6893	-0.40216	-7.6893	0	1	105	-3.1058	4.2473	1	5.8942	3.2474	0	-7.3438	3	-1	1	0	0	0	0
7	64.1	-0.40216	-7.6893	-0.40216	-7.6893	0	1	105	-3.1058	4.2473	1	5.8942	3.2474	0	-7.3438	3	-1	1	0	0	0	0
7	80.634	-0.40216	-7.6893	-0.40216	-7.6893	0	1	105	-3.1058	4.2473	1	5.8942	3.2474	0	-7.3438	3	-1	1	0	0	0	0
7	97.216	-0.40216	-7.6571	-0.40216	-7.6571	0	1	105	-3.1058	4.2473	1	5.8942	3.2474	0	-7.3438	3	-1	1	0	0	0	0
7	113.86	-0.40216	-7.6571	-0.40216	-7.6571	0	1	105	-3.1058	4.2473	1	5.8942	3.2474	0	-7.3438	3	-1	1	0	0	0	0
7	130.49	-0.40216	-7.6571	-0.40216	-7.6571	0	1	105	-3.1058	4.2473	1	5.8942	3.2474	0	-7.3438	3	-1	1	0	0	0	0
7	147.09	-0.40216	-7.6571	-0.40216	-7.6571	0	1	105	-3.1058	4.2473	1	5.8942	3.2474	0	-7.3438	3	-1	1	0	0	0	0
7	163.68	-0.40216	-7.6571	-0.40216	-7.6571	0	1	105	-3.1058	4.2473	1	5.8942	3.2474	0	-7.3438	3	-1	1	0	0	0	0
7	180.24	-0.40216	-7.6571	-0.40216	-7.6571	0	1	105	-3.1058	4.2473	1	5.8942	3.2474	0	-7.3438	3	-1	1	0	0	0	0
7	196.84	-0.38205	-7.6571	-0.38205	-7.6571	0	1	105	-3.1058	4.2473	1	5.8942	3.2474	0	-7.3438	3	-1	1	0	0	0	0
7	213.47	-0.36194	-7.6571	-0.36194	-7.6571	0	1	105	-3.1058	4.2473	1	5.8942	3.2474	0	-7.3438	3	-1	1	0	0	0	0
7	230.06	-0.36194	-7.6571	-0.36194	-7.6571	0	1	105	-3.1058	4.2473	1	5.8942	3.2474	0	-7.3438	3	-1	1	0	0	0	0
7	246.69	-0.36194	-7.6249	-0.36194	-7.6249	0	1	105	-3.1058	4.2473	1	5.8942	3.2474	0	-7.3438	3	-1	1	0	0	0	0
7	263.24	-0.34183	-7.6249	-0.34183	-7.6249	0	1	105	-3.1058	4.2473	1	5.8942	3.2474	0	-7.3438	3	-1	1	0	0	0	0
7	279.8	-0.34183	-7.5927	-0.34183	-7.5927	0	1	105	-3.1058	4.2473	1	5.8942	3.2474	0	-7.3438	3	-1	1	1	0	0	0
7	296.37	-0.32173	-7.5606	-0.32173	-7.5606	0	1	105	-3.1058	4.2473	1	5.8942	3.2474	0	-7.3438	3	-1	1	1	0	0	0
7	312.97	-0.38205	-7.3997	-0.38205	-7.3997	0	1	105	-3.1058	4.2473	1	5.8942	3.2474	0	-7.3438	3	-1	1	1	0	0	0
7	329.77	-0.42227	-7.2388	-0.42227	-7.2388	0	1	105	-3.1058	4.2473	1	5.8942	3.2474	0	-7.3438	3	-1	1	1	0	0	0
7	346.3	-0.58313	-6.7562	-0.58313	-6.7562	0	1	105	-3.1058	4.2473	1	5.8942	3.2474	0	-7.3438	3	-1	1	1	0	0	0
7	362.8	-0.66356	-6.4989	-0.66356	-6.4989	0	1	105	-3.1058	4.2473	1	5.8942	3.2474	0	-7.3438	3	-1	1	1	0	0	0
7	379.48	-0.82442	-5.9841	-0.82442	-5.9841	0	1	105	-3.1058	4.2473	1	5.8942	3.2474	0	-7.3438	3	-1	1	1	0	0	0
7	395.94	-0.98529	-5.5659	-0.98529	-5.5659	0	1	105	-3.1058	4.2473	1	5.8942	3.2474	0	-7.3438	3	-1	1	1	0	0	0
7	412.6	-1.1461	-5.1798	-1.1461	-5.1798	0	2	105	-3.1058	4.2473	1	5.8942	3.2474	0	-7.3438	3	-1	1	1	0	0	0
7	429.11	-1.2467	-4.9868	-1.2467	-4.9868	0	2	105	-3.1058	4.2473	1	5.8942	3.2474	0	-7.3438	3	-1	1	1	0	0	0
7	445.74	-1.4478	-4.5042	-1.4478	-4.5042	0	2	105	-3.1058	4.2473	1	5.8942	3.2474	0	-7.3438	3	-1	1	1	0	0	0
7	462.28	-1.5483	-4.2468	-1.5483	-4.2468	0	2	105	-3.1058	4.2473	1	5.8942	3.2474	0	-7.3438	3	-1	1	1	0	0	0
7	478.94	-1.7293	-3.7964	-1.7293	-3.7964	0	2	105	-3.1058	4.2473	1	5.8942	3.2474	0	-7.3438	3	-1	1	1	0	0	0
7	495.5	-1.9102	-3.346	-1.9102	-3.346	0	2	105	-3.1058	4.2473	1	5.8942	3.2474	0	-7.3438	3	-1	1	1	0	0	0
7	512.07	-2.1314	-2.8312	-2.1314	-2.8312	0	2	105	-3.1058	4.2473	1	5.8942	3.2474	0	-7.3438	3	-1	1	1	0	0	0
7	528.71	-2.2521	-2.5738	-2.2521	-2.5738	0	2	105	-3.1058	4.2473	1	5.8942	3.2474	0	-7.3438	3	-1	1	1	0	0	0
7	545.28	-2.5135	-1.9625	-2.5135	-1.9625	0	2	105	-3.1058	4.2473	1	5.8942	3.2474	0	-7.3438	3	-1	1	1	0	0	0
7	561.88	-2.6542	-1.673	-2.6542	-1.673	0	2	105	-3.1058	4.2473	1	5.8942	3.2474	0	-7.3438	3	-1	1	1	0	1	0
7	578.48	-2.9559	-1.126	-2.9559	-1.126	0	2	105	-3.1058	4.2473	1	5.8942	3.2474	0	-7.3438	3	-1	1	1	0	0	0
7	595.08	-3.2575	-0.57911	-3.2575	-0.57911	0	2	105	-3.1058	4.2473	1	5.8942	3.2474	0	-7.3438	3	-1	1	1	0	0	0
7	611.78	-3.5591	0	-3.5591	0	0	2	105	-3.1058	4.2473	1	5.8942	3.2474	0	-7.3438	3	-1	1	1	0	0	0
7	628.22	-3.6797	0.25738	-3.6797	0.25738	0	2	105	-3.1058	4.2473	1	5.8942	3.2474	0	-7.3438	3	-1	1	1	0	0	0
7	644.81	-3.9411	0.73997	-3.9411	0.73997	0	2	105	-3.1058	4.2473	1	5.8942	3.2474	0	-7.3438	3	-1	1	1	0	0	0
7	661.6	-4.0618	0.96518	-4.0618	0.96518	0	2	105	-3.1058	4.2473	1	5.8942	3.2474	0	-7.3438	3	-1	1	1	0	0	0
7	678.07	-4.2629	1.3191	-4.2629	1.3191	0	2	105	-3.1058	4.2473	1	5.8942	3.2474	0	-7.3438	3	-1	1	1	0	0	0
7	694.78	-4.4237	1.6086	-4.4237	1.6086	0	2	105	-3.1058	4.2473	1	5.8942	3.2474	0	-7.3438	3	-1	1	1	0	0	0
7	711.34	-4.5444	1.8338	-4.5444	1.8338	0	2	105	-3.1058	4.2473	1	5.8942	3.2474	0	-7.3438	3	-1	1	1	0	0	0
7	727.84	-4.5846	1.8982	-4.5846	1.8982	0	2	105	-3.1058	4.2473	1	5.8942	3.2474	0	-7.3438	3	-1	1	1	0	0	0
7	744.39	-4.665	2.0269	-4.665	2.0269	0	2	105	-3.1058	4.2473	1	5.8942	3.2474	0	-7.3438	3	-1	1	0	0	0	0
7	761	-4.6851	2.059	-4.6851	2.059	0	2	105	-3.1058	4.2473	1	5.8942	3.2474	0	-7.3438	3	-1	1	0	0	0	0
7	777.63	-4.7052	2.1234	-4.7052	2.1234	0	2	105	-3.1058	4.2473	1	5.8942	3.2474	0	-7.3438	3	-1	1	0	0	0	0
7	794.23	-4.7254	2.1234	-4.7254	2.1234	0	2	105	-3.1058	4.2473	1	5.8942	3.2474	0	-7.3438	3	-1	1	0	0	0	0
7	810.83	-4.7254	2.1234	-4.7254	2.1234	0	2	105	-3.1058	4.2473	1	5.8942	3.2474	0	-7.3438	3	-1	1	0	0	0	0
7	827.35	-4.7254	2.1234	-4.7254	2.1234	0	2	105	-3.1058	4.2473	1	5.8942	3.2474	0	-7.3438	3	-1	1	0	0	0	0
7	844	-4.7254	2.1234	-4.7254	2.1234	0	2	105	-3.1058	4.2473	1	5.8942	3.2474	0	-7.3438	3	-1	1	0	0	0	0
7	860.64	-4.7254	2.1234	-4.7254	2.1234	0	3	105	-3.1058	4.2473	1	5.8942	3.2474	0	-7.3438	3	-1	1	0	0	0	0
8	30.41	0.70378	-7.4962	0.70378	-7.4962	0	1	75	3.1058	4.2473	1	12.106	3.2474	0	-7.3438	3	-1	1	0	0	0	0
8	46.953	0.68367	-7.4962	0.68367	-7.4962	0	1	75	3.1058	4.2473	1	12.106	3.2474	0	-7.3438	3	-1	1	0	0	0	0
8	63.633	0.68367	-7.4962	0.68367	-7.4962	0	1	75	3.1058	4.2473	1	12.106	3.2474	0	-7.3438	3	-1	1	0	0	0	0
8	80.253	0.68367	-7.4962	0.68367	-7.4962	0	1	75	3.1058	4.2473	1	12.106	3.2474	0	-7.3438	3	-1	1	0	0	0	0
8	96.833	0.68367	-7.4962	0.68367	-7.4962	0	1	75	3.1058	4.2473	1	12.106	3.2474	0	-7.3438	3	-1	1	0	0	0	0
8	113.43	0.66356	-7.4962	0.66356	-7.4962	0	1	75	3.1058	4.2473	1	12.106	3.2474	0	-7.3438	3	-1	1	0	0	0	0
8	129.96	0.66356	-7.4962	0.66356	-7.4962	0	1	75	3.1058	4.2473	1	12.106	3.2474	0	-7.3438	3	-1	1	0	0	0	0
8	146.6	0.66356	-7.4962	0.66356	-7.4962	0	1	75	3.1058	4.2473	1	12.106	3.2474	0	-7.3438	3	-1	1	0	0	0	0
8	163.19	0.64345	-7.4962	0.64345	-7.4962	0	1	75	3.1058	4.2473	1	12.106	3.2474	0	-7.3438	3	-1	1	0	0	0	0
8	179.77	0.64345	-7.4962	0.64345	-7.4962	0	1	75	3.1058	4.2473	1	12.106	3.2474	0	-7.3438	3	-1	1	0	0	0	0
8	196.42	0.64345	-7.4962	0.64345	-7.4962	0	1	75	3.1058	4.2473	1	12.106	3.2474	0	-7.3438	3	-1	1	0	0	0	0
8	212.98	0.64345	-7.4962	0.64345	-7.4962	0	1	75	3.1058	4.2473	1	12.106	3.2474	0	-7.3438	3	-1	1	0	0	0	0
8	229.56	0.62334	-7.4962	0.62334	-7.4962	0	1	75	3.1058	4.2473	1	12.106	3.2474	0	-7.3438	3	-1	1	0	0	0	0
8	246.13	0.62334	-7.4962	0.62334	-7.4962	0	1	75	3.1058	4.2473	1	12.106	3.2474	0	-7.3438	3	-1	1	0	0	0	0
8	262.84	0.62334	-7.4962	0.62334	-7.4962	0	1	75	3.1058	4.2473	1	12.106	3.2474	0	-7.3438	3	-1	1	0	0	0	0
8	279.36	0.60324	-7.4962	0.60324	-7.4962	0	1	75	3.1058	4.2473	1	12.106	3.2474	0	-7.3438	3	-1	1	0	0	0	0
8	295.99	0.60324	-7.4962	0.60324	-7.4962	0	1	75	3.1058	4.2473	1	12.106	3.2474	0	-7.3438	3	-1	1	1	0	0	0
8	312.58	0.56302	-7.464	0.56302	-7.464	0	1	75	3.1058	4.2473	1	12.106	3.2474	0	-7.3438	3	-1	1	1	0	0	0
8	329.16	0.5027	-7.3997	0.5027	-7.3997	0	1	75	3.1058	4.2473	1	12.106	3.2474	0	-7.3438	3	-1	1	1	0	0	0
8	345.76	0.38205	-7.1745	0.38205	-7.1745	0	1	75	3.1058	4.2473	1	12.106	3.2474	0	-7.3438	3	-1	1	1	0	0	0
8	362.32	0.34183	-6.9493	0.34183	-6.9493	0	1	75	3.1058	4.2473	1	12.106	3.2474	0	-7.3438	3	-1	1	1	0	0	0
8	378.88	0.28151	-6.3702	0.28151	-6.3702	0	1	75	3.1058	4.2473	1	12.106	3.2474	0	-7.3438	3	-1	1	1	0	0	0
8	395.56	0.30162	-6.0485	0.30162	-6.0485	0	1	75	3.1058	4.2473	1	12.106	3.2474	0	-7.3438	3	-1	1	1	0	0	0
8	412.09	0.36194	-5.3728	0.36194	-5.3728	0	1	75	3.1058	4.2473	1	12.106	3.2474	0	-7.3438	3	-1	1	1	0	0	0
8	428.72	0.5027	-4.7937	0.5027	-4.7937	0	2	75	3.1058	4.2473	1	12.106	3.2474	0	-7.3438	3	-1	1	1	0	0	0
8	445.41	0.64345	-4.279	0.64345	-4.279	0	2	75	3.1058	4.2473	1	12.106	3.2474	0	-7.3438	3	-1	1	1	0	0	0
8	461.9	0.72388	-4.0216	0.72388	-4.0216	0	2	75	3.1058	4.2473	1	12.106	3.2474	0	-7.3438	3	-1	1	1	0	0	0
8	478.49	0.92496	-3.4746	0.92496	-3.4746	0	2	75	3.1058	4.2473	1	12.106	3.2474	0	-7.3438	3	-1	1	1	0	0	0
8	495.09	1.0255	-3.2173	1.0255	-3.2173	0	2	75	3.1058	4.2473	1	12.106	3.2474	0	-7.3438	3	-1	1	1	0	1	0
8	511.7	1.2266	-2.6382	1.2266	-2.6382	0	2	75	3.1058	4.2473	1	12.106	3.2474	0	-7.3438	3	-1	1	1	0	0	0
8	528.33	1.4076	-2.0912	1.4076	-2.0912	0	2	75	3.1058	4.2473	1	12.106	3.2474	0	-7.3438	3	-1	1	1	0	0	0
8	544.9	1.5885	-1.5765	1.5885	-1.5765	0	2	75	3.1058	4.2473	1	12.106	3.2474	0	-7.3438	3	-1	1	1	0	0	0
8	561.39	1.669	-1.3513	1.669	-1.3512	0	2	75	3.1058	4.2473	1	12.106	3.2474	0	-7.3438	3	-1	1	1	0	0	0
8	578.03	1.8097	-0.93301	1.8097	-0.93301	0	2	75	3.1058	4.2473	1	12.106	3.2474	0	-7.3438	3	-1	1	1	0	0	0
8	594.62	1.87	-0.73997	1.87	-0.73997	0	2	75	3.1058	4.2473	1	12.106	3.2474	0	-7.3438	3	-1	1	1	0	0	0
8	611.24	1.9907	-0.3539	1.9907	-0.3539	0	2	75	3.1058	4.2473	1	12.106	3.2474	0	-7.3438	3	-1	1	1	0	0	0
8	627.87	2.1314	0	2.1314	0	0	2	75	3.1058	4.2473	1	12.106	3.2474	0	-7.3438	3	-1	1	1	0	0	0
8	644.38	2.1918	0.16086	2.1918	0.16086	0	2	75	3.1058	4.2473	1	12.106	3.2474	0	-7.3438	3	-1	1	1	0	0	0
8	660.99	2.3325	0.45042	2.3325	0.45042	0	2	75	3.1058	4.2473	1	12.106	3.2474	0	-7.3438	3	-1	1	1	0	0	0
8	677.63	2.4331	0.67563	2.4331	0.67562	0	2	75	3.1058	4.2473	1	12.106	3.2474	0	-7.3438	3	-1	1	1	0	0	0
8	694.16	2.4733	0.77214	2.4733	0.77214	0	2	75	3.1058	4.2473	1	12.106	3.2474	0	-7.3438	3	-1	1	1	0	0	0
8	710.79	2.5336	0.83649	2.5336	0.83649	0	2	75	3.1058	4.2473	1	12.106	3.2474	0	-7.3438	3	-1	1	0	0	0	0
8	727.38	2.5537	0.86866	2.5537	0.86866	0	2	75	3.1058	4.2473	1	12.106	3.2474	0	-7.3438	3	-1	1	0	0	0	0
8	744.02	2.5537	0.86866	2.5537	0.86866	0	2	75	3.1058	4.2473	1	12.106	3.2474	0	-7.3438	3	-1	1	0	0	0	0
8	760.62	2.5537	0.90083	2.5537	0.90083	0	2	75	3.1058	4.2473	1	12.106	3.2474	0	-7.3438	3	-1	1	0	0	0	0
8	777.21	2.5537	0.90083	2.5537	0.90083	0	2	75	3.1058	4.2473	1	12.106	3.2474	0	-7.3438	3	-1	1	0	0	0	0
8	793.79	2.5537	0.90083	2.5537	0.90083	0	3	75	3.1058	4.2473	1	12.106	3.2474	0	-7.3438	3	-1	1	0	0	0	0
9	30.762	-0.30162	-7.6893	-0.30162	-7.6893	0	1	90	0	4.6562	1	9	3.6562	0	-7.3438	3	-1	1	0	0	0	0
9	47.338	-0.28151	-7.6893	-0.28151	-7.6893	0	1	90	0	4.6562	1	9	3.6562	0	-7.3438	3	-1	1	0	0	0	0
9	63.961	-0.28151	-7.6571	-0.28151	-7.6571	0	1	90	0	4.6562	1	9	3.6562	0	-7.3438	3	-1	1	0	0	0	0
9	80.604	-0.28151	-7.6893	-0.28151	-7.6893	0	1	90	0	4.6562	1	9	3.6562	0	-7.3438	3	-1	1	0	0	0	0
9	97.181	-0.2614	-7.6893	-0.2614	-7.6893	0	1	90	0	4.6562	1	9	3.6562	0	-7.3438	3	-1	1	0	0	0	0
9	113.73	-0.24129	-7.6893	-0.24129	-7.6893	0	1	90	0	4.6562	1	9	3.6562	0	-7.3438	3	-1	1	0	0	0	0
9	130.33	-0.22119	-7.6893	-0.22119	-7.6893	0	1	90	0	4.6562	1	9	3.6562	0	-7.3438	3	-1	1	0	0	0	0
9	146.91	-0.20108	-7.6893	-0.20108	-7.6893	0	1	90	0	4.6562	1	9	3.6562	0	-7.3438	3	-1	1	0	0	0	0
9	163.52	-0.20108	-7.6893	-0.20108	-7.6893	0	1	90	0	4.6562	1	9	3.6562	0	-7.3438	3	-1	1	0	0	0	0
9	180.16	-0.20108	-7.6893	-0.20108	-7.6893	0	1	90	0	4.6562	1	9	3.6562	0	-7.3438	3	-1	1	0	0	0	0
9	196.78	-0.20108	-7.6893	-0.20108	-7.6893	0	1	90	0	4.6562	1	9	3.6562	0	-7.3438	3	-1	1	0	0	0	0
9	213.42	-0.20108	-7.7214	-0.20108	-7.7214	0	1	90	0	4.6562	1	9	3.6562	0	-7.3438	3	-1	1	0	0	0	0
9	229.92	-0.20108	-7.7214	-0.20108	-7.7214	0	1	90	0	4.6562	1	9	3.6562	0	-7.3438	3	-1	1	0	0	0	0
9	246.52	-0.20108	-7.6893	-0.20108	-7.6893	0	1	90	0	4.6562	1	9	3.6562	0	-7.3438	3	-1	1	0	0	0	0
9	263.07	-0.20108	-7.6893	-0.20108	-7.6893	0	1	90	0	4.6562	1	9	3.6562	0	-7.3438	3	-1	1	0	0	0	0
9	279.7	-0.20108	-7.6893	-0.20108	-7.6893	0	1	90	0	4.6562	1	9	3.6562	0	-7.3438	3	-1	1	0	0	0	0
9	296.33	-0.20108	-7.6571	-0.20108	-7.6571	0	1	90	0	4.6562	1	9	3.6562	0	-7.3438	3	-1	1	0	0	0	0
9	312.92	-0.20108	-7.6571	-0.20108	-7.6571	0	1	90	0	4.6562	1	9	3.6562	0	-7.3438	3	-1	1	1	0	0	0
9	329.5	-0.22119	-7.6249	-0.22119	-7.6249	0	1	90	0	4.6562	1	9	3.6562	0	-7.3438	3	-1	1	1	0	0	0
9	346.07	-0.22119	-7.5606	-0.22119	-7.5606	0	1	90	0	4.6562	1	9	3.6562	0	-7.3438	3	-1	1	1	0	0	0
9	362.67	-0.28151	-7.3354	-0.28151	-7.3354	0	1	90	0	4.6562	1	9	3.6562	0	-7.3438	3	-1	1	1	0	0	0
9	379.34	-0.36194	-6.9171	-0.36194	-6.9171	0	1	90	0	4.6562	1	9	3.6562	0	-7.3438	3	-1	1	1	0	0	0
9	395.83	-0.42227	-6.6919	-0.42227	-6.6919	0	1	90	0	4.6562	1	9	3.6562	0	-7.3438	3	-1	1	1	0	0	0
9	412.48	-0.48259	-6.1771	-0.48259	-6.1771	0	1	90	0	4.6562	1	9	3.6562	0	-7.3438	3	-1	1	1	0	0	0
9	429.08	-0.52281	-5.9519	-0.52281	-5.9519	0	1	90	0	4.6562	1	9	3.6562	0	-7.3438	3	-1	1	1	0	0	0
9	445.61	-0.58313	-5.4693	-0.58313	-5.4693	0	1	90	0	4.6562	1	9	3.6562	0	-7.3438	3	-1	1	1	0	0	0
9	462.26	-0.64345	-5.0189	-0.64345	-5.0189	0	1	90	0	4.6562	1	9	3.6562	0	-7.3438	3	-1	1	1	0	0	0
9	478.78	-0.68367	-4.5363	-0.68367	-4.5363	0	2	90	0	4.6562	1	9	3.6562	0	-7.3438	3	-1	1	1	0	0	0
9	495.43	-0.72388	-4.279	-0.72388	-4.279	0	2	90	0	4.6562	1	9	3.6562	0	-7.3438	3	-1	1	1	0	0	0
9	511.96	-0.7641	-3.732	-0.7641	-3.732	0	2	90	0	4.6562	1	9	3.6562	0	-7.3438	3	-1	1	1	0	0	0
9	528.57	-0.78421	-3.5068	-0.78421	-3.5068	0	2	90	0	4.6562	1	9	3.6562	0	-7.3438	3	-1	1	1	0	0	0
9	545.23	-0.82442	-2.9921	-0.82442	-2.9921	0	2	90	0	4.6562	1	9	3.6562	0	-7.3438	3	-1	1	1	0	1	0
9	561.8	-0.84453	-2.5095	-0.84453	-2.5095	0	2	90	0	4.6562	1	9	3.6562	0	-7.3438	3	-1	1	1	0	0	0
9	578.39	-0.86464	-1.9625	-0.86464	-1.9625	0	2	90	0	4.6562	1	9	3.6562	0	-7.3438	3	-1	1	1	0	0	0
9	595	-0.84453	-1.7051	-0.84453	-1.7051	0	2	90	0	4.6562	1	9	3.6562	0	-7.3438	3	-1	1	1	0	0	0
9	611.6	-0.82442	-1.1904	-0.82442	-1.1904	0	2	90	0	4.6562	1	9	3.6562	0	-7.3438	3	-1	1	1	0	0	0
9	628.22	-0.80432	-0.93301	-0.80432	-0.93301	0	2	90	0	4.6562	1	9	3.6562	0	-7.3438	3	-1	1	1	0	0	0
9	644.8	-0.7641	-0.51476	-0.7641	-0.51476	0	2	90	0	4.6562	1	9	3.6562	0	-7.3438	3	-1	1	1	0	0	0
9	661.35	-0.72388	-0.096518	-0.72388	-0.096518	0	2	90	0	4.6562	1	9	3.6562	0	-7.3438	3	-1	1	1	0	0	0
9	677.94	-0.68367	0.28955	-0.68367	0.28955	0	2	90	0	4.6562	1	9	3.6562	0	-7.3438	3	-1	1	1	0	0	0
9	694.55	-0.66356	0.48259	-0.66356	0.48259	0	2	90	0	4.6562	1	9	3.6562	0	-7.3438	3	-1	1	1	0	0	0
9	711.16	-0.64345	0.80432	-0.64345	0.80432	0	2	90	0	4.6562	1	9	3.6562	0	-7.3438	3	-1	1	1	0	0	0
9	727.73	-0.62334	0.93301	-0.62334	0.93301	0	2	90	0	4.6562	1	9	3.6562	0	-7.3438	3	-1	1	1	0	0	0
9	744.35	-0.62334	1.1582	-0.62334	1.1582	0	2	90	0	4.6562	1	9	3.6562	0	-7.3438	3	-1	1	1	0	0	0
9	760.93	-0.60324	1.2547	-0.60324	1.2547	0	2	90	0	4.6562	1	9	3.6562	0	-7.3438	3	-1	1	1	0	0	0
9	777.51	-0.60324	1.3191	-0.60324	1.3191	0	2	90	0	4.6562	1	9	3.6562	0	-7.3438	3	-1	1	0	0	0	0
9	794.08	-0.60324	1.3513	-0.60324	1.3512	0	2	90	0	4.6562	1	9	3.6562	0	-7.3438	3	-1	1	0	0	0	0
9	810.62	-0.60324	1.3834	-0.60324	1.3834	0	2	90	0	4.6562	1	9	3.6562	0	-7.3438	3	-1	1	0	0	0	0
9	827.24	-0.60324	1.3834	-0.60324	1.3834	0	2	90	0	4.6562	1	9	3.6562	0	-7.3438	3	-1	1	0	0	0	0
9	843.88	-0.60324	1.4156	-0.60324	1.4156	0	2	90	0	4.6562	1	9	3.6562	0	-7.3438	3	-1	1	0	0	0	0
9	860.5	-0.60324	1.4156	-0.60324	1.4156	0	3	90	0	4.6562	1	9	3.6562	0	-7.3438	3	-1	1	0	0	0	0
10	30.532	-0.24129	-7.6571	-0.24129	-7.6571	0	1	75	3.1058	4.2473	1	12.106	3.2474	0	-7.3438	3	-1	1	0	0	0	0
10	47.131	-0.22119	-7.6571	-0.22119	-7.6571	0	1	75	3.1058	4.2473	1	12.106	3.2474	0	-7.3438	3	-1	1	0	0	0	0
10	63.67	-0.22119	-7.6571	-0.22119	-7.6571	0	1	75	3.1058	4.2473	1	12.106	3.2474	0	-7.3438	3	-1	1	0	0	0	0
10	80.292	-0.22119	-7.6571	-0.22119	-7.6571	0	1	75	3.1058	4.2473	1	12.106	3.2474	0	-7.3438	3	-1	1	0	0	0	0
10	96.878	-0.22119	-7.6571	-0.22119	-7.6571	0	1	75	3.1058	4.2473	1	12.106	3.2474	0	-7.3438	3	-1	1	0	0	0	0
10	113.47	-0.22119	-7.6571	-0.22119	-7.6571	0	1	75	3.1058	4.2473	1	12.106	3.2474	0	-7.3438	3	-1	1	0	0	0	0
10	130.09	-0.22119	-7.6571	-0.22119	-7.6571	0	1	75	3.1058	4.2473	1	12.106	3.2474	0	-7.3438	3	-1	1	0	0	0	0
10	146.68	-0.22119	-7.6571	-0.22119	-7.6571	0	1	75	3.1058	4.2473	1	12.106	3.2474	0	-7.3438	3	-1	1	0	0	0	0
10	163.38	-0.22119	-7.6571	-0.22119	-7.6571	0	1	75	3.1058	4.2473	1	12.106	3.2474	0	-7.3438	3	-1	1	0	0	0	0
10	179.9	-0.22119	-7.6571	-0.22119	-7.6571	0	1	75	3.1058	4.2473	1	12.106	3.2474	0	-7.3438	3	-1	1	0	0	0	0
10	196.46	-0.22119	-7.6249	-0.22119	-7.6249	0	1	75	3.1058	4.2473	1	12.106	3.2474	0	-7.3438	3	-1	1	0	0	0	0
10	213.02	-0.22119	-7.6249	-0.22119	-7.6249	0	1	75	3.1058	4.2473	1	12.106	3.2474	0	-7.3438	3	-1	1	0	0	0	0
10	229.82	-0.22119	-7.6249	-0.22119	-7.6249	0	1	75	3.1058	4.2473	1	12.106	3.2474	0	-7.3438	3	-1	1	0	0	0	0
10	246.28	-0.22119	-7.5927	-0.22119	-7.5927	0	1	75	3.1058	4.2473	1	12.106	3.2474	0	-7.3438	3	-1	1	1	0	0	0
10	262.89	-0.22119	-7.5927	-0.22119	-7.5927	0	1	75	3.1058	4.2473	1	12.106	3.2474	0	-7.3438	3	-1	1	1	0	0	0
10	279.46	-0.24129	-7.464	-0.24129	-7.464	0	1	75	3.1058	4.2473	1	12.106	3.2474	0	-7.3438	3	-1	1	1	0	0	0
10	296.05	-0.28151	-7.0458	-0.28151	-7.0458	0	1	75	3.1058	4.2473	1	12.106	3.2474	0	-7.3438	3	-1	1	1	0	0	0
10	312.57	-0.2614	-6.3058	-0.2614	-6.3058	0	1	75	3.1058	4.2473	1	12.106	3.2474	0	-7.3438	3	-1	1	1	0	0	0
10	329.18	-0.24129	-5.8876	-0.24129	-5.8876	0	1	75	3.1058	4.2473	1	12.106	3.2474	0	-7.3438	3	-1	1	1	0	0	0
10	345.85	-0.18097	-5.0189	-0.18097	-5.0189	0	1	75	3.1058	4.2473	1	12.106	3.2474	0	-7.3438	3	-1	1	1	0	0	0
10	362.45	-0.14076	-4.6329	-0.14076	-4.6329	0	2	75	3.1058	4.2473	1	12.106	3.2474	0	-7.3438	3	-1	1	1	0	0	0
10	379.06	-0.040216	-3.8607	-0.040216	-3.8607	0	2	75	3.1058	4.2473	1	12.106	3.2474	0	-7.3438	3	-1	1	1	0	1	0
10	395.63	0.060324	-3.1529	0.060324	-3.1529	0	2	75	3.1058	4.2473	1	12.106	3.2474	0	-7.3438	3	-1	1	1	0	0	0
10	412.18	0.20108	-2.4451	0.20108	-2.4451	0	2	75	3.1058	4.2473	1	12.106	3.2474	0	-7.3438	3	-1	1	1	0	0	0
10	428.75	0.28151	-2.0912	0.28151	-2.0912	0	2	75	3.1058	4.2473	1	12.106	3.2474	0	-7.3438	3	-1	1	1	0	0	0
10	445.35	0.52281	-1.3513	0.52281	-1.3512	0	2	75	3.1058	4.2473	1	12.106	3.2474	0	-7.3438	3	-1	1	1	0	0	0
10	462.03	0.64345	-0.96518	0.64345	-0.96518	0	2	75	3.1058	4.2473	1	12.106	3.2474	0	-7.3438	3	-1	1	1	0	0	0
10	478.57	0.92496	-0.22521	0.92496	-0.22521	0	2	75	3.1058	4.2473	1	12.106	3.2474	0	-7.3438	3	-1	1	1	0	0	0
10	495.14	1.2266	0.48259	1.2266	0.48259	0	2	75	3.1058	4.2473	1	12.106	3.2474	0	-7.3438	3	-1	1	1	0	0	0
10	511.78	1.5081	1.126	1.5081	1.126	0	2	75	3.1058	4.2473	1	12.106	3.2474	0	-7.3438	3	-1	1	1	0	0	0
10	528.37	1.6488	1.3834	1.6488	1.3834	0	2	75	3.1058	4.2473	1	12.106	3.2474	0	-7.3438	3	-1	1	1	0	0	0
10	544.95	1.9505	1.8982	1.9505	1.8982	0	2	75	3.1058	4.2473	1	12.106	3.2474	0	-7.3438	3	-1	1	1	0	0	0
10	561.54	2.0711	2.1234	2.0711	2.1234	0	2	75	3.1058	4.2473	1	12.106	3.2474	0	-7.3438	3	-1	1	1	0	0	0
10	578.12	2.2923	2.5095	2.2923	2.5095	0	2	75	3.1058	4.2473	1	12.106	3.2474	0	-7.3438	3	-1	1	1	0	0	0
10	594.72	2.4129	2.7347	2.4129	2.7347	0	2	75	3.1058	4.2473	1	12.106	3.2474	0	-7.3438	3	-1	1	0	0	0	0
10	611.34	2.4331	2.799	2.4331	2.799	0	2	75	3.1058	4.2473	1	12.106	3.2474	0	-7.3438	3	-1	1	0	0	0	0
10	627.94	2.4532	2.8312	2.4532	2.8312	0	2	75	3.1058	4.2473	1	12.106	3.2474	0	-7.3438	3	-1	1	0	0	0	0
10	644.53	2.4532	2.8634	2.4532	2.8634	0	2	75	3.1058	4.2473	1	12.106	3.2474	0	-7.3438	3	-1	1	0	0	0	0
10	661.11	2.4532	2.8634	2.4532	2.8634	0	2	75	3.1058	4.2473	1	12.106	3.2474	0	-7.3438	3	-1	1	0	0	0	0
10	677.67	2.4532	2.8634	2.4532	2.8634	0	2	75	3.1058	4.2473	1	12.106	3.2474	0	-7.3438	3	-1	1	0	0	0	0
10	694.3	2.4532	2.8312	2.4532	2.8312	0	2	75	3.1058	4.2473	1	12.106	3.2474	0	-7.3438	3	-1	1	0	0	0	0
10	710.93	2.4532	2.8312	2.4532	2.8312	0	2	75	3.1058	4.2473	1	12.106	3.2474	0	-7.3438	3	-1	1	0	0	0	0
10	727.49	2.4532	2.8312	2.4532	2.8312	0	3	75	3.1058	4.2473	1	12.106	3.2474	0	-7.3438	3	-1	1	0	0	0	0
11	31.039	0.16086	-7.6249	0.16086	-7.6249	0	1	105	-3.1058	4.2473	1	5.8942	3.2474	0	-7.3438	3	-1	1	0	0	0	0
11	47.636	0.14076	-7.6571	0.14076	-7.6571	0	1	105	-3.1058	4.2473	1	5.8942	3.2474	0	-7.3438	3	-1	1	0	0	0	0
11	64.226	0.14076	-7.6893	0.14076	-7.6893	0	1	105	-3.1058	4.2473	1	5.8942	3.2474	0	-7.3438	3	-1	1	0	0	0	0
11	80.807	0.14076	-7.6893	0.14076	-7.6893	0	1	105	-3.1058	4.2473	1	5.8942	3.2474	0	-7.3438	3	-1	1	0	0	0	0
11	97.494	0.14076	-7.6893	0.14076	-7.6893	0	1	105	-3.1058	4.2473	1	5.8942	3.2474	0	-7.3438	3	-1	1	0	0	0	0
11	114.02	0.14076	-7.6893	0.14076	-7.6893	0	1	105	-3.1058	4.2473	1	5.8942	3.2474	0	-7.3438	3	-1	1	0	0	0	0
11	130.65	0.14076	-7.6893	0.14076	-7.6893	0	1	105	-3.1058	4.2473	1	5.8942	3.2474	0	-7.3438	3	-1	1	0	0	0	0
11	147.13	0.14076	-7.6893	0.14076	-7.6893	0	1	105	-3.1058	4.2473	1	5.8942	3.2474	0	-7.3438	3	-1	1	0	0	0	0
11	163.77	0.14076	-7.6893	0.14076	-7.6893	0	1	105	-3.1058	4.2473	1	5.8942	3.2474	0	-7.3438	3	-1	1	0	0	0	0
11	180.35	0.14076	-7.6571	0.14076	-7.6571	0	1	105	-3.1058	4.2473	1	5.8942	3.2474	0	-7.3438	3	-1	1	0	0	0	0
11	196.94	0.14076	-7.6571	0.14076	-7.6571	0	1	105	-3.1058	4.2473	1	5.8942	3.2474	0	-7.3438	3	-1	1	0	0	0	0
11	213.62	0.14076	-7.6571	0.14076	-7.6571	0	1	105	-3.1058	4.2473	1	5.8942	3.2474	0	-7.3438	3	-1	1	0	0	0	0
11	230.16	0.14076	-7.6571	0.14076	-7.6571	0	1	105	-3.1058	4.2473	1	5.8942	3.2474	0	-7.3438	3	-1	1	0	0	0	0
11	246.72	0.14076	-7.6571	0.14076	-7.6571	0	1	105	-3.1058	4.2473	1	5.8942	3.2474	0	-7.3438	3	-1	1	0	0	0	0
11	263.35	0.14076	-7.6249	0.14076	-7.6249	0	1	105	-3.1058	4.2473	1	5.8942	3.2474	0	-7.3438	3	-1	1	0	0	0	0
11	279.85	0.14076	-7.6249	0.14076	-7.6249	0	1	105	-3.1058	4.2473	1	5.8942	3.2474	0	-7.3438	3	-1	1	1	0	0	0
11	296.56	0.12065	-7.5927	0.12065	-7.5927	0	1	105	-3.1058	4.2473	1	5.8942	3.2474	0	-7.3438	3	-1	1	1	0	0	0
11	313.11	0.080432	-7.5284	0.080432	-7.5284	0	1	105	-3.1058	4.2473	1	5.8942	3.2474	0	-7.3438	3	-1	1	1	0	0	0
11	329.73	0.020108	-7.4319	0.020108	-7.4319	0	1	105	-3.1058	4.2473	1	5.8942	3.2474	0	-7.3438	3	-1	1	1	0	0	0
11	346.31	-0.12065	-7.078	-0.12065	-7.078	0	1	105	-3.1058	4.2473	1	5.8942	3.2474	0	-7.3438	3	-1	1	1	0	0	0
11	362.92	-0.24129	-6.6276	-0.24129	-6.6276	0	1	105	-3.1058	4.2473	1	5.8942	3.2474	0	-7.3438	3	-1	1	1	0	0	0
11	379.49	-0.28151	-6.3702	-0.28151	-6.3702	0	1	105	-3.1058	4.2473	1	5.8942	3.2474	0	-7.3438	3	-1	1	1	0	0	0
11	396.04	-0.40216	-5.9198	-0.40216	-5.9198	0	1	105	-3.1058	4.2473	1	5.8942	3.2474	0	-7.3438	3	-1	1	1	0	0	0
11	412.63	-0.52281	-5.5015	-0.52281	-5.5015	0	1	105	-3.1058	4.2473	1	5.8942	3.2474	0	-7.3438	3	-1	1	1	0	0	0
11	429.31	-0.58313	-5.2763	-0.58313	-5.2763	0	1	105	-3.1058	4.2473	1	5.8942	3.2474	0	-7.3438	3	-1	1	1	0	0	0
11	445.93	-0.70378	-4.8259	-0.70378	-4.8259	0	2	105	-3.1058	4.2473	1	5.8942	3.2474	0	-7.3438	3	-1	1	1	0	0	0
11	462.45	-0.84453	-4.3433	-0.84453	-4.3433	0	2	105	-3.1058	4.2473	1	5.8942	3.2474	0	-7.3438	3	-1	1	1	0	0	0
11	479	-0.92496	-4.0859	-0.92496	-4.0859	0	2	105	-3.1058	4.2473	1	5.8942	3.2474	0	-7.3438	3	-1	1	1	0	1	0
11	495.61	-1.0858	-3.539	-1.0858	-3.539	0	2	105	-3.1058	4.2473	1	5.8942	3.2474	0	-7.3438	3	-1	1	1	0	0	0
11	512.24	-1.2668	-3.0242	-1.2668	-3.0242	0	2	105	-3.1058	4.2473	1	5.8942	3.2474	0	-7.3438	3	-1	1	1	0	0	0
11	528.83	-1.3472	-2.799	-1.3472	-2.799	0	2	105	-3.1058	4.2473	1	5.8942	3.2474	0	-7.3438	3	-1	1	1	0	0	0
11	545.47	-1.5282	-2.3808	-1.5282	-2.3808	0	2	105	-3.1058	4.2473	1	5.8942	3.2474	0	-7.3438	3	-1	1	1	0	0	0
11	562.07	-1.6287	-2.1556	-1.6287	-2.1556	0	2	105	-3.1058	4.2473	1	5.8942	3.2474	0	-7.3438	3	-1	1	1	0	0	0
11	578.59	-1.8298	-1.7051	-1.8298	-1.7051	0	2	105	-3.1058	4.2473	1	5.8942	3.2474	0	-7.3438	3	-1	1	1	0	0	0
11	595.19	-2.051	-1.2547	-2.051	-1.2547	0	2	105	-3.1058	4.2473	1	5.8942	3.2474	0	-7.3438	3	-1	1	1	0	0	0
11	611.78	-2.3124	-0.80432	-2.3124	-0.80432	0	2	105	-3.1058	4.2473	1	5.8942	3.2474	0	-7.3438	3	-1	1	1	0	0	0
11	628.39	-2.4331	-0.57911	-2.4331	-0.57911	0	2	105	-3.1058	4.2473	1	5.8942	3.2474	0	-7.3438	3	-1	1	1	0	0	0
11	645.08	-2.6542	-0.16086	-2.6542	-0.16086	0	2	105	-3.1058	4.2473	1	5.8942	3.2474	0	-7.3438	3	-1	1	1	0	0	0
11	661.63	-2.7749	0.064345	-2.7749	0.064345	0	2	105	-3.1058	4.2473	1	5.8942	3.2474	0	-7.3438	3	-1	1	1	0	0	0
11	678.2	-2.976	0.41824	-2.976	0.41824	0	2	105	-3.1058	4.2473	1	5.8942	3.2474	0	-7.3438	3	-1	1	1	0	0	0
11	694.75	-3.177	0.73997	-3.177	0.73997	0	2	105	-3.1058	4.2473	1	5.8942	3.2474	0	-7.3438	3	-1	1	1	0	0	0
11	711.34	-3.2977	0.93301	-3.2977	0.93301	0	2	105	-3.1058	4.2473	1	5.8942	3.2474	0	-7.3438	3	-1	1	1	0	0	0
11	727.97	-3.358	1.0295	-3.358	1.0295	0	2	105	-3.1058	4.2473	1	5.8942	3.2474	0	-7.3438	3	-1	1	1	0	0	0
11	744.61	-3.3982	1.126	-3.3982	1.126	0	2	105	-3.1058	4.2473	1	5.8942	3.2474	0	-7.3438	3	-1	1	0	0	0	0
11	761.12	-3.4183	1.1582	-3.4183	1.1582	0	2	105	-3.1058	4.2473	1	5.8942	3.2474	0	-7.3438	3	-1	1	0	0	0	0
11	777.73	-3.4384	1.1582	-3.4384	1.1582	0	2	105	-3.1058	4.2473	1	5.8942	3.2474	0	-7.3438	3	-1	1	0	0	0	0
11	794.34	-3.4384	1.1904	-3.4384	1.1904	0	2	105	-3.1058	4.2473	1	5.8942	3.2474	0	-7.3438	3	-1	1	0	0	0	0
11	810.93	-3.4384	1.1904	-3.4384	1.1904	0	2	105	-3.1058	4.2473	1	5.8942	3.2474	0	-7.3438	3	-1	1	0	0	0	0
11	827.53	-3.4384	1.1904	-3.4384	1.1904	0	2	105	-3.1058	4.2473	1	5.8942	3.2474	0	-7.3438	3	-1	1	0	0	0	0
11	844.12	-3.4384	1.1904	-3.4384	1.1904	0	2	105	-3.1058	4.2473	1	5.8942	3.2474	0	-7.3438	3	-1	1	0	0	0	0
11	860.71	-3.4384	1.1904	-3.4384	1.1904	0	3	105	-3.1058	4.2473	1	5.8942	3.2474	0	-7.3438	3	-1	1	0	0	0	0
