0	6.9039	0.080432	-7.5284	0.080432	-7.5284	0	1	105	-3.1058	4.2473	-1	-12.106	3.2474	0	-7.3438	3	-1	1	0	0	0	0
0	23.446	0.080432	-7.5284	0.080432	-7.5284	0	1	105	-3.1058	4.2473	-1	-12.106	3.2474	0	-7.3438	3	-1	1	0	0	0	0
0	40.039	0.080432	-7.5284	0.080432	-7.5284	0	1	105	-3.1058	4.2473	-1	-12.106	3.2474	0	-7.3438	3	-1	1	0	0	0	0
0	56.607	0.080432	-7.5284	0.080432	-7.5284	0	1	105	-3.1058	4.2473	-1	-12.106	3.2474	0	-7.3438	3	-1	1	0	0	0	0
0	73.196	0.080432	-7.5284	0.080432	-7.5284	0	1	105	-3.1058	4.2473	-1	-12.106	3.2474	0	-7.3438	3	-1	1	0	0	0	0
0	89.773	0.080432	-7.5284	0.080432	-7.5284	0	1	105	-3.1058	4.2473	-1	-12.106	3.2474	0	-7.3438	3	-1	1	0	0	0	0
0	106.41	0.080432	-7.5284	0.080432	-7.5284	0	1	105	-3.1058	4.2473	-1	-12.106	3.2474	0	-7.3438	3	-1	1	0	0	0	0
0	122.96	0.080432	-7.5284	0.080432	-7.5284	0	1	105	-3.1058	4.2473	-1	-12.106	3.2474	0	-7.3438	3	-1	1	0	0	0	0
0	139.8	0.080432	-7.5284	0.080432	-7.5284	0	1	105	-3.1058	4.2473	-1	-12.106	3.2474	0	-7.3438	3	-1	1	0	0	0	0
0	156.25	0.080432	-7.5284	0.080432	-7.5284	0	1	105	-3.1058	4.2473	-1	-12.106	3.2474	0	-7.3438	3	-1	1	0	0	0	0
0	172.85	0.080432	-7.5284	0.080432	-7.5284	0	1	105	-3.1058	4.2473	-1	-12.106	3.2474	0	-7.3438	3	-1	1	0	0	0	0
0	189.37	0.080432	-7.5284	0.080432	-7.5284	0	1	105	-3.1058	4.2473	-1	-12.106	3.2474	0	-7.3438	3	-1	1	0	0	0	0
0	205.96	0.080432	-7.5284	0.080432	-7.5284	0	1	105	-3.1058	4.2473	-1	-12.106	3.2474	0	-7.3438	3	-1	1	0	0	0	0
0	222.62	0.080432	-7.5284	0.080432	-7.5284	0	1	105	-3.1058	4.2473	-1	-12.106	3.2474	0	-7.3438	3	-1	1	0	0	0	0
0	239.19	0.080432	-7.5284	0.080432	-7.5284	0	1	105	-3.1058	4.2473	-1	-12.106	3.2474	0	-7.3438	3	-1	1	0	0	0	0
0	255.83	0.080432	-7.5284	0.080432	-7.5284	0	1	105	-3.1058	4.2473	-1	-12.106	3.2474	0	-7.3438	3	-1	1	0	0	0	0
0	272.42	0.080432	-7.5284	0.080432	-7.5284	0	1	105	-3.1058	4.2473	-1	-12.106	3.2474	0	-7.3438	3	-1	1	0	0	0	0
0	288.97	0.080432	-7.5284	0.080432	-7.5284	0	1	105	-3.1058	4.2473	-1	-12.106	3.2474	0	-7.3438	3	-1	1	0	0	0	0
0	305.5	0.080432	-7.5284	0.080432	-7.5284	0	1	105	-3.1058	4.2473	-1	-12.106	3.2474	0	-7.3438	3	-1	1	0	0	0	0
0	322.23	0.080432	-7.5284	0.080432	-7.5284	0	1	105	-3.1058	4.2473	-1	-12.106	3.2474	0	-7.3438	3	-1	1	0	0	0	0
0	338.81	0.080432	-7.5284	0.080432	-7.5284	0	1	105	-3.1058	4.2473	-1	-12.106	3.2474	0	-7.3438	3	-1	1	0	0	0	0
0	355.32	0.080432	-7.5284	0.080432	-7.5284	0	1	105	-3.1058	4.2473	-1	-12.106	3.2474	0	-7.3438	3	-1	1	0	0	0	0
0	372.02	0.080432	-7.5284	0.080432	-7.5284	0	1	105	-3.1058	4.2473	-1	-12.106	3.2474	0	-7.3438	3	-1	1	0	0	0	0
0	388.53	0.080432	-7.5284	0.080432	-7.5284	0	1	105	-3.1058	4.2473	-1	-12.106	3.2474	0	-7.3438	3	-1	1	0	0	0	0
0	405.29	0.080432	-7.5284	0.080432	-7.5284	0	1	105	-3.1058	4.2473	-1	-12.106	3.2474	0	-7.3438	3	-1	1	0	0	0	0
0	421.86	0.080432	-7.5284	0.080432	-7.5284	0	1	105	-3.1058	4.2473	-1	-12.106	3.2474	0	-7.3438	3	-1	1	0	0	0	0
0	438.47	0.080432	-7.5284	0.080432	-7.5284	0	1	105	-3.1058	4.2473	-1	-12.106	3.2474	0	-7.3438	3	-1	1	0	0	0	0
0	455.15	0.080432	-7.5284	0.080432	-7.5284	0	1	105	-3.1058	4.2473	-1	-12.106	3.2474	0	-7.3438	3	-1	1	0	0	0	0
0	471.73	0.080432	-7.5284	0.080432	-7.5284	0	1	105	-3.1058	4.2473	-1	-12.106	3.2474	0	-7.3438	3	-1	1	0	0	0	0
0	488.36	0.080432	-7.5284	0.080432	-7.5284	0	1	105	-3.1058	4.2473	-1	-12.106	3.2474	0	-7.3438	3	-1	1	0	0	0	0
0	504.87	0.080432	-7.5284	0.080432	-7.5284	0	1	105	-3.1058	4.2473	-1	-12.106	3.2474	0	-7.3438	3	-1	1	0	0	0	0
0	521.39	0.080432	-7.5284	0.080432	-7.5284	0	1	105	-3.1058	4.2473	-1	-12.106	3.2474	0	-7.3438	3	-1	1	0	0	0	0
0	538	0.080432	-7.5284	0.080432	-7.5284	0	1	105	-3.1058	4.2473	-1	-12.106	3.2474	0	-7.3438	3	-1	1	0	0	0	0
0	554.6	0.080432	-7.5284	0.080432	-7.5284	0	1	105	-3.1058	4.2473	-1	-12.106	3.2474	0	-7.3438	3	-1	1	0	0	0	0
0	571.17	0.080432	-7.5284	0.080432	-7.5284	0	1	105	-3.1058	4.2473	-1	-12.106	3.2474	0	-7.3438	3	-1	1	0	0	0	0
0	587.85	0.080432	-7.5284	0.080432	-7.5284	0	1	105	-3.1058	4.2473	-1	-12.106	3.2474	0	-7.3438	3	-1	1	0	0	0	0
0	604.43	0.080432	-7.5284	0.080432	-7.5284	0	1	105	-3.1058	4.2473	-1	-12.106	3.2474	0	-7.3438	3	-1	1	0	0	0	0
0	620.98	0.080432	-7.5284	0.080432	-7.5284	0	1	105	-3.1058	4.2473	-1	-12.106	3.2474	0	-7.3438	3	-1	1	0	0	0	0
0	637.58	0.080432	-7.5284	0.080432	-7.5284	0	1	105	-3.1058	4.2473	-1	-12.106	3.2474	0	-7.3438	3	-1	1	0	0	0	0
0	654.1	0.080432	-7.5284	0.080432	-7.5284	0	1	105	-3.1058	4.2473	-1	-12.106	3.2474	0	-7.3438	3	-1	1	0	0	0	0
0	670.84	0.080432	-7.5284	0.080432	-7.5284	0	1	105	-3.1058	4.2473	-1	-12.106	3.2474	0	-7.3438	3	-1	1	0	0	0	0
0	687.41	0.080432	-7.5284	0.080432	-7.5284	0	1	105	-3.1058	4.2473	-1	-12.106	3.2474	0	-7.3438	3	-1	1	0	0	0	0
0	704.02	0.080432	-7.4962	0.080432	-7.4962	0	1	105	-3.1058	4.2473	-1	-12.106	3.2474	0	-7.3438	3	-1	1	0	0	0	0
0	720.66	0.080432	-7.4962	0.080432	-7.4962	0	1	105	-3.1058	4.2473	-1	-12.106	3.2474	0	-7.3438	3	-1	1	1	0	0	0
0	737.21	0.040216	-7.4962	0.040216	-7.4962	0	1	105	-3.1058	4.2473	-1	-12.106	3.2474	0	-7.3438	3	-1	1	1	0	0	0
0	753.72	-0.080432	-7.4319	-0.080432	-7.4319	0	1	105	-3.1058	4.2473	-1	-12.106	3.2474	0	-7.3438	3	-1	1	1	0	0	0
0	770.28	-0.22119	-7.3032	-0.22119	-7.3032	0	1	105	-3.1058	4.2473	-1	-12.106	3.2474	0	-7.3438	3	-1	1	1	0	0	0
0	787.05	-0.30162	-7.2388	-0.30162	-7.2388	0	1	105	-3.1058	4.2473	-1	-12.106	3.2474	0	-7.3438	3	-1	1	1	0	0	0
0	803.54	-0.46248	-7.0458	-0.46248	-7.0458	0	1	105	-3.1058	4.2473	-1	-12.106	3.2474	0	-7.3438	3	-1	1	1	0	0	0
0	820.15	-0.54291	-6.9493	-0.54291	-6.9493	0	1	105	-3.1058	4.2473	-1	-12.106	3.2474	0	-7.3438	3	-1	1	1	0	0	0
0	836.88	-0.74399	-6.6919	-0.74399	-6.6919	0	1	105	-3.1058	4.2473	-1	-12.106	3.2474	0	-7.3438	3	-1	1	1	0	0	0
0	853.38	-0.96518	-6.4345	-0.96518	-6.4345	0	1	105	-3.1058	4.2473	-1	-12.106	3.2474	0	-7.3438	3	-1	1	1	0	0	0
0	870	-1.2065	-6.1128	-1.2065	-6.1128	0	1	105	-3.1058	4.2473	-1	-12.106	3.2474	0	-7.3438	3	-1	1	1	0	0	0
0	886.56	-1.3271	-5.9519	-1.3271	-5.9519	0	1	105	-3.1058	4.2473	-1	-12.106	3.2474	0	-7.3438	3	-1	1	1	0	0	0
0	903.11	-1.5885	-5.5659	-1.5885	-5.5659	0	1	105	-3.1058	4.2473	-1	-12.106	3.2474	0	-7.3438	3	-1	1	1	0	0	0
0	919.72	-1.6891	-5.405	-1.6891	-5.405	0	2	105	-3.1058	4.2473	-1	-12.106	3.2474	0	-7.3438	3	-1	1	1	0	0	0
0	936.33	-1.8901	-5.0833	-1.8901	-5.0833	0	2	105	-3.1058	4.2473	-1	-12.106	3.2474	0	-7.3438	3	-1	1	1	0	0	0
0	952.93	-2.0711	-4.7937	-2.0711	-4.7937	0	2	105	-3.1058	4.2473	-1	-12.106	3.2474	0	-7.3438	3	-1	1	1	0	0	0
0	969.51	-2.1918	-4.5363	-2.1918	-4.5363	0	2	105	-3.1058	4.2473	-1	-12.106	3.2474	0	-7.3438	3	-1	1	1	0	0	0
0	986.09	-2.2722	-4.4076	-2.2722	-4.4076	0	2	105	-3.1058	4.2473	-1	-12.106	3.2474	0	-7.3438	3	-1	1	1	0	0	0
0	1002.7	-2.4129	-4.1181	-2.4129	-4.1181	0	2	105	-3.1058	4.2473	-1	-12.106	3.2474	0	-7.3438	3	-1	1	1	0	0	0
0	1019.2	-2.4733	-3.9572	-2.4733	-3.9572	0	2	105	-3.1058	4.2473	-1	-12.106	3.2474	0	-7.3438	3	-1	1	1	0	0	0
0	1035.9	-2.6341	-3.6677	-2.6341	-3.6677	0	2	105	-3.1058	4.2473	-1	-12.106	3.2474	0	-7.3438	3	-1	1	1	0	0	0
0	1052.5	-2.7749	-3.3781	-2.7749	-3.3781	0	2	105	-3.1058	4.2473	-1	-12.106	3.2474	0	-7.3438	3	-1	1	1	0	0	0
0	1069.1	-2.9358	-3.0886	-2.9358	-3.0886	0	2	105	-3.1058	4.2473	-1	-12.106	3.2474	0	-7.3438	3	-1	1	1	0	0	0
0	1085.6	-3.0363	-2.9277	-3.0363	-2.9277	0	2	105	-3.1058	4.2473	-1	-12.106	3.2474	0	-7.3438	3	-1	1	1	0	0	0
0	1102.4	-3.1972	-2.5738	-3.1972	-2.5738	0	2	105	-3.1058	4.2473	-1	-12.106	3.2474	0	-7.3438	3	-1	1	1	0	0	0
0	1118.8	-3.2776	-2.3808	-3.2776	-2.3808	0	2	105	-3.1058	4.2473	-1	-12.106	3.2474	0	-7.3438	3	-1	1	1	0	1	0
0	1135.4	-3.4384	-1.9947	-3.4384	-1.9947	0	2	105	-3.1058	4.2473	-1	-12.106	3.2474	0	-7.3438	3	-1	1	1	0	0	0
0	1152.1	-3.5993	-1.5765	-3.5993	-1.5765	0	2	105	-3.1058	4.2473	-1	-12.106	3.2474	0	-7.3438	3	-1	1	1	0	0	0
0	1168.7	-3.6797	-1.3834	-3.6797	-1.3834	0	2	105	-3.1058	4.2473	-1	-12.106	3.2474	0	-7.3438	3	-1	1	1	0	0	0
0	1185.2	-3.8406	-1.0295	-3.8406	-1.0295	0	2	105	-3.1058	4.2473	-1	-12.106	3.2474	0	-7.3438	3	-1	1	1	0	0	0
0	1201.8	-3.9613	-0.7078	-3.9613	-0.7078	0	2	105	-3.1058	4.2473	-1	-12.106	3.2474	0	-7.3438	3	-1	1	1	0	0	0
0	1218.4	-4.0216	-0.54693	-4.0216	-0.54693	0	2	105	-3.1058	4.2473	-1	-12.106	3.2474	0	-7.3438	3	-1	1	1	0	0	0
0	1235	-4.102	-0.22521	-4.102	-0.22521	0	2	105	-3.1058	4.2473	-1	-12.106	3.2474	0	-7.3438	3	-1	1	1	0	0	0
0	1251.6	-4.1824	0.064345	-4.1824	0.064345	0	2	105	-3.1058	4.2473	-1	-12.106	3.2474	0	-7.3438	3	-1	1	1	0	0	0
0	1268.2	-4.2025	0.19304	-4.2025	0.19304	0	2	105	-3.1058	4.2473	-1	-12.106	3.2474	0	-7.3438	3	-1	1	1	0	0	0
0	1284.8	-4.2629	0.48259	-4.2629	0.48259	0	2	105	-3.1058	4.2473	-1	-12.106	3.2474	0	-7.3438	3	-1	1	1	0	0	0
0	1301.4	-4.283	0.67563	-4.283	0.67562	0	2	105	-3.1058	4.2473	-1	-12.106	3.2474	0	-7.3438	3	-1	1	1	0	0	0
0	1318	-4.3031	0.77214	-4.3031	0.77214	0	2	105	-3.1058	4.2473	-1	-12.106	3.2474	0	-7.3438	3	-1	1	1	0	0	0
0	1334.6	-4.3232	0.93301	-4.3232	0.93301	0	2	105	-3.1058	4.2473	-1	-12.106	3.2474	0	-7.3438	3	-1	1	1	0	0	0
0	1351.2	-4.3232	1.0617	-4.3232	1.0617	0	2	105	-3.1058	4.2473	-1	-12.106	3.2474	0	-7.3438	3	-1	1	1	0	0	0
0	1367.8	-4.3433	1.126	-4.3433	1.126	0	2	105	-3.1058	4.2473	-1	-12.106	3.2474	0	-7.3438	3	-1	1	1	0	0	0
0	1384.4	-4.3433	1.2226	-4.3433	1.2226	0	2	105	-3.1058	4.2473	-1	-12.106	3.2474	0	-7.3438	3	-1	1	1	0	0	0
0	1401	-4.3634	1.3191	-4.3634	1.3191	0	2	105	-3.1058	4.2473	-1	-12.106	3.2474	0	-7.3438	3	-1	1	0	0	0	0
0	1417.5	-4.3634	1.3513	-4.3634	1.3512	0	2	105	-3.1058	4.2473	-1	-12.106	3.2474	0	-7.3438	3	-1	1	0	0	0	0
0	1434.1	-4.3634	1.3834	-4.3634	1.3834	0	3	105	-3.1058	4.2473	-1	-12.106	3.2474	0	-7.3438	3	-1	1	0	0	0	0
1	30.201	-0.56302	-7.4962	-0.56302	-7.4962	0	1	75	3.1058	4.2473	-1	-5.8942	3.2474	0	-7.3438	3	-1	1	1	0	0	0
1	46.795	-0.5027	-7.5284	-0.5027	-7.5284	0	1	75	3.1058	4.2473	-1	-5.8942	3.2474	0	-7.3438	3	-1	1	1	0	0	0
1	63.328	-0.40216	-7.5927	-0.40216	-7.5927	0	1	75	3.1058	4.2473	-1	-5.8942	3.2474	0	-7.3438	3	-1	1	1	0	0	0
1	79.893	-0.40216	-7.5927	-0.40216	-7.5927	0	1	75	3.1058	4.2473	-1	-5.8942	3.2474	0	-7.3438	3	-1	1	1	0	0	0
1	96.483	-0.40216	-7.5927	-0.40216	-7.5927	0	1	75	3.1058	4.2473	-1	-5.8942	3.2474	0	-7.3438	3	-1	1	1	0	0	0
1	113.11	-0.40216	-7.5927	-0.40216	-7.5927	0	1	75	3.1058	4.2473	-1	-5.8942	3.2474	0	-7.3438	3	-1	1	1	0	0	0
1	129.68	-0.40216	-7.5927	-0.40216	-7.5927	0	1	75	3.1058	4.2473	-1	-5.8942	3.2474	0	-7.3438	3	-1	1	1	0	0	0
1	146.24	-0.40216	-7.5927	-0.40216	-7.5927	0	1	75	3.1058	4.2473	-1	-5.8942	3.2474	0	-7.3438	3	-1	1	1	0	0	0
1	162.91	-0.36194	-7.6249	-0.36194	-7.6249	0	1	75	3.1058	4.2473	-1	-5.8942	3.2474	0	-7.3438	3	-1	1	1	0	0	0
1	179.51	-0.32173	-7.6249	-0.32173	-7.6249	0	1	75	3.1058	4.2473	-1	-5.8942	3.2474	0	-7.3438	3	-1	1	1	0	0	0
1	196.05	-0.24129	-7.6571	-0.24129	-7.6571	0	1	75	3.1058	4.2473	-1	-5.8942	3.2474	0	-7.3438	3	-1	1	1	0	0	0
1	212.62	-0.20108	-7.6571	-0.20108	-7.6571	0	1	75	3.1058	4.2473	-1	-5.8942	3.2474	0	-7.3438	3	-1	1	1	0	0	0
1	229.24	-0.18097	-7.6571	-0.18097	-7.6571	0	1	75	3.1058	4.2473	-1	-5.8942	3.2474	0	-7.3438	3	-1	1	1	0	0	0
1	245.85	-0.18097	-7.6571	-0.18097	-7.6571	0	1	75	3.1058	4.2473	-1	-5.8942	3.2474	0	-7.3438	3	-1	1	1	0	0	0
1	262.45	-0.16086	-7.6571	-0.16086	-7.6571	0	1	75	3.1058	4.2473	-1	-5.8942	3.2474	0	-7.3438	3	-1	1	1	0	0	0
1	279.05	-0.16086	-7.6571	-0.16086	-7.6571	0	1	75	3.1058	4.2473	-1	-5.8942	3.2474	0	-7.3438	3	-1	1	1	0	0	0
1	295.61	-0.14076	-7.6571	-0.14076	-7.6571	0	1	75	3.1058	4.2473	-1	-5.8942	3.2474	0	-7.3438	3	-1	1	1	0	0	0
1	312.22	-0.12065	-7.6571	-0.12065	-7.6571	0	1	75	3.1058	4.2473	-1	-5.8942	3.2474	0	-7.3438	3	-1	1	1	0	0	0
1	328.82	-0.080432	-7.6571	-0.080432	-7.6571	0	1	75	3.1058	4.2473	-1	-5.8942	3.2474	0	-7.3438	3	-1	1	1	0	0	0
1	345.4	-0.060324	-7.6249	-0.060324	-7.6249	0	1	75	3.1058	4.2473	-1	-5.8942	3.2474	0	-7.3438	3	-1	1	1	0	0	0
1	361.99	-0.040216	-7.6249	-0.040216	-7.6249	0	1	75	3.1058	4.2473	-1	-5.8942	3.2474	0	-7.3438	3	-1	1	1	0	0	0
1	378.7	-0.040216	-7.6249	-0.040216	-7.6249	0	1	75	3.1058	4.2473	-1	-5.8942	3.2474	0	-7.3438	3	-1	1	1	0	0	0
1	395.21	-0.040216	-7.6249	-0.040216	-7.6249	0	1	75	3.1058	4.2473	-1	-5.8942	3.2474	0	-7.3438	3	-1	1	1	0	0	0
1	411.81	-0.040216	-7.6249	-0.040216	-7.6249	0	1	75	3.1058	4.2473	-1	-5.8942	3.2474	0	-7.3438	3	-1	1	1	0	0	0
1	428.38	-0.040216	-7.6249	-0.040216	-7.6249	0	1	75	3.1058	4.2473	-1	-5.8942	3.2474	0	-7.3438	3	-1	1	1	0	0	0
1	444.99	-0.040216	-7.6249	-0.040216	-7.6249	0	1	75	3.1058	4.2473	-1	-5.8942	3.2474	0	-7.3438	3	-1	1	1	0	0	0
1	461.6	-0.040216	-7.5927	-0.040216	-7.5927	0	1	75	3.1058	4.2473	-1	-5.8942	3.2474	0	-7.3438	3	-1	1	1	0	0	0
1	478.29	-0.020108	-7.5927	-0.020108	-7.5927	0	1	75	3.1058	4.2473	-1	-5.8942	3.2474	0	-7.3438	3	-1	1	1	0	0	0
1	494.77	0	-7.5284	0	-7.5284	0	1	75	3.1058	4.2473	-1	-5.8942	3.2474	0	-7.3438	3	-1	1	1	0	0	0
1	511.36	0.020108	-7.4962	0.020108	-7.4962	0	1	75	3.1058	4.2473	-1	-5.8942	3.2474	0	-7.3438	3	-1	1	1	0	0	0
1	527.91	0.080432	-7.3354	0.080432	-7.3354	0	1	75	3.1058	4.2473	-1	-5.8942	3.2474	0	-7.3438	3	-1	1	1	0	0	0
1	544.64	0.14076	-7.0458	0.14076	-7.0458	0	1	75	3.1058	4.2473	-1	-5.8942	3.2474	0	-7.3438	3	-1	1	1	0	0	0
1	561.07	0.24129	-6.6276	0.24129	-6.6276	0	1	75	3.1058	4.2473	-1	-5.8942	3.2474	0	-7.3438	3	-1	1	1	0	0	0
1	577.69	0.30162	-6.3702	0.30162	-6.3702	0	1	75	3.1058	4.2473	-1	-5.8942	3.2474	0	-7.3438	3	-1	1	1	0	0	0
1	594.32	0.42227	-5.7911	0.42227	-5.7911	0	1	75	3.1058	4.2473	-1	-5.8942	3.2474	0	-7.3438	3	-1	1	1	0	0	0
1	610.95	0.5027	-5.4693	0.5027	-5.4693	0	1	75	3.1058	4.2473	-1	-5.8942	3.2474	0	-7.3438	3	-1	1	1	0	0	0
1	627.54	0.68367	-4.8581	0.68367	-4.8581	0	1	75	3.1058	4.2473	-1	-5.8942	3.2474	0	-7.3438	3	-1	1	1	0	0	0
1	644.14	0.92496	-4.2146	0.92496	-4.2146	0	2	75	3.1058	4.2473	-1	-5.8942	3.2474	0	-7.3438	3	-1	1	1	0	0	0
1	660.77	1.2065	-3.4746	1.2065	-3.4746	0	2	75	3.1058	4.2473	-1	-5.8942	3.2474	0	-7.3438	3	-1	1	1	0	0	0
1	677.43	1.3673	-3.0886	1.3673	-3.0886	0	2	75	3.1058	4.2473	-1	-5.8942	3.2474	0	-7.3438	3	-1	1	1	0	0	0
1	693.87	1.7092	-2.2843	1.7092	-2.2843	0	2	75	3.1058	4.2473	-1	-5.8942	3.2474	0	-7.3438	3	-1	1	1	0	0	0
1	710.47	1.9102	-1.8982	1.9102	-1.8982	0	2	75	3.1058	4.2473	-1	-5.8942	3.2474	0	-7.3438	3	-1	1	1	0	0	0
1	727.09	2.3526	-1.126	2.3526	-1.126	0	2	75	3.1058	4.2473	-1	-5.8942	3.2474	0	-7.3438	3	-1	1	1	0	1	0
1	743.66	2.8151	-0.3539	2.8151	-0.3539	0	2	75	3.1058	4.2473	-1	-5.8942	3.2474	0	-7.3438	3	-1	1	1	0	0	0
1	760.24	3.2776	0.45042	3.2776	0.45042	0	2	75	3.1058	4.2473	-1	-5.8942	3.2474	0	-7.3438	3	-1	1	1	0	0	0
1	776.82	3.4988	0.83649	3.4988	0.83649	0	2	75	3.1058	4.2473	-1	-5.8942	3.2474	0	-7.3438	3	-1	1	1	0	0	0
1	793.43	3.921	1.5765	3.921	1.5765	0	2	75	3.1058	4.2473	-1	-5.8942	3.2474	0	-7.3438	3	-1	1	1	0	0	0
1	810.02	4.1221	1.8982	4.1221	1.8982	0	2	75	3.1058	4.2473	-1	-5.8942	3.2474	0	-7.3438	3	-1	1	1	0	0	0
1	826.58	4.464	2.4451	4.464	2.4451	0	2	75	3.1058	4.2473	-1	-5.8942	3.2474	0	-7.3438	3	-1	1	1	0	0	0
1	843.18	4.7656	2.8634	4.7656	2.8634	0	2	75	3.1058	4.2473	-1	-5.8942	3.2474	0	-7.3438	3	-1	1	1	0	0	0
1	859.83	4.8862	3.0564	4.8862	3.0564	0	2	75	3.1058	4.2473	-1	-5.8942	3.2474	0	-7.3438	3	-1	1	1	0	0	0
1	876.41	5.1074	3.3781	5.1074	3.3781	0	2	75	3.1058	4.2473	-1	-5.8942	3.2474	0	-7.3438	3	-1	1	1	0	0	0
1	892.99	5.2482	3.6355	5.2482	3.6355	0	2	75	3.1058	4.2473	-1	-5.8942	3.2474	0	-7.3438	3	-1	1	0	0	0	0
1	909.59	5.3085	3.6999	5.3085	3.6999	0	2	75	3.1058	4.2473	-1	-5.8942	3.2474	0	-7.3438	3	-1	1	0	0	0	0
1	926.2	5.3688	3.7964	5.3688	3.7964	0	2	75	3.1058	4.2473	-1	-5.8942	3.2474	0	-7.3438	3	-1	1	0	0	0	0
1	942.79	5.3889	3.8285	5.3889	3.8285	0	2	75	3.1058	4.2473	-1	-5.8942	3.2474	0	-7.3438	3	-1	1	0	0	0	0
1	959.4	5.3889	3.8285	5.3889	3.8285	0	2	75	3.1058	4.2473	-1	-5.8942	3.2474	0	-7.3438	3	-1	1	0	0	0	0
1	976	5.3889	3.8285	5.3889	3.8285	0	2	75	3.1058	4.2473	-1	-5.8942	3.2474	0	-7.3438	3	-1	1	0	0	0	0
1	992.58	5.3889	3.8285	5.3889	3.8285	0	2	75	3.1058	4.2473	-1	-5.8942	3.2474	0	-7.3438	3	-1	1	0	0	0	0
1	1009.2	5.3889	3.8285	5.3889	3.8285	0	2	75	3.1058	4.2473	-1	-5.8942	3.2474	0	-7.3438	3	-1	1	0	0	0	0
1	1025.7	5.3688	3.8285	5.3688	3.8285	0	2	75	3.1058	4.2473	-1	-5.8942	3.2474	0	-7.3438	3	-1	1	0	0	0	0
1	1042.4	5.3688	3.7964	5.3688	3.7964	0	3	75	3.1058	4.2473	-1	-5.8942	3.2474	0	-7.3438	3	-1	1	0	0	0	0
2	30.715	0.18097	-7.3032	0.18097	-7.3032	0	1	90	0	4.6562	-1	-9	3.6562	0	-7.3438	3	-1	1	1	0	0	0
2	47.217	0.16086	-7.3997	0.16086	-7.3997	0	1	90	0	4.6562	-1	-9	3.6562	0	-7.3438	3	-1	1	1	0	0	0
2	63.947	0.10054	-7.5606	0.10054	-7.5606	0	1	90	0	4.6562	-1	-9	3.6562	0	-7.3438	3	-1	1	1	0	0	0
2	80.565	0.080432	-7.6249	0.080432	-7.6249	0	1	90	0	4.6562	-1	-9	3.6562	0	-7.3438	3	-1	1	1	0	0	0
2	97.114	0.080432	-7.6571	0.080432	-7.6571	0	1	90	0	4.6562	-1	-9	3.6562	0	-7.3438	3	-1	1	1	0	0	0
2	113.7	0.080432	-7.6571	0.080432	-7.6571	0	1	90	0	4.6562	-1	-9	3.6562	0	-7.3438	3	-1	1	1	0	0	0
2	130.27	0.080432	-7.6571	0.080432	-7.6571	0	1	90	0	4.6562	-1	-9	3.6562	0	-7.3438	3	-1	1	1	0	0	0
2	146.94	0.080432	-7.6571	0.080432	-7.6571	0	1	90	0	4.6562	-1	-9	3.6562	0	-7.3438	3	-1	1	1	0	0	0
2	163.47	0.080432	-7.6571	0.080432	-7.6571	0	1	90	0	4.6562	-1	-9	3.6562	0	-7.3438	3	-1	1	1	0	0	0
2	180.11	0.080432	-7.6571	0.080432	-7.6571	0	1	90	0	4.6562	-1	-9	3.6562	0	-7.3438	3	-1	1	1	0	0	0
2	196.66	0.080432	-7.6571	0.080432	-7.6571	0	1	90	0	4.6562	-1	-9	3.6562	0	-7.3438	3	-1	1	1	0	0	0
2	213.27	0.080432	-7.6571	0.080432	-7.6571	0	1	90	0	4.6562	-1	-9	3.6562	0	-7.3438	3	-1	1	1	0	0	0
2	229.82	0.080432	-7.6571	0.080432	-7.6571	0	1	90	0	4.6562	-1	-9	3.6562	0	-7.3438	3	-1	1	1	0	0	0
2	246.41	0.080432	-7.6571	0.080432	-7.6571	0	1	90	0	4.6562	-1	-9	3.6562	0	-7.3438	3	-1	1	1	0	0	0
2	263.05	0.080432	-7.6571	0.080432	-7.6571	0	1	90	0	4.6562	-1	-9	3.6562	0	-7.3438	3	-1	1	1	0	0	0
2	279.68	0.080432	-7.6571	0.080432	-7.6571	0	1	90	0	4.6562	-1	-9	3.6562	0	-7.3438	3	-1	1	1	0	0	0
2	296.26	0.080432	-7.6571	0.080432	-7.6571	0	1	90	0	4.6562	-1	-9	3.6562	0	-7.3438	3	-1	1	1	0	0	0
2	312.86	0.080432	-7.6571	0.080432	-7.6571	0	1	90	0	4.6562	-1	-9	3.6562	0	-7.3438	3	-1	1	1	0	0	0
2	329.45	0.080432	-7.6571	0.080432	-7.6571	0	1	90	0	4.6562	-1	-9	3.6562	0	-7.3438	3	-1	1	1	0	0	0
2	346	0.080432	-7.6571	0.080432	-7.6571	0	1	90	0	4.6562	-1	-9	3.6562	0	-7.3438	3	-1	1	1	0	0	0
2	362.58	0.060324	-7.6571	0.060324	-7.6571	0	1	90	0	4.6562	-1	-9	3.6562	0	-7.3438	3	-1	1	1	0	0	0
2	379.15	0.080432	-7.6571	0.080432	-7.6571	0	1	90	0	4.6562	-1	-9	3.6562	0	-7.3438	3	-1	1	1	0	0	0
2	395.8	0.060324	-7.6249	0.060324	-7.6249	0	1	90	0	4.6562	-1	-9	3.6562	0	-7.3438	3	-1	1	1	0	0	0
2	412.42	0.060324	-7.5927	0.060324	-7.5927	0	1	90	0	4.6562	-1	-9	3.6562	0	-7.3438	3	-1	1	1	0	0	0
2	429.02	0.020108	-7.4962	0.020108	-7.4962	0	1	90	0	4.6562	-1	-9	3.6562	0	-7.3438	3	-1	1	1	0	0	0
2	445.76	-0.080432	-7.271	-0.080432	-7.271	0	1	90	0	4.6562	-1	-9	3.6562	0	-7.3438	3	-1	1	1	0	0	0
2	462.13	-0.20108	-6.9815	-0.20108	-6.9815	0	1	90	0	4.6562	-1	-9	3.6562	0	-7.3438	3	-1	1	1	0	0	0
2	478.76	-0.24129	-6.8206	-0.24129	-6.8206	0	1	90	0	4.6562	-1	-9	3.6562	0	-7.3438	3	-1	1	1	0	0	0
2	495.35	-0.32173	-6.4667	-0.32173	-6.4667	0	1	90	0	4.6562	-1	-9	3.6562	0	-7.3438	3	-1	1	1	0	0	0
2	511.96	-0.36194	-6.3058	-0.36194	-6.3058	0	1	90	0	4.6562	-1	-9	3.6562	0	-7.3438	3	-1	1	1	0	0	0
2	528.58	-0.44237	-5.9198	-0.44237	-5.9198	0	1	90	0	4.6562	-1	-9	3.6562	0	-7.3438	3	-1	1	1	0	0	0
2	545.2	-0.54291	-5.5015	-0.54291	-5.5015	0	1	90	0	4.6562	-1	-9	3.6562	0	-7.3438	3	-1	1	1	0	0	0
2	561.72	-0.60324	-5.0189	-0.60324	-5.0189	0	1	90	0	4.6562	-1	-9	3.6562	0	-7.3438	3	-1	1	1	0	0	0
2	578.31	-0.60324	-4.7615	-0.60324	-4.7615	0	2	90	0	4.6562	-1	-9	3.6562	0	-7.3438	3	-1	1	1	0	0	0
2	594.93	-0.62334	-4.2146	-0.62334	-4.2146	0	2	90	0	4.6562	-1	-9	3.6562	0	-7.3438	3	-1	1	1	0	0	0
2	611.51	-0.64345	-3.9572	-0.64345	-3.9572	0	2	90	0	4.6562	-1	-9	3.6562	0	-7.3438	3	-1	1	1	0	0	0
2	628.15	-0.72388	-3.3781	-0.72388	-3.3781	0	2	90	0	4.6562	-1	-9	3.6562	0	-7.3438	3	-1	1	1	0	0	0
2	644.74	-0.84453	-2.7025	-0.84453	-2.7025	0	2	90	0	4.6562	-1	-9	3.6562	0	-7.3438	3	-1	1	1	0	0	0
2	661.3	-0.92496	-1.9625	-0.92496	-1.9625	0	2	90	0	4.6562	-1	-9	3.6562	0	-7.3438	3	-1	1	1	0	0	0
2	677.9	-0.94507	-1.6408	-0.94507	-1.6408	0	2	90	0	4.6562	-1	-9	3.6562	0	-7.3438	3	-1	1	1	0	0	0
2	694.46	-0.98529	-1.0295	-0.98529	-1.0295	0	2	90	0	4.6562	-1	-9	3.6562	0	-7.3438	3	-1	1	1	0	0	0
2	711.06	-1.0054	-0.73997	-1.0054	-0.73997	0	2	90	0	4.6562	-1	-9	3.6562	0	-7.3438	3	-1	1	1	0	1	0
2	727.68	-1.0456	-0.064345	-1.0456	-0.064345	0	2	90	0	4.6562	-1	-9	3.6562	0	-7.3438	3	-1	1	1	0	0	0
2	744.27	-1.0657	0.73997	-1.0657	0.73997	0	2	90	0	4.6562	-1	-9	3.6562	0	-7.3438	3	-1	1	1	0	0	0
2	760.88	-1.0657	1.126	-1.0657	1.126	0	2	90	0	4.6562	-1	-9	3.6562	0	-7.3438	3	-1	1	1	0	0	0
2	777.46	-1.0255	1.8017	-1.0255	1.8017	0	2	90	0	4.6562	-1	-9	3.6562	0	-7.3438	3	-1	1	1	0	0	0
2	794.04	-1.0054	2.2843	-1.0054	2.2843	0	2	90	0	4.6562	-1	-9	3.6562	0	-7.3438	3	-1	1	1	0	0	0
2	810.63	-1.0054	2.5095	-1.0054	2.5095	0	2	90	0	4.6562	-1	-9	3.6562	0	-7.3438	3	-1	1	1	0	0	0
2	827.21	-0.98529	2.9921	-0.98529	2.9921	0	2	90	0	4.6562	-1	-9	3.6562	0	-7.3438	3	-1	1	1	0	0	0
2	843.88	-0.96518	3.5068	-0.96518	3.5068	0	2	90	0	4.6562	-1	-9	3.6562	0	-7.3438	3	-1	1	1	0	0	0
2	860.47	-0.94507	3.6999	-0.94507	3.6999	0	2	90	0	4.6562	-1	-9	3.6562	0	-7.3438	3	-1	1	1	0	0	0
2	877.06	-0.88475	4.0538	-0.88475	4.0537	0	2	90	0	4.6562	-1	-9	3.6562	0	-7.3438	3	-1	1	1	0	0	0
2	893.6	-0.82442	4.3111	-0.82442	4.3111	0	2	90	0	4.6562	-1	-9	3.6562	0	-7.3438	3	-1	1	1	0	0	0
2	910.21	-0.78421	4.4076	-0.78421	4.4076	0	2	90	0	4.6562	-1	-9	3.6562	0	-7.3438	3	-1	1	1	0	0	0
2	926.82	-0.74399	4.5685	-0.74399	4.5685	0	2	90	0	4.6562	-1	-9	3.6562	0	-7.3438	3	-1	1	1	0	0	0
2	943.39	-0.72388	4.665	-0.72388	4.665	0	2	90	0	4.6562	-1	-9	3.6562	0	-7.3438	3	-1	1	0	0	0	0
2	960.02	-0.72388	4.6972	-0.72388	4.6972	0	2	90	0	4.6562	-1	-9	3.6562	0	-7.3438	3	-1	1	0	0	0	0
2	976.57	-0.70378	4.7615	-0.70378	4.7615	0	2	90	0	4.6562	-1	-9	3.6562	0	-7.3438	3	-1	1	0	0	0	0
2	993.2	-0.70378	4.7937	-0.70378	4.7937	0	2	90	0	4.6562	-1	-9	3.6562	0	-7.3438	3	-1	1	0	0	0	0
2	1009.8	-0.70378	4.7937	-0.70378	4.7937	0	2	90	0	4.6562	-1	-9	3.6562	0	-7.3438	3	-1	1	0	0	0	0
2	1026.4	-0.70378	4.7937	-0.70378	4.7937	0	2	90	0	4.6562	-1	-9	3.6562	0	-7.3438	3	-1	1	0	0	0	0
2	1043	-0.70378	4.8259	-0.70378	4.8259	0	3	90	0	4.6562	-1	-9	3.6562	0	-7.3438	3	-1	1	0	0	0	0
3	30.729	0	-7.0458	0	-7.0458	0	1	75	3.1058	4.2473	-1	-5.8942	3.2474	0	-7.3438	3	-1	1	1	0	0	0
3	47.292	0	-7.1423	0	-7.1423	0	1	75	3.1058	4.2473	-1	-5.8942	3.2474	0	-7.3438	3	-1	1	1	0	0	0
3	63.911	-0.020108	-7.3354	-0.020108	-7.3354	0	1	75	3.1058	4.2473	-1	-5.8942	3.2474	0	-7.3438	3	-1	1	1	0	0	0
3	80.476	-0.040216	-7.4962	-0.040216	-7.4962	0	1	75	3.1058	4.2473	-1	-5.8942	3.2474	0	-7.3438	3	-1	1	1	0	0	0
3	97.087	-0.020108	-7.6249	-0.020108	-7.6249	0	1	75	3.1058	4.2473	-1	-5.8942	3.2474	0	-7.3438	3	-1	1	1	0	0	0
3	113.77	-0.020108	-7.6571	-0.020108	-7.6571	0	1	75	3.1058	4.2473	-1	-5.8942	3.2474	0	-7.3438	3	-1	1	1	0	0	0
3	130.27	-0.020108	-7.6893	-0.020108	-7.6893	0	1	75	3.1058	4.2473	-1	-5.8942	3.2474	0	-7.3438	3	-1	1	1	0	0	0
3	146.89	-0.020108	-7.6893	-0.020108	-7.6893	0	1	75	3.1058	4.2473	-1	-5.8942	3.2474	0	-7.3438	3	-1	1	1	0	0	0
3	163.47	-0.020108	-7.6893	-0.020108	-7.6893	0	1	75	3.1058	4.2473	-1	-5.8942	3.2474	0	-7.3438	3	-1	1	1	0	0	0
3	180.02	-0.020108	-7.6893	-0.020108	-7.6893	0	1	75	3.1058	4.2473	-1	-5.8942	3.2474	0	-7.3438	3	-1	1	1	0	0	0
3	196.63	-0.020108	-7.6893	-0.020108	-7.6893	0	1	75	3.1058	4.2473	-1	-5.8942	3.2474	0	-7.3438	3	-1	1	1	0	0	0
3	213.23	-0.020108	-7.6893	-0.020108	-7.6893	0	1	75	3.1058	4.2473	-1	-5.8942	3.2474	0	-7.3438	3	-1	1	1	0	0	0
3	229.79	-0.020108	-7.6893	-0.020108	-7.6893	0	1	75	3.1058	4.2473	-1	-5.8942	3.2474	0	-7.3438	3	-1	1	1	0	0	0
3	246.41	-0.020108	-7.6893	-0.020108	-7.6893	0	1	75	3.1058	4.2473	-1	-5.8942	3.2474	0	-7.3438	3	-1	1	1	0	0	0
3	263.04	-0.020108	-7.6893	-0.020108	-7.6893	0	1	75	3.1058	4.2473	-1	-5.8942	3.2474	0	-7.3438	3	-1	1	1	0	0	0
3	279.63	-0.020108	-7.6893	-0.020108	-7.6893	0	1	75	3.1058	4.2473	-1	-5.8942	3.2474	0	-7.3438	3	-1	1	1	0	0	0
3	296.32	-0.020108	-7.6571	-0.020108	-7.6571	0	1	75	3.1058	4.2473	-1	-5.8942	3.2474	0	-7.3438	3	-1	1	1	0	0	0
3	312.77	-0.020108	-7.6571	-0.020108	-7.6571	0	1	75	3.1058	4.2473	-1	-5.8942	3.2474	0	-7.3438	3	-1	1	1	0	0	0
3	329.37	0	-7.5606	0	-7.5606	0	1	75	3.1058	4.2473	-1	-5.8942	3.2474	0	-7.3438	3	-1	1	1	0	0	0
3	345.88	0	-7.464	0	-7.464	0	1	75	3.1058	4.2473	-1	-5.8942	3.2474	0	-7.3438	3	-1	1	1	0	0	0
3	362.58	0.060324	-7.2388	0.060324	-7.2388	0	1	75	3.1058	4.2473	-1	-5.8942	3.2474	0	-7.3438	3	-1	1	1	0	0	0
3	379.2	0.080432	-7.078	0.080432	-7.078	0	1	75	3.1058	4.2473	-1	-5.8942	3.2474	0	-7.3438	3	-1	1	1	0	0	0
3	395.78	0.18097	-6.6919	0.18097	-6.6919	0	1	75	3.1058	4.2473	-1	-5.8942	3.2474	0	-7.3438	3	-1	1	1	0	0	0
3	412.37	0.32173	-6.2415	0.32173	-6.2415	0	1	75	3.1058	4.2473	-1	-5.8942	3.2474	0	-7.3438	3	-1	1	1	0	0	0
3	428.92	0.54291	-5.7589	0.54291	-5.7589	0	1	75	3.1058	4.2473	-1	-5.8942	3.2474	0	-7.3438	3	-1	1	1	0	0	0
3	445.52	0.66356	-5.5337	0.66356	-5.5337	0	1	75	3.1058	4.2473	-1	-5.8942	3.2474	0	-7.3438	3	-1	1	1	0	0	0
3	462.14	0.94507	-5.0189	0.94507	-5.0189	0	1	75	3.1058	4.2473	-1	-5.8942	3.2474	0	-7.3438	3	-1	1	1	0	0	0
3	478.77	1.0858	-4.7615	1.0858	-4.7615	0	2	75	3.1058	4.2473	-1	-5.8942	3.2474	0	-7.3438	3	-1	1	1	0	0	0
3	495.33	1.3874	-4.2146	1.3874	-4.2146	0	2	75	3.1058	4.2473	-1	-5.8942	3.2474	0	-7.3438	3	-1	1	1	0	0	0
3	511.92	1.7293	-3.6677	1.7293	-3.6677	0	2	75	3.1058	4.2473	-1	-5.8942	3.2474	0	-7.3438	3	-1	1	1	0	0	0
3	528.54	2.1113	-3.0564	2.1113	-3.0564	0	2	75	3.1058	4.2473	-1	-5.8942	3.2474	0	-7.3438	3	-1	1	1	0	0	0
3	545.06	2.3124	-2.7347	2.3124	-2.7347	0	2	75	3.1058	4.2473	-1	-5.8942	3.2474	0	-7.3438	3	-1	1	1	0	0	0
3	561.67	2.7548	-2.059	2.7548	-2.059	0	2	75	3.1058	4.2473	-1	-5.8942	3.2474	0	-7.3438	3	-1	1	1	0	0	0
3	578.27	2.976	-1.7373	2.976	-1.7373	0	2	75	3.1058	4.2473	-1	-5.8942	3.2474	0	-7.3438	3	-1	1	1	0	0	0
3	594.95	3.4384	-1.0617	3.4384	-1.0617	0	2	75	3.1058	4.2473	-1	-5.8942	3.2474	0	-7.3438	3	-1	1	1	0	1	0
3	611.52	3.8607	-0.38607	3.8607	-0.38607	0	2	75	3.1058	4.2473	-1	-5.8942	3.2474	0	-7.3438	3	-1	1	1	0	0	0
3	628.08	4.2428	0.25738	4.2428	0.25738	0	2	75	3.1058	4.2473	-1	-5.8942	3.2474	0	-7.3438	3	-1	1	1	0	0	0
3	644.63	4.4237	0.57911	4.4237	0.57911	0	2	75	3.1058	4.2473	-1	-5.8942	3.2474	0	-7.3438	3	-1	1	1	0	0	0
3	661.26	4.7857	1.1582	4.7857	1.1582	0	2	75	3.1058	4.2473	-1	-5.8942	3.2474	0	-7.3438	3	-1	1	1	0	0	0
3	677.89	4.9666	1.4478	4.9666	1.4478	0	2	75	3.1058	4.2473	-1	-5.8942	3.2474	0	-7.3438	3	-1	1	1	0	0	0
3	694.47	5.2884	1.9304	5.2884	1.9304	0	2	75	3.1058	4.2473	-1	-5.8942	3.2474	0	-7.3438	3	-1	1	1	0	0	0
3	711.03	5.5699	2.3486	5.5699	2.3486	0	2	75	3.1058	4.2473	-1	-5.8942	3.2474	0	-7.3438	3	-1	1	1	0	0	0
3	727.65	5.8112	2.7668	5.8112	2.7668	0	2	75	3.1058	4.2473	-1	-5.8942	3.2474	0	-7.3438	3	-1	1	1	0	0	0
3	744.23	5.9519	2.9277	5.9519	2.9277	0	2	75	3.1058	4.2473	-1	-5.8942	3.2474	0	-7.3438	3	-1	1	1	0	0	0
3	760.82	6.1731	3.1529	6.1731	3.1529	0	2	75	3.1058	4.2473	-1	-5.8942	3.2474	0	-7.3438	3	-1	1	1	0	0	0
3	777.4	6.2536	3.2494	6.2536	3.2494	0	2	75	3.1058	4.2473	-1	-5.8942	3.2474	0	-7.3438	3	-1	1	1	0	0	0
3	793.96	6.3742	3.346	6.3742	3.346	0	2	75	3.1058	4.2473	-1	-5.8942	3.2474	0	-7.3438	3	-1	1	0	0	0	0
3	810.57	6.4345	3.3781	6.4345	3.3781	0	2	75	3.1058	4.2473	-1	-5.8942	3.2474	0	-7.3438	3	-1	1	0	0	0	0
3	827.24	6.4345	3.3781	6.4345	3.3781	0	2	75	3.1058	4.2473	-1	-5.8942	3.2474	0	-7.3438	3	-1	1	0	0	0	0
3	843.79	6.4345	3.3781	6.4345	3.3781	0	2	75	3.1058	4.2473	-1	-5.8942	3.2474	0	-7.3438	3	-1	1	0	0	0	0
3	860.39	6.4345	3.3781	6.4345	3.3781	0	2	75	3.1058	4.2473	-1	-5.8942	3.2474	0	-7.3438	3	-1	1	0	0	0	0
3	876.96	6.4345	3.3781	6.4345	3.3781	0	2	75	3.1058	4.2473	-1	-5.8942	3.2474	0	-7.3438	3	-1	1	0	0	0	0
3	893.54	6.4345	3.346	6.4345	3.346	0	2	75	3.1058	4.2473	-1	-5.8942	3.2474	0	-7.3438	3	-1	1	0	0	0	0
3	910.16	6.4345	3.346	6.4345	3.346	0	3	75	3.1058	4.2473	-1	-5.8942	3.2474	0	-7.3438	3	-1	1	0	0	0	0
4	31.075	-0.10054	-7.5284	-0.10054	-7.5284	0	1	105	-3.1058	4.2473	-1	-12.106	3.2474	0	-7.3438	3	-1	1	0	0	0	0
4	47.683	-0.16086	-7.6249	-0.16086	-7.6249	0	1	105	-3.1058	4.2473	-1	-12.106	3.2474	0	-7.3438	3	-1	1	0	0	0	0
4	64.316	-0.18097	-7.6893	-0.18097	-7.6893	0	1	105	-3.1058	4.2473	-1	-12.106	3.2474	0	-7.3438	3	-1	1	0	0	0	0
4	80.868	-0.18097	-7.6893	-0.18097	-7.6893	0	1	105	-3.1058	4.2473	-1	-12.106	3.2474	0	-7.3438	3	-1	1	0	0	0	0
4	97.51	-0.18097	-7.6893	-0.18097	-7.6893	0	1	105	-3.1058	4.2473	-1	-12.106	3.2474	0	-7.3438	3	-1	1	0	0	0	0
4	114.1	-0.18097	-7.6571	-0.18097	-7.6571	0	1	105	-3.1058	4.2473	-1	-12.106	3.2474	0	-7.3438	3	-1	1	0	0	0	0
4	130.68	-0.18097	-7.6571	-0.18097	-7.6571	0	1	105	-3.1058	4.2473	-1	-12.106	3.2474	0	-7.3438	3	-1	1	0	0	0	0
4	147.25	-0.18097	-7.6571	-0.18097	-7.6571	0	1	105	-3.1058	4.2473	-1	-12.106	3.2474	0	-7.3438	3	-1	1	0	0	0	0
4	163.82	-0.18097	-7.6571	-0.18097	-7.6571	0	1	105	-3.1058	4.2473	-1	-12.106	3.2474	0	-7.3438	3	-1	1	0	0	0	0
4	180.46	-0.18097	-7.6571	-0.18097	-7.6571	0	1	105	-3.1058	4.2473	-1	-12.106	3.2474	0	-7.3438	3	-1	1	0	0	0	0
4	197.05	-0.18097	-7.6571	-0.18097	-7.6571	0	1	105	-3.1058	4.2473	-1	-12.106	3.2474	0	-7.3438	3	-1	1	0	0	0	0
4	213.66	-0.18097	-7.6571	-0.18097	-7.6571	0	1	105	-3.1058	4.2473	-1	-12.106	3.2474	0	-7.3438	3	-1	1	0	0	0	0
4	230.27	-0.18097	-7.6571	-0.18097	-7.6571	0	1	105	-3.1058	4.2473	-1	-12.106	3.2474	0	-7.3438	3	-1	1	0	0	0	0
4	246.85	-0.18097	-7.6571	-0.18097	-7.6571	0	1	105	-3.1058	4.2473	-1	-12.106	3.2474	0	-7.3438	3	-1	1	0	0	0	0
4	263.42	-0.18097	-7.6571	-0.18097	-7.6571	0	1	105	-3.1058	4.2473	-1	-12.106	3.2474	0	-7.3438	3	-1	1	0	0	0	0
4	280.02	-0.18097	-7.6571	-0.18097	-7.6571	0	1	105	-3.1058	4.2473	-1	-12.106	3.2474	0	-7.3438	3	-1	1	0	0	0	0
4	296.59	-0.18097	-7.6571	-0.18097	-7.6571	0	1	105	-3.1058	4.2473	-1	-12.106	3.2474	0	-7.3438	3	-1	1	0	0	0	0
4	313.23	-0.18097	-7.6249	-0.18097	-7.6249	0	1	105	-3.1058	4.2473	-1	-12.106	3.2474	0	-7.3438	3	-1	1	1	0	0	0
4	329.84	-0.20108	-7.5606	-0.20108	-7.5606	0	1	105	-3.1058	4.2473	-1	-12.106	3.2474	0	-7.3438	3	-1	1	1	0	0	0
4	346.4	-0.2614	-7.3354	-0.2614	-7.3354	0	1	105	-3.1058	4.2473	-1	-12.106	3.2474	0	-7.3438	3	-1	1	1	0	0	0
4	362.98	-0.36194	-7.0136	-0.36194	-7.0136	0	1	105	-3.1058	4.2473	-1	-12.106	3.2474	0	-7.3438	3	-1	1	1	0	0	0
4	379.58	-0.52281	-6.5954	-0.52281	-6.5954	0	1	105	-3.1058	4.2473	-1	-12.106	3.2474	0	-7.3438	3	-1	1	1	0	0	0
4	396.15	-0.60324	-6.3702	-0.60324	-6.3702	0	1	105	-3.1058	4.2473	-1	-12.106	3.2474	0	-7.3438	3	-1	1	1	0	0	0
4	412.77	-0.80432	-5.7911	-0.80432	-5.7911	0	1	105	-3.1058	4.2473	-1	-12.106	3.2474	0	-7.3438	3	-1	1	1	0	0	0
4	429.41	-0.94507	-5.4693	-0.94507	-5.4693	0	1	105	-3.1058	4.2473	-1	-12.106	3.2474	0	-7.3438	3	-1	1	1	0	0	0
4	446.11	-1.3472	-4.665	-1.3472	-4.665	0	2	105	-3.1058	4.2473	-1	-12.106	3.2474	0	-7.3438	3	-1	1	1	0	1	0
4	462.57	-1.8097	-3.732	-1.8097	-3.732	0	2	105	-3.1058	4.2473	-1	-12.106	3.2474	0	-7.3438	3	-1	1	1	0	0	0
4	479.17	-2.2923	-2.8312	-2.2923	-2.8312	0	2	105	-3.1058	4.2473	-1	-12.106	3.2474	0	-7.3438	3	-1	1	1	0	0	0
4	495.76	-2.5135	-2.4129	-2.5135	-2.4129	0	2	105	-3.1058	4.2473	-1	-12.106	3.2474	0	-7.3438	3	-1	1	1	0	0	0
4	512.44	-2.9156	-1.7373	-2.9156	-1.7373	0	2	105	-3.1058	4.2473	-1	-12.106	3.2474	0	-7.3438	3	-1	1	1	0	0	0
4	529	-3.1167	-1.4156	-3.1167	-1.4156	0	2	105	-3.1058	4.2473	-1	-12.106	3.2474	0	-7.3438	3	-1	1	1	0	0	0
4	545.5	-3.5189	-0.86866	-3.5189	-0.86866	0	2	105	-3.1058	4.2473	-1	-12.106	3.2474	0	-7.3438	3	-1	1	1	0	0	0
4	562.11	-3.9009	-0.28955	-3.9009	-0.28955	0	2	105	-3.1058	4.2473	-1	-12.106	3.2474	0	-7.3438	3	-1	1	1	0	0	0
4	578.71	-4.2629	0.25738	-4.2629	0.25738	0	2	105	-3.1058	4.2473	-1	-12.106	3.2474	0	-7.3438	3	-1	1	1	0	0	0
4	595.32	-4.4237	0.48259	-4.4237	0.48259	0	2	105	-3.1058	4.2473	-1	-12.106	3.2474	0	-7.3438	3	-1	1	1	0	0	0
4	611.86	-4.6449	0.77214	-4.6449	0.77214	0	2	105	-3.1058	4.2473	-1	-12.106	3.2474	0	-7.3438	3	-1	1	1	0	0	0
4	628.48	-4.7455	0.86866	-4.7455	0.86866	0	2	105	-3.1058	4.2473	-1	-12.106	3.2474	0	-7.3438	3	-1	1	1	0	0	0
4	645.07	-4.8661	0.96518	-4.8661	0.96518	0	2	105	-3.1058	4.2473	-1	-12.106	3.2474	0	-7.3438	3	-1	1	0	0	0	0
4	661.71	-4.9264	0.99735	-4.9264	0.99735	0	2	105	-3.1058	4.2473	-1	-12.106	3.2474	0	-7.3438	3	-1	1	0	0	0	0
4	678.28	-4.9868	1.0617	-4.9868	1.0617	0	2	105	-3.1058	4.2473	-1	-12.106	3.2474	0	-7.3438	3	-1	1	0	0	0	0
4	694.9	-5.0069	1.0939	-5.0069	1.0939	0	2	105	-3.1058	4.2473	-1	-12.106	3.2474	0	-7.3438	3	-1	1	0	0	0	0
4	711.46	-5.0069	1.0939	-5.0069	1.0939	0	2	105	-3.1058	4.2473	-1	-12.106	3.2474	0	-7.3438	3	-1	1	0	0	0	0
4	728.06	-5.0069	1.0939	-5.0069	1.0939	0	2	105	-3.1058	4.2473	-1	-12.106	3.2474	0	-7.3438	3	-1	1	0	0	0	0
4	744.66	-5.027	1.0939	-5.027	1.0939	0	2	105	-3.1058	4.2473	-1	-12.106	3.2474	0	-7.3438	3	-1	1	0	0	0	0
4	761.26	-5.027	1.0939	-5.027	1.0939	0	2	105	-3.1058	4.2473	-1	-12.106	3.2474	0	-7.3438	3	-1	1	0	0	0	0
4	777.87	-5.027	1.0939	-5.027	1.0939	0	3	105	-3.1058	4.2473	-1	-12.106	3.2474	0	-7.3438	3	-1	1	0	0	0	0
5	31.067	0.46248	-7.0458	0.46248	-7.0458	0	1	90	0	4.6562	-1	-9	3.6562	0	-7.3438	3	-1	1	0	0	0	0
5	47.627	0.54291	-7.271	0.54291	-7.271	0	1	90	0	4.6562	-1	-9	3.6562	0	-7.3438	3	-1	1	1	0	0	0
5	64.241	0.58313	-7.3675	0.58313	-7.3675	0	1	90	0	4.6562	-1	-9	3.6562	0	-7.3438	3	-1	1	1	0	0	0
5	80.861	0.60324	-7.4962	0.60324	-7.4962	0	1	90	0	4.6562	-1	-9	3.6562	0	-7.3438	3	-1	1	1	0	0	0
5	97.435	0.58313	-7.5284	0.58313	-7.5284	0	1	90	0	4.6562	-1	-9	3.6562	0	-7.3438	3	-1	1	1	0	0	0
5	114.04	0.58313	-7.5284	0.58313	-7.5284	0	1	90	0	4.6562	-1	-9	3.6562	0	-7.3438	3	-1	1	1	0	0	0
5	130.65	0.58313	-7.5606	0.58313	-7.5606	0	1	90	0	4.6562	-1	-9	3.6562	0	-7.3438	3	-1	1	1	0	0	0
5	147.21	0.58313	-7.5606	0.58313	-7.5606	0	1	90	0	4.6562	-1	-9	3.6562	0	-7.3438	3	-1	1	1	0	0	0
5	163.8	0.58313	-7.5284	0.58313	-7.5284	0	1	90	0	4.6562	-1	-9	3.6562	0	-7.3438	3	-1	1	1	0	0	0
5	180.42	0.58313	-7.5284	0.58313	-7.5284	0	1	90	0	4.6562	-1	-9	3.6562	0	-7.3438	3	-1	1	1	0	0	0
5	196.96	0.58313	-7.5284	0.58313	-7.5284	0	1	90	0	4.6562	-1	-9	3.6562	0	-7.3438	3	-1	1	1	0	0	0
5	213.64	0.58313	-7.5284	0.58313	-7.5284	0	1	90	0	4.6562	-1	-9	3.6562	0	-7.3438	3	-1	1	1	0	0	0
5	230.21	0.58313	-7.5606	0.58313	-7.5606	0	1	90	0	4.6562	-1	-9	3.6562	0	-7.3438	3	-1	1	1	0	0	0
5	246.79	0.54291	-7.5606	0.54291	-7.5606	0	1	90	0	4.6562	-1	-9	3.6562	0	-7.3438	3	-1	1	1	0	0	0
5	263.37	0.52281	-7.5606	0.52281	-7.5606	0	1	90	0	4.6562	-1	-9	3.6562	0	-7.3438	3	-1	1	1	0	0	0
5	280	0.5027	-7.5927	0.5027	-7.5927	0	1	90	0	4.6562	-1	-9	3.6562	0	-7.3438	3	-1	1	1	0	0	0
5	296.54	0.5027	-7.5927	0.5027	-7.5927	0	1	90	0	4.6562	-1	-9	3.6562	0	-7.3438	3	-1	1	1	0	0	0
5	313.15	0.48259	-7.5927	0.48259	-7.5927	0	1	90	0	4.6562	-1	-9	3.6562	0	-7.3438	3	-1	1	1	0	0	0
5	329.77	0.46248	-7.5927	0.46248	-7.5927	0	1	90	0	4.6562	-1	-9	3.6562	0	-7.3438	3	-1	1	1	0	0	0
5	346.36	0.44237	-7.5927	0.44237	-7.5927	0	1	90	0	4.6562	-1	-9	3.6562	0	-7.3438	3	-1	1	1	0	0	0
5	362.95	0.40216	-7.5927	0.40216	-7.5927	0	1	90	0	4.6562	-1	-9	3.6562	0	-7.3438	3	-1	1	1	0	0	0
5	379.54	0.38205	-7.5927	0.38205	-7.5927	0	1	90	0	4.6562	-1	-9	3.6562	0	-7.3438	3	-1	1	1	0	0	0
5	396.14	0.36194	-7.5927	0.36194	-7.5927	0	1	90	0	4.6562	-1	-9	3.6562	0	-7.3438	3	-1	1	1	0	0	0
5	412.73	0.32173	-7.5927	0.32173	-7.5927	0	1	90	0	4.6562	-1	-9	3.6562	0	-7.3438	3	-1	1	1	0	0	0
5	429.32	0.28151	-7.5284	0.28151	-7.5284	0	1	90	0	4.6562	-1	-9	3.6562	0	-7.3438	3	-1	1	1	0	0	0
5	445.95	0.24129	-7.4962	0.24129	-7.4962	0	1	90	0	4.6562	-1	-9	3.6562	0	-7.3438	3	-1	1	1	0	0	0
5	462.52	0.14076	-7.271	0.14076	-7.271	0	1	90	0	4.6562	-1	-9	3.6562	0	-7.3438	3	-1	1	1	0	0	0
5	479.05	0.040216	-6.9171	0.040216	-6.9171	0	1	90	0	4.6562	-1	-9	3.6562	0	-7.3438	3	-1	1	1	0	0	0
5	495.69	0	-6.6919	0	-6.6919	0	1	90	0	4.6562	-1	-9	3.6562	0	-7.3438	3	-1	1	1	0	0	0
5	512.31	-0.020108	-6.145	-0.020108	-6.145	0	1	90	0	4.6562	-1	-9	3.6562	0	-7.3438	3	-1	1	1	0	0	0
5	528.96	0	-5.5337	0	-5.5337	0	1	90	0	4.6562	-1	-9	3.6562	0	-7.3438	3	-1	1	1	0	0	0
5	545.51	0.020108	-5.1798	0.020108	-5.1798	0	1	90	0	4.6562	-1	-9	3.6562	0	-7.3438	3	-1	1	1	0	0	0
5	562.09	0.080432	-4.4398	0.080432	-4.4398	0	2	90	0	4.6562	-1	-9	3.6562	0	-7.3438	3	-1	1	1	0	0	0
5	578.68	0.14076	-3.6355	0.14076	-3.6355	0	2	90	0	4.6562	-1	-9	3.6562	0	-7.3438	3	-1	1	1	0	0	0
5	595.25	0.16086	-3.1851	0.16086	-3.1851	0	2	90	0	4.6562	-1	-9	3.6562	0	-7.3438	3	-1	1	1	0	0	0
5	611.85	0.24129	-2.2199	0.24129	-2.2199	0	2	90	0	4.6562	-1	-9	3.6562	0	-7.3438	3	-1	1	1	0	1	0
5	628.43	0.34183	-1.1904	0.34183	-1.1904	0	2	90	0	4.6562	-1	-9	3.6562	0	-7.3438	3	-1	1	1	0	0	0
5	645.04	0.40216	-0.67563	0.40216	-0.67562	0	2	90	0	4.6562	-1	-9	3.6562	0	-7.3438	3	-1	1	1	0	0	0
5	661.68	0.54291	0.32173	0.54291	0.32173	0	2	90	0	4.6562	-1	-9	3.6562	0	-7.3438	3	-1	1	1	0	0	0
5	678.28	0.7641	1.1904	0.7641	1.1904	0	2	90	0	4.6562	-1	-9	3.6562	0	-7.3438	3	-1	1	1	0	0	0
5	694.82	0.88475	1.5765	0.88475	1.5765	0	2	90	0	4.6562	-1	-9	3.6562	0	-7.3438	3	-1	1	1	0	0	0
5	711.38	1.1461	2.2199	1.1461	2.2199	0	2	90	0	4.6562	-1	-9	3.6562	0	-7.3438	3	-1	1	1	0	0	0
5	728.03	1.3874	2.7668	1.3874	2.7668	0	2	90	0	4.6562	-1	-9	3.6562	0	-7.3438	3	-1	1	1	0	0	0
5	744.57	1.4679	2.9921	1.4679	2.9921	0	2	90	0	4.6562	-1	-9	3.6562	0	-7.3438	3	-1	1	1	0	0	0
5	761.22	1.5885	3.3781	1.5885	3.3781	0	2	90	0	4.6562	-1	-9	3.6562	0	-7.3438	3	-1	1	1	0	0	0
5	777.98	1.6086	3.539	1.6086	3.539	0	2	90	0	4.6562	-1	-9	3.6562	0	-7.3438	3	-1	1	1	0	0	0
5	794.41	1.6086	3.7642	1.6086	3.7642	0	2	90	0	4.6562	-1	-9	3.6562	0	-7.3438	3	-1	1	0	0	0	0
5	811	1.5885	3.9251	1.5885	3.9251	0	2	90	0	4.6562	-1	-9	3.6562	0	-7.3438	3	-1	1	0	0	0	0
5	827.55	1.5483	3.9894	1.5483	3.9894	0	2	90	0	4.6562	-1	-9	3.6562	0	-7.3438	3	-1	1	0	0	0	0
5	844.19	1.5282	3.9894	1.5282	3.9894	0	2	90	0	4.6562	-1	-9	3.6562	0	-7.3438	3	-1	1	0	0	0	0
5	860.8	1.4679	4.0216	1.4679	4.0216	0	2	90	0	4.6562	-1	-9	3.6562	0	-7.3438	3	-1	1	0	0	0	0
5	877.4	1.4478	4.0216	1.4478	4.0216	0	2	90	0	4.6562	-1	-9	3.6562	0	-7.3438	3	-1	1	0	0	0	0
5	893.92	1.3874	4.0216	1.3874	4.0216	0	2	90	0	4.6562	-1	-9	3.6562	0	-7.3438	3	-1	1	0	0	0	0
5	910.56	1.3673	4.0216	1.3673	4.0216	0	2	90	0	4.6562	-1	-9	3.6562	0	-7.3438	3	-1	1	0	0	0	0
5	927.12	1.3472	4.0216	1.3472	4.0216	0	3	90	0	4.6562	-1	-9	3.6562	0	-7.3438	3	-1	1	0	0	0	0
5	1458.2	0.78421	1.866	0.78421	1.866	0	2	90	0	4.6562	-1	-9	3.6562	0	-7.3438	3	-1	1	0	0	0	0
5	1474.7	0.68367	1.5443	0.68367	1.5443	0	2	90	0	4.6562	-1	-9	3.6562	0	-7.3438	3	-1	1	0	0	0	0
5	1491.3	0.46248	0.90083	0.46248	0.90083	0	2	90	0	4.6562	-1	-9	3.6562	0	-7.3438	3	-1	1	0	0	0	0
5	1507.9	0.36194	0.61128	0.36194	0.61128	0	2	90	0	4.6562	-1	-9	3.6562	0	-7.3438	3	-1	1	0	0	0	0
5	1524.5	0.16086	0	0.16086	0	0	2	90	0	4.6562	-1	-9	3.6562	0	-7.3438	3	-1	1	0	0	0	0
5	1541.1	-0.020108	-0.57911	-0.020108	-0.57911	0	2	90	0	4.6562	-1	-9	3.6562	0	-7.3438	3	-1	1	0	0	0	0
5	1557.7	-0.10054	-0.83649	-0.10054	-0.83649	0	2	90	0	4.6562	-1	-9	3.6562	0	-7.3438	3	-1	1	0	0	0	0
5	1574.3	-0.24129	-1.3834	-0.24129	-1.3834	0	2	90	0	4.6562	-1	-9	3.6562	0	-7.3438	3	-1	1	0	0	0	0
5	1590.9	-0.32173	-1.9304	-0.32173	-1.9304	0	2	90	0	4.6562	-1	-9	3.6562	0	-7.3438	3	-1	1	0	0	0	0
5	1607.4	-0.36194	-2.2199	-0.36194	-2.2199	0	2	90	0	4.6562	-1	-9	3.6562	0	-7.3438	3	-1	1	0	0	0	0
5	1624.1	-0.42227	-2.799	-0.42227	-2.799	0	2	90	0	4.6562	-1	-9	3.6562	0	-7.3438	3	-1	1	0	0	0	0
5	1640.7	-0.46248	-3.346	-0.46248	-3.346	0	2	90	0	4.6562	-1	-9	3.6562	0	-7.3438	3	-1	1	0	0	0	0
5	1657.3	-0.5027	-3.6355	-0.5027	-3.6355	0	2	90	0	4.6562	-1	-9	3.6562	0	-7.3438	3	-1	1	0	0	0	0
5	1673.9	-0.54291	-4.1181	-0.54291	-4.1181	0	2	90	0	4.6562	-1	-9	3.6562	0	-7.3438	3	-1	1	0	0	0	0
5	1690.5	-0.58313	-4.6329	-0.58313	-4.6329	0	2	90	0	4.6562	-1	-9	3.6562	0	-7.3438	3	-1	1	0	0	0	0
5	1707.1	-0.58313	-4.8902	-0.58313	-4.8902	0	2	90	0	4.6562	-1	-9	3.6562	0	-7.3438	3	-1	1	0	0	0	0
5	1723.6	-0.56302	-5.405	-0.56302	-5.405	0	2	90	0	4.6562	-1	-9	3.6562	0	-7.3438	3	-1	1	0	0	0	0
5	1740.2	-0.54291	-5.9198	-0.54291	-5.9198	0	2	90	0	4.6562	-1	-9	3.6562	0	-7.3438	3	-1	1	0	0	0	0
5	1756.9	-0.52281	-6.1771	-0.52281	-6.1771	0	2	90	0	4.6562	-1	-9	3.6562	0	-7.3438	3	-1	1	0	0	0	0
5	1773.4	-0.48259	-6.6276	-0.48259	-6.6276	0	2	90	0	4.6562	-1	-9	3.6562	0	-7.3438	3	-1	1	0	0	0	0
5	1790	-0.44237	-7.0136	-0.44237	-7.0136	0	2	90	0	4.6562	-1	-9	3.6562	0	-7.3438	3	-1	1	0	0	0	0
5	1806.5	-0.42227	-7.1745	-0.42227	-7.1745	0	2	90	0	4.6562	-1	-9	3.6562	0	-7.3438	3	-1	1	0	0	0	0
5	1823.2	-0.38205	-7.464	-0.38205	-7.464	0	2	90	0	4.6562	-1	-9	3.6562	0	-7.3438	3	-1	1	0	0	0	0
5	1839.8	-0.36194	-7.6249	-0.36194	-7.6249	0	2	90	0	4.6562	-1	-9	3.6562	0	-7.3438	3	-1	1	0	0	0	0
5	1856.4	-0.36194	-7.6249	-0.36194	-7.6249	0	2	90	0	4.6562	-1	-9	3.6562	0	-7.3438	3	-1	1	0	0	0	0
5	1873	-0.36194	-7.6249	-0.36194	-7.6249	0	2	90	0	4.6562	-1	-9	3.6562	0	-7.3438	3	-1	1	0	0	0	0
5	1889.6	-0.36194	-7.6249	-0.36194	-7.6249	0	2	90	0	4.6562	-1	-9	3.6562	0	-7.3438	3	-1	1	0	0	0	0
5	1906.2	-0.36194	-7.6249	-0.36194	-7.6249	0	2	90	0	4.6562	-1	-9	3.6562	0	-7.3438	3	-1	1	0	0	0	0
5	1922.8	-0.36194	-7.6249	-0.36194	-7.6249	0	2	90	0	4.6562	-1	-9	3.6562	0	-7.3438	3	-1	1	0	0	0	0
5	1939.4	-0.36194	-7.6249	-0.36194	-7.6249	0	2	90	0	4.6562	-1	-9	3.6562	0	-7.3438	3	-1	1	0	0	0	0
5	1956	-0.36194	-7.6249	-0.36194	-7.6249	0	2	90	0	4.6562	-1	-9	3.6562	0	-7.3438	3	-1	1	0	0	0	0
5	1972.6	-0.36194	-7.6249	-0.36194	-7.6249	0	2	90	0	4.6562	-1	-9	3.6562	0	-7.3438	3	-1	1	0	0	0	0
5	1989.2	-0.36194	-7.6249	-0.36194	-7.6249	0	2	90	0	4.6562	-1	-9	3.6562	0	-7.3438	3	-1	1	0	0	0	0
5	2005.8	-0.36194	-7.6249	-0.36194	-7.6249	0	2	90	0	4.6562	-1	-9	3.6562	0	-7.3438	3	-1	1	0	0	0	0
5	2022.4	-0.36194	-7.5927	-0.36194	-7.5927	0	2	90	0	4.6562	-1	-9	3.6562	0	-7.3438	3	-1	1	0	0	0	0
5	2038.9	-0.36194	-7.5927	-0.36194	-7.5927	0	2	90	0	4.6562	-1	-9	3.6562	0	-7.3438	3	-1	1	0	0	0	0
5	2055.5	-0.36194	-7.5606	-0.36194	-7.5606	0	2	90	0	4.6562	-1	-9	3.6562	0	-7.3438	3	-1	1	0	0	0	0
5	2072.2	-0.38205	-7.4962	-0.38205	-7.4962	0	2	90	0	4.6562	-1	-9	3.6562	0	-7.3438	3	-1	1	0	0	0	0
5	2088.7	-0.38205	-7.4319	-0.38205	-7.4319	0	2	90	0	4.6562	-1	-9	3.6562	0	-7.3438	3	-1	1	0	0	0	0
5	2105.4	-0.40216	-7.2067	-0.40216	-7.2067	0	2	90	0	4.6562	-1	-9	3.6562	0	-7.3438	3	-1	1	0	0	0	0
5	2121.9	-0.40216	-6.9171	-0.40216	-6.9171	0	2	90	0	4.6562	-1	-9	3.6562	0	-7.3438	3	-1	1	0	0	0	0
5	2138.5	-0.40216	-6.5632	-0.40216	-6.5632	0	2	90	0	4.6562	-1	-9	3.6562	0	-7.3438	3	-1	1	0	0	0	0
5	2155.1	-0.38205	-6.338	-0.38205	-6.338	0	2	90	0	4.6562	-1	-9	3.6562	0	-7.3438	3	-1	1	0	0	0	0
5	2171.7	-0.36194	-5.9198	-0.36194	-5.9198	0	2	90	0	4.6562	-1	-9	3.6562	0	-7.3438	3	-1	1	0	0	0	0
5	2188.3	-0.36194	-5.6946	-0.36194	-5.6946	0	2	90	0	4.6562	-1	-9	3.6562	0	-7.3438	3	-1	1	0	0	0	0
5	2204.8	-0.34183	-5.2441	-0.34183	-5.2441	0	2	90	0	4.6562	-1	-9	3.6562	0	-7.3438	3	-1	1	0	0	0	0
5	2221.5	-0.32173	-4.7294	-0.32173	-4.7294	0	2	90	0	4.6562	-1	-9	3.6562	0	-7.3438	3	-1	1	0	0	0	0
5	2238.1	-0.2614	-4.1824	-0.2614	-4.1824	0	2	90	0	4.6562	-1	-9	3.6562	0	-7.3438	3	-1	1	0	0	0	0
5	2254.7	-0.24129	-3.9251	-0.24129	-3.9251	0	2	90	0	4.6562	-1	-9	3.6562	0	-7.3438	3	-1	1	0	0	0	0
5	2271.2	-0.16086	-3.3138	-0.16086	-3.3138	0	2	90	0	4.6562	-1	-9	3.6562	0	-7.3438	3	-1	1	0	0	0	0
5	2287.9	-0.14076	-2.9921	-0.14076	-2.9921	0	2	90	0	4.6562	-1	-9	3.6562	0	-7.3438	3	-1	1	0	0	0	0
5	2304.4	-0.080432	-2.3164	-0.080432	-2.3164	0	2	90	0	4.6562	-1	-9	3.6562	0	-7.3438	3	-1	1	0	0	0	0
5	2321	-0.040216	-1.6086	-0.040216	-1.6086	0	2	90	0	4.6562	-1	-9	3.6562	0	-7.3438	3	-1	1	0	0	0	0
5	2337.7	-0.020108	-1.2547	-0.020108	-1.2547	0	2	90	0	4.6562	-1	-9	3.6562	0	-7.3438	3	-1	1	0	0	0	0
5	2354.3	0.020108	-0.57911	0.020108	-0.57911	0	2	90	0	4.6562	-1	-9	3.6562	0	-7.3438	3	-1	1	0	0	0	0
5	2370.9	0.060324	0.064345	0.060324	0.064345	0	2	90	0	4.6562	-1	-9	3.6562	0	-7.3438	3	-1	1	0	0	0	0
5	2387.4	0.060324	0.38607	0.060324	0.38607	0	2	90	0	4.6562	-1	-9	3.6562	0	-7.3438	3	-1	1	0	0	0	0
5	2404	0.080432	0.96518	0.080432	0.96518	0	2	90	0	4.6562	-1	-9	3.6562	0	-7.3438	3	-1	1	0	0	0	0
5	2420.6	0.080432	1.2226	0.080432	1.2226	0	2	90	0	4.6562	-1	-9	3.6562	0	-7.3438	3	-1	1	0	0	0	0
5	2437.2	0.080432	1.7051	0.080432	1.7051	0	2	90	0	4.6562	-1	-9	3.6562	0	-7.3438	3	-1	1	0	0	0	0
5	2453.8	0.020108	2.1234	0.020108	2.1234	0	2	90	0	4.6562	-1	-9	3.6562	0	-7.3438	3	-1	1	0	0	0	0
5	2470.4	-0.040216	2.4773	-0.040216	2.4773	0	2	90	0	4.6562	-1	-9	3.6562	0	-7.3438	3	-1	1	0	0	0	0
5	2487	-0.10054	2.6382	-0.10054	2.6382	0	2	90	0	4.6562	-1	-9	3.6562	0	-7.3438	3	-1	1	0	0	0	0
5	2503.6	-0.20108	2.9277	-0.20108	2.9277	0	2	90	0	4.6562	-1	-9	3.6562	0	-7.3438	3	-1	1	0	0	0	0
5	2520.2	-0.24129	3.0564	-0.24129	3.0564	0	2	90	0	4.6562	-1	-9	3.6562	0	-7.3438	3	-1	1	0	0	0	0
5	2536.7	-0.34183	3.2494	-0.34183	3.2494	0	2	90	0	4.6562	-1	-9	3.6562	0	-7.3438	3	-1	1	0	0	0	0
5	2553.4	-0.40216	3.5068	-0.40216	3.5068	0	2	90	0	4.6562	-1	-9	3.6562	0	-7.3438	3	-1	1	0	0	0	0
5	2570	-0.42227	3.7964	-0.42227	3.7964	0	2	90	0	4.6562	-1	-9	3.6562	0	-7.3438	3	-1	1	0	0	0	0
5	2586.5	-0.42227	3.9572	-0.42227	3.9572	0	2	90	0	4.6562	-1	-9	3.6562	0	-7.3438	3	-1	1	0	0	0	0
5	2603.1	-0.42227	4.2468	-0.42227	4.2468	0	2	90	0	4.6562	-1	-9	3.6562	0	-7.3438	3	-1	1	0	0	0	0
5	2619.7	-0.40216	4.3755	-0.40216	4.3755	0	2	90	0	4.6562	-1	-9	3.6562	0	-7.3438	3	-1	1	0	0	0	0
5	2636.3	-0.40216	4.6329	-0.40216	4.6329	0	2	90	0	4.6562	-1	-9	3.6562	0	-7.3438	3	-1	1	0	0	0	0
5	2652.9	-0.42227	4.8581	-0.42227	4.8581	0	2	90	0	4.6562	-1	-9	3.6562	0	-7.3438	3	-1	1	0	0	0	0
5	2669.6	-0.42227	4.9546	-0.42227	4.9546	0	2	90	0	4.6562	-1	-9	3.6562	0	-7.3438	3	-1	1	0	0	0	0
5	2686.2	-0.44237	5.1476	-0.44237	5.1476	0	2	90	0	4.6562	-1	-9	3.6562	0	-7.3438	3	-1	1	0	0	0	0
5	2702.7	-0.46248	5.3407	-0.46248	5.3407	0	2	90	0	4.6562	-1	-9	3.6562	0	-7.3438	3	-1	1	0	0	0	0
5	2719.3	-0.48259	5.405	-0.48259	5.405	0	2	90	0	4.6562	-1	-9	3.6562	0	-7.3438	3	-1	1	0	0	0	0
5	2735.9	-0.5027	5.5337	-0.5027	5.5337	0	2	90	0	4.6562	-1	-9	3.6562	0	-7.3438	3	-1	1	0	0	0	0
5	2752.5	-0.54291	5.6624	-0.54291	5.6624	0	2	90	0	4.6562	-1	-9	3.6562	0	-7.3438	3	-1	1	0	0	0	0
5	2769.1	-0.54291	5.7267	-0.54291	5.7267	0	2	90	0	4.6562	-1	-9	3.6562	0	-7.3438	3	-1	1	0	0	0	0
5	2785.7	-0.54291	5.8554	-0.54291	5.8554	0	3	90	0	4.6562	-1	-9	3.6562	0	-7.3438	3	-1	1	0	0	0	0
6	28.72	0.14076	-7.2388	0.14076	-7.2388	0	1	105	-3.1058	4.2473	-1	-12.106	3.2474	0	-7.3438	3	-1	1	1	0	0	0
6	45.287	0.2614	-7.2388	0.2614	-7.2388	0	1	105	-3.1058	4.2473	-1	-12.106	3.2474	0	-7.3438	3	-1	1	1	0	0	0
6	61.874	0.48259	-7.2388	0.48259	-7.2388	0	1	105	-3.1058	4.2473	-1	-12.106	3.2474	0	-7.3438	3	-1	1	1	0	0	0
6	78.503	0.58313	-7.271	0.58313	-7.271	0	1	105	-3.1058	4.2473	-1	-12.106	3.2474	0	-7.3438	3	-1	1	1	0	0	0
6	95.072	0.70378	-7.271	0.70378	-7.271	0	1	105	-3.1058	4.2473	-1	-12.106	3.2474	0	-7.3438	3	-1	1	1	0	0	0
6	111.72	0.7641	-7.3032	0.7641	-7.3032	0	1	105	-3.1058	4.2473	-1	-12.106	3.2474	0	-7.3438	3	-1	1	1	0	0	0
6	128.3	0.7641	-7.3032	0.7641	-7.3032	0	1	105	-3.1058	4.2473	-1	-12.106	3.2474	0	-7.3438	3	-1	1	1	0	0	0
6	144.9	0.7641	-7.3032	0.7641	-7.3032	0	1	105	-3.1058	4.2473	-1	-12.106	3.2474	0	-7.3438	3	-1	1	1	0	0	0
6	161.47	0.7641	-7.3032	0.7641	-7.3032	0	1	105	-3.1058	4.2473	-1	-12.106	3.2474	0	-7.3438	3	-1	1	1	0	0	0
6	178.05	0.7641	-7.3032	0.7641	-7.3032	0	1	105	-3.1058	4.2473	-1	-12.106	3.2474	0	-7.3438	3	-1	1	1	0	0	0
6	194.63	0.72388	-7.3354	0.72388	-7.3354	0	1	105	-3.1058	4.2473	-1	-12.106	3.2474	0	-7.3438	3	-1	1	1	0	0	0
6	211.23	0.62334	-7.3675	0.62334	-7.3675	0	1	105	-3.1058	4.2473	-1	-12.106	3.2474	0	-7.3438	3	-1	1	1	0	0	0
6	227.85	0.56302	-7.3675	0.56302	-7.3675	0	1	105	-3.1058	4.2473	-1	-12.106	3.2474	0	-7.3438	3	-1	1	1	0	0	0
6	244.45	0.46248	-7.3675	0.46248	-7.3675	0	1	105	-3.1058	4.2473	-1	-12.106	3.2474	0	-7.3438	3	-1	1	1	0	0	0
6	261.03	0.40216	-7.3997	0.40216	-7.3997	0	1	105	-3.1058	4.2473	-1	-12.106	3.2474	0	-7.3438	3	-1	1	1	0	0	0
6	277.63	0.36194	-7.3997	0.36194	-7.3997	0	1	105	-3.1058	4.2473	-1	-12.106	3.2474	0	-7.3438	3	-1	1	1	0	0	0
6	294.31	0.34183	-7.3997	0.34183	-7.3997	0	1	105	-3.1058	4.2473	-1	-12.106	3.2474	0	-7.3438	3	-1	1	1	0	0	0
6	310.81	0.30162	-7.3997	0.30162	-7.3997	0	1	105	-3.1058	4.2473	-1	-12.106	3.2474	0	-7.3438	3	-1	1	1	0	0	0
6	327.42	0.30162	-7.3997	0.30162	-7.3997	0	1	105	-3.1058	4.2473	-1	-12.106	3.2474	0	-7.3438	3	-1	1	1	0	0	0
6	344.04	0.28151	-7.3354	0.28151	-7.3354	0	1	105	-3.1058	4.2473	-1	-12.106	3.2474	0	-7.3438	3	-1	1	1	0	0	0
6	360.61	0.24129	-7.2388	0.24129	-7.2388	0	1	105	-3.1058	4.2473	-1	-12.106	3.2474	0	-7.3438	3	-1	1	1	0	0	0
6	377.16	0.22119	-7.1423	0.22119	-7.1423	0	1	105	-3.1058	4.2473	-1	-12.106	3.2474	0	-7.3438	3	-1	1	1	0	0	0
6	393.73	0.18097	-6.8849	0.18097	-6.8849	0	1	105	-3.1058	4.2473	-1	-12.106	3.2474	0	-7.3438	3	-1	1	1	0	0	0
6	410.36	0.080432	-6.531	0.080432	-6.531	0	1	105	-3.1058	4.2473	-1	-12.106	3.2474	0	-7.3438	3	-1	1	1	0	0	0
6	426.92	0	-6.2737	0	-6.2737	0	1	105	-3.1058	4.2473	-1	-12.106	3.2474	0	-7.3438	3	-1	1	1	0	0	0
6	443.61	-0.22119	-5.6946	-0.22119	-5.6946	0	1	105	-3.1058	4.2473	-1	-12.106	3.2474	0	-7.3438	3	-1	1	1	0	0	0
6	460.17	-0.34183	-5.405	-0.34183	-5.405	0	1	105	-3.1058	4.2473	-1	-12.106	3.2474	0	-7.3438	3	-1	1	1	0	0	0
6	476.76	-0.64345	-4.6972	-0.64345	-4.6972	0	1	105	-3.1058	4.2473	-1	-12.106	3.2474	0	-7.3438	3	-1	1	1	0	0	0
6	493.33	-1.0255	-3.9251	-1.0255	-3.9251	0	2	105	-3.1058	4.2473	-1	-12.106	3.2474	0	-7.3438	3	-1	1	1	0	0	0
6	509.91	-1.2467	-3.5068	-1.2467	-3.5068	0	2	105	-3.1058	4.2473	-1	-12.106	3.2474	0	-7.3438	3	-1	1	1	0	0	0
6	526.49	-1.7092	-2.6382	-1.7092	-2.6382	0	2	105	-3.1058	4.2473	-1	-12.106	3.2474	0	-7.3438	3	-1	1	1	0	1	0
6	543.1	-2.232	-1.7373	-2.232	-1.7373	0	2	105	-3.1058	4.2473	-1	-12.106	3.2474	0	-7.3438	3	-1	1	1	0	0	0
6	559.76	-2.4934	-1.3191	-2.4934	-1.3191	0	2	105	-3.1058	4.2473	-1	-12.106	3.2474	0	-7.3438	3	-1	1	1	0	0	0
6	576.33	-2.9961	-0.48259	-2.9961	-0.48259	0	2	105	-3.1058	4.2473	-1	-12.106	3.2474	0	-7.3438	3	-1	1	1	0	0	0
6	592.93	-3.4384	0.22521	-3.4384	0.22521	0	2	105	-3.1058	4.2473	-1	-12.106	3.2474	0	-7.3438	3	-1	1	1	0	0	0
6	609.51	-3.6194	0.54693	-3.6194	0.54693	0	2	105	-3.1058	4.2473	-1	-12.106	3.2474	0	-7.3438	3	-1	1	1	0	0	0
6	626.07	-3.9411	1.126	-3.9411	1.126	0	2	105	-3.1058	4.2473	-1	-12.106	3.2474	0	-7.3438	3	-1	1	1	0	0	0
6	642.67	-4.2025	1.6086	-4.2025	1.6086	0	2	105	-3.1058	4.2473	-1	-12.106	3.2474	0	-7.3438	3	-1	1	1	0	0	0
6	659.24	-4.3031	1.8338	-4.3031	1.8338	0	2	105	-3.1058	4.2473	-1	-12.106	3.2474	0	-7.3438	3	-1	1	1	0	0	0
6	675.9	-4.5042	2.2843	-4.5042	2.2843	0	2	105	-3.1058	4.2473	-1	-12.106	3.2474	0	-7.3438	3	-1	1	1	0	0	0
6	692.5	-4.6449	2.6703	-4.6449	2.6703	0	2	105	-3.1058	4.2473	-1	-12.106	3.2474	0	-7.3438	3	-1	1	1	0	0	0
6	709.07	-4.7052	2.8955	-4.7052	2.8955	0	2	105	-3.1058	4.2473	-1	-12.106	3.2474	0	-7.3438	3	-1	1	1	0	0	0
6	725.64	-4.7656	3.2494	-4.7656	3.2494	0	2	105	-3.1058	4.2473	-1	-12.106	3.2474	0	-7.3438	3	-1	1	1	0	0	0
6	742.27	-4.8058	3.539	-4.8058	3.539	0	2	105	-3.1058	4.2473	-1	-12.106	3.2474	0	-7.3438	3	-1	1	0	0	0	0
6	758.88	-4.8259	3.6355	-4.8259	3.6355	0	2	105	-3.1058	4.2473	-1	-12.106	3.2474	0	-7.3438	3	-1	1	0	0	0	0
6	775.48	-4.8661	3.7964	-4.8661	3.7964	0	2	105	-3.1058	4.2473	-1	-12.106	3.2474	0	-7.3438	3	-1	1	0	0	0	0
6	792.07	-4.8661	3.8607	-4.8661	3.8607	0	2	105	-3.1058	4.2473	-1	-12.106	3.2474	0	-7.3438	3	-1	1	0	0	0	0
6	808.66	-4.8862	3.8929	-4.8862	3.8929	0	2	105	-3.1058	4.2473	-1	-12.106	3.2474	0	-7.3438	3	-1	1	0	0	0	0
6	825.23	-4.8862	3.9251	-4.8862	3.9251	0	2	105	-3.1058	4.2473	-1	-12.106	3.2474	0	-7.3438	3	-1	1	0	0	0	0
6	841.83	-4.8862	3.9251	-4.8862	3.9251	0	2	105	-3.1058	4.2473	-1	-12.106	3.2474	0	-7.3438	3	-1	1	0	0	0	0
6	858.4	-4.8862	3.9251	-4.8862	3.9251	0	2	105	-3.1058	4.2473	-1	-12.106	3.2474	0	-7.3438	3	-1	1	0	0	0	0
6	875.05	-4.8862	3.9251	-4.8862	3.9251	0	2	105	-3.1058	4.2473	-1	-12.106	3.2474	0	-7.3438	3	-1	1	0	0	0	0
6	891.58	-4.8862	3.9251	-4.8862	3.9251	0	3	105	-3.1058	4.2473	-1	-12.106	3.2474	0	-7.3438	3	-1	1	0	0	0	0
7	30.496	-0.34183	-7.6249	-0.34183	-7.6249	0	1	90	0	4.6562	-1	-9	3.6562	0	-7.3438	3	-1	1	1	0	0	0
7	47.086	-0.22119	-7.6249	-0.22119	-7.6249	0	1	90	0	4.6562	-1	-9	3.6562	0	-7.3438	3	-1	1	1	0	0	0
7	63.667	-0.12065	-7.6249	-0.12065	-7.6249	0	1	90	0	4.6562	-1	-9	3.6562	0	-7.3438	3	-1	1	1	0	0	0
7	80.238	-0.080432	-7.6249	-0.080432	-7.6249	0	1	90	0	4.6562	-1	-9	3.6562	0	-7.3438	3	-1	1	1	0	0	0
7	96.857	-0.040216	-7.6249	-0.040216	-7.6249	0	1	90	0	4.6562	-1	-9	3.6562	0	-7.3438	3	-1	1	1	0	0	0
7	113.41	-0.040216	-7.6249	-0.040216	-7.6249	0	1	90	0	4.6562	-1	-9	3.6562	0	-7.3438	3	-1	1	1	0	0	0
7	130.06	-0.040216	-7.6249	-0.040216	-7.6249	0	1	90	0	4.6562	-1	-9	3.6562	0	-7.3438	3	-1	1	1	0	0	0
7	146.61	-0.040216	-7.6249	-0.040216	-7.6249	0	1	90	0	4.6562	-1	-9	3.6562	0	-7.3438	3	-1	1	1	0	0	0
7	163.21	-0.040216	-7.6249	-0.040216	-7.6249	0	1	90	0	4.6562	-1	-9	3.6562	0	-7.3438	3	-1	1	1	0	0	0
7	179.79	-0.040216	-7.6249	-0.040216	-7.6249	0	1	90	0	4.6562	-1	-9	3.6562	0	-7.3438	3	-1	1	1	0	0	0
7	196.39	-0.040216	-7.6249	-0.040216	-7.6249	0	1	90	0	4.6562	-1	-9	3.6562	0	-7.3438	3	-1	1	1	0	0	0
7	212.99	-0.040216	-7.6249	-0.040216	-7.6249	0	1	90	0	4.6562	-1	-9	3.6562	0	-7.3438	3	-1	1	1	0	0	0
7	229.62	-0.040216	-7.6249	-0.040216	-7.6249	0	1	90	0	4.6562	-1	-9	3.6562	0	-7.3438	3	-1	1	1	0	0	0
7	246.21	-0.040216	-7.6249	-0.040216	-7.6249	0	1	90	0	4.6562	-1	-9	3.6562	0	-7.3438	3	-1	1	1	0	0	0
7	262.81	-0.040216	-7.6249	-0.040216	-7.6249	0	1	90	0	4.6562	-1	-9	3.6562	0	-7.3438	3	-1	1	1	0	0	0
7	279.36	-0.040216	-7.6249	-0.040216	-7.6249	0	1	90	0	4.6562	-1	-9	3.6562	0	-7.3438	3	-1	1	1	0	0	0
7	295.93	-0.040216	-7.6249	-0.040216	-7.6249	0	1	90	0	4.6562	-1	-9	3.6562	0	-7.3438	3	-1	1	1	0	0	0
7	312.55	-0.040216	-7.5927	-0.040216	-7.5927	0	1	90	0	4.6562	-1	-9	3.6562	0	-7.3438	3	-1	1	1	0	0	0
7	329.14	-0.020108	-7.5606	-0.020108	-7.5606	0	1	90	0	4.6562	-1	-9	3.6562	0	-7.3438	3	-1	1	1	0	0	0
7	345.78	-0.020108	-7.4319	-0.020108	-7.4319	0	1	90	0	4.6562	-1	-9	3.6562	0	-7.3438	3	-1	1	1	0	0	0
7	362.37	-0.020108	-7.3354	-0.020108	-7.3354	0	1	90	0	4.6562	-1	-9	3.6562	0	-7.3438	3	-1	1	1	0	0	0
7	378.94	0	-7.078	0	-7.078	0	1	90	0	4.6562	-1	-9	3.6562	0	-7.3438	3	-1	1	1	0	0	0
7	395.5	0.020108	-6.7562	0.020108	-6.7562	0	1	90	0	4.6562	-1	-9	3.6562	0	-7.3438	3	-1	1	1	0	0	0
7	412.1	0.020108	-6.5632	0.020108	-6.5632	0	1	90	0	4.6562	-1	-9	3.6562	0	-7.3438	3	-1	1	1	0	0	0
7	428.68	0.060324	-6.0485	0.060324	-6.0485	0	1	90	0	4.6562	-1	-9	3.6562	0	-7.3438	3	-1	1	1	0	0	0
7	445.32	0.10054	-5.4372	0.10054	-5.4372	0	1	90	0	4.6562	-1	-9	3.6562	0	-7.3438	3	-1	1	1	0	0	0
7	461.91	0.12065	-5.0833	0.12065	-5.0833	0	1	90	0	4.6562	-1	-9	3.6562	0	-7.3438	3	-1	1	1	0	0	0
7	478.54	0.22119	-4.3433	0.22119	-4.3433	0	2	90	0	4.6562	-1	-9	3.6562	0	-7.3438	3	-1	1	1	0	0	0
7	495.12	0.40216	-3.6355	0.40216	-3.6355	0	2	90	0	4.6562	-1	-9	3.6562	0	-7.3438	3	-1	1	1	0	0	0
7	511.71	0.52281	-3.3138	0.52281	-3.3138	0	2	90	0	4.6562	-1	-9	3.6562	0	-7.3438	3	-1	1	1	0	0	0
7	528.26	0.74399	-2.6382	0.74399	-2.6382	0	2	90	0	4.6562	-1	-9	3.6562	0	-7.3438	3	-1	1	1	0	0	0
7	544.84	0.98529	-1.8982	0.98529	-1.8982	0	2	90	0	4.6562	-1	-9	3.6562	0	-7.3438	3	-1	1	1	0	0	0
7	561.46	1.1059	-1.5443	1.1059	-1.5443	0	2	90	0	4.6562	-1	-9	3.6562	0	-7.3438	3	-1	1	1	0	0	0
7	578.11	1.3673	-0.77214	1.3673	-0.77214	0	2	90	0	4.6562	-1	-9	3.6562	0	-7.3438	3	-1	1	1	0	1	0
7	594.69	1.6287	0	1.6287	0	0	2	90	0	4.6562	-1	-9	3.6562	0	-7.3438	3	-1	1	1	0	0	0
7	611.25	1.7494	0.3539	1.7494	0.3539	0	2	90	0	4.6562	-1	-9	3.6562	0	-7.3438	3	-1	1	1	0	0	0
7	627.8	1.9706	1.0617	1.9706	1.0617	0	2	90	0	4.6562	-1	-9	3.6562	0	-7.3438	3	-1	1	1	0	0	0
7	644.42	2.1515	1.7695	2.1515	1.7695	0	2	90	0	4.6562	-1	-9	3.6562	0	-7.3438	3	-1	1	1	0	0	0
7	660.94	2.2521	2.1234	2.2521	2.1234	0	2	90	0	4.6562	-1	-9	3.6562	0	-7.3438	3	-1	1	1	0	0	0
7	677.63	2.4129	2.8312	2.4129	2.8312	0	2	90	0	4.6562	-1	-9	3.6562	0	-7.3438	3	-1	1	1	0	0	0
7	694.23	2.4934	3.1529	2.4934	3.1529	0	2	90	0	4.6562	-1	-9	3.6562	0	-7.3438	3	-1	1	1	0	0	0
7	710.82	2.614	3.7642	2.614	3.7642	0	2	90	0	4.6562	-1	-9	3.6562	0	-7.3438	3	-1	1	1	0	0	0
7	727.43	2.7347	4.3111	2.7347	4.3111	0	2	90	0	4.6562	-1	-9	3.6562	0	-7.3438	3	-1	1	1	0	0	0
7	743.96	2.795	4.8259	2.795	4.8259	0	2	90	0	4.6562	-1	-9	3.6562	0	-7.3438	3	-1	1	1	0	0	0
7	760.58	2.8151	5.0511	2.8151	5.0511	0	2	90	0	4.6562	-1	-9	3.6562	0	-7.3438	3	-1	1	1	0	0	0
7	777.17	2.8352	5.4372	2.8352	5.4372	0	2	90	0	4.6562	-1	-9	3.6562	0	-7.3438	3	-1	1	1	0	0	0
7	793.79	2.8151	5.598	2.8151	5.598	0	2	90	0	4.6562	-1	-9	3.6562	0	-7.3438	3	-1	1	1	0	0	0
7	810.41	2.7749	5.8554	2.7749	5.8554	0	2	90	0	4.6562	-1	-9	3.6562	0	-7.3438	3	-1	1	1	0	0	0
7	826.95	2.6945	6.0806	2.6945	6.0806	0	2	90	0	4.6562	-1	-9	3.6562	0	-7.3438	3	-1	1	1	0	0	0
7	843.57	2.6542	6.3058	2.6542	6.3058	0	2	90	0	4.6562	-1	-9	3.6562	0	-7.3438	3	-1	1	1	0	0	0
7	860.12	2.6341	6.4024	2.6341	6.4024	0	2	90	0	4.6562	-1	-9	3.6562	0	-7.3438	3	-1	1	1	0	0	0
7	876.76	2.5939	6.5632	2.5939	6.5632	0	2	90	0	4.6562	-1	-9	3.6562	0	-7.3438	3	-1	1	1	0	0	0
7	893.29	2.5738	6.6597	2.5738	6.6597	0	2	90	0	4.6562	-1	-9	3.6562	0	-7.3438	3	-1	1	1	0	0	0
7	909.96	2.5336	6.7884	2.5336	6.7884	0	2	90	0	4.6562	-1	-9	3.6562	0	-7.3438	3	-1	1	1	0	0	0
7	926.57	2.5135	6.8849	2.5135	6.8849	0	2	90	0	4.6562	-1	-9	3.6562	0	-7.3438	3	-1	1	1	0	0	0
7	943.15	2.4934	6.9815	2.4934	6.9815	0	2	90	0	4.6562	-1	-9	3.6562	0	-7.3438	3	-1	1	0	0	0	0
7	959.71	2.4934	7.0136	2.4934	7.0136	0	2	90	0	4.6562	-1	-9	3.6562	0	-7.3438	3	-1	1	0	0	0	0
7	976.28	2.4934	7.0458	2.4934	7.0458	0	3	90	0	4.6562	-1	-9	3.6562	0	-7.3438	3	-1	1	0	0	0	0
8	30.621	-0.66356	-7.4319	-0.66356	-7.4319	0	1	75	3.1058	4.2473	-1	-5.8942	3.2474	0	-7.3438	3	-1	1	0	0	0	0
8	47.209	-0.68367	-7.464	-0.68367	-7.464	0	1	75	3.1058	4.2473	-1	-5.8942	3.2474	0	-7.3438	3	-1	1	0	0	0	0
8	63.78	-0.68367	-7.464	-0.68367	-7.464	0	1	75	3.1058	4.2473	-1	-5.8942	3.2474	0	-7.3438	3	-1	1	0	0	0	0
8	80.368	-0.68367	-7.464	-0.68367	-7.464	0	1	75	3.1058	4.2473	-1	-5.8942	3.2474	0	-7.3438	3	-1	1	0	0	0	0
8	96.94	-0.68367	-7.464	-0.68367	-7.464	0	1	75	3.1058	4.2473	-1	-5.8942	3.2474	0	-7.3438	3	-1	1	0	0	0	0
8	113.63	-0.68367	-7.464	-0.68367	-7.464	0	1	75	3.1058	4.2473	-1	-5.8942	3.2474	0	-7.3438	3	-1	1	0	0	0	0
8	130.22	-0.68367	-7.464	-0.68367	-7.464	0	1	75	3.1058	4.2473	-1	-5.8942	3.2474	0	-7.3438	3	-1	1	0	0	0	0
8	146.79	-0.66356	-7.464	-0.66356	-7.464	0	1	75	3.1058	4.2473	-1	-5.8942	3.2474	0	-7.3438	3	-1	1	0	0	0	0
8	163.37	-0.66356	-7.464	-0.66356	-7.464	0	1	75	3.1058	4.2473	-1	-5.8942	3.2474	0	-7.3438	3	-1	1	0	0	0	0
8	179.99	-0.64345	-7.464	-0.64345	-7.464	0	1	75	3.1058	4.2473	-1	-5.8942	3.2474	0	-7.3438	3	-1	1	0	0	0	0
8	196.61	-0.62334	-7.464	-0.62334	-7.464	0	1	75	3.1058	4.2473	-1	-5.8942	3.2474	0	-7.3438	3	-1	1	0	0	0	0
8	213.21	-0.60324	-7.464	-0.60324	-7.464	0	1	75	3.1058	4.2473	-1	-5.8942	3.2474	0	-7.3438	3	-1	1	0	0	0	0
8	229.78	-0.58313	-7.4962	-0.58313	-7.4962	0	1	75	3.1058	4.2473	-1	-5.8942	3.2474	0	-7.3438	3	-1	1	0	0	0	0
8	246.39	-0.58313	-7.4962	-0.58313	-7.4962	0	1	75	3.1058	4.2473	-1	-5.8942	3.2474	0	-7.3438	3	-1	1	0	0	0	0
8	262.97	-0.58313	-7.4962	-0.58313	-7.4962	0	1	75	3.1058	4.2473	-1	-5.8942	3.2474	0	-7.3438	3	-1	1	0	0	0	0
8	279.53	-0.56302	-7.4962	-0.56302	-7.4962	0	1	75	3.1058	4.2473	-1	-5.8942	3.2474	0	-7.3438	3	-1	1	0	0	0	0
8	296.14	-0.54291	-7.4962	-0.54291	-7.4962	0	1	75	3.1058	4.2473	-1	-5.8942	3.2474	0	-7.3438	3	-1	1	0	0	0	0
8	312.75	-0.54291	-7.4962	-0.54291	-7.4962	0	1	75	3.1058	4.2473	-1	-5.8942	3.2474	0	-7.3438	3	-1	1	0	0	0	0
8	329.3	-0.54291	-7.4962	-0.54291	-7.4962	0	1	75	3.1058	4.2473	-1	-5.8942	3.2474	0	-7.3438	3	-1	1	0	0	0	0
8	345.93	-0.54291	-7.4962	-0.54291	-7.4962	0	1	75	3.1058	4.2473	-1	-5.8942	3.2474	0	-7.3438	3	-1	1	0	0	0	0
8	362.51	-0.52281	-7.4962	-0.52281	-7.4962	0	1	75	3.1058	4.2473	-1	-5.8942	3.2474	0	-7.3438	3	-1	1	1	0	0	0
8	379.11	-0.5027	-7.464	-0.5027	-7.464	0	1	75	3.1058	4.2473	-1	-5.8942	3.2474	0	-7.3438	3	-1	1	1	0	0	0
8	395.7	-0.42227	-7.271	-0.42227	-7.271	0	1	75	3.1058	4.2473	-1	-5.8942	3.2474	0	-7.3438	3	-1	1	1	0	0	0
8	412.24	-0.38205	-7.1423	-0.38205	-7.1423	0	1	75	3.1058	4.2473	-1	-5.8942	3.2474	0	-7.3438	3	-1	1	1	0	0	0
8	428.87	-0.28151	-6.8206	-0.28151	-6.8206	0	1	75	3.1058	4.2473	-1	-5.8942	3.2474	0	-7.3438	3	-1	1	1	0	0	0
8	445.53	-0.22119	-6.6276	-0.22119	-6.6276	0	1	75	3.1058	4.2473	-1	-5.8942	3.2474	0	-7.3438	3	-1	1	1	0	0	0
8	462.12	-0.060324	-6.1771	-0.060324	-6.1771	0	1	75	3.1058	4.2473	-1	-5.8942	3.2474	0	-7.3438	3	-1	1	1	0	0	0
8	478.65	0.16086	-5.7267	0.16086	-5.7267	0	1	75	3.1058	4.2473	-1	-5.8942	3.2474	0	-7.3438	3	-1	1	1	0	0	0
8	495.24	0.42227	-5.2441	0.42227	-5.2441	0	1	75	3.1058	4.2473	-1	-5.8942	3.2474	0	-7.3438	3	-1	1	1	0	0	0
8	511.86	0.58313	-4.9868	0.58313	-4.9868	0	2	75	3.1058	4.2473	-1	-5.8942	3.2474	0	-7.3438	3	-1	1	1	0	0	0
8	528.46	0.92496	-4.4076	0.92496	-4.4076	0	2	75	3.1058	4.2473	-1	-5.8942	3.2474	0	-7.3438	3	-1	1	1	0	0	0
8	545.03	1.1059	-4.1181	1.1059	-4.1181	0	2	75	3.1058	4.2473	-1	-5.8942	3.2474	0	-7.3438	3	-1	1	1	0	0	0
8	561.68	1.5282	-3.539	1.5282	-3.539	0	2	75	3.1058	4.2473	-1	-5.8942	3.2474	0	-7.3438	3	-1	1	1	0	0	0
8	578.28	1.9505	-2.9599	1.9505	-2.9599	0	2	75	3.1058	4.2473	-1	-5.8942	3.2474	0	-7.3438	3	-1	1	1	0	0	0
8	594.83	2.3727	-2.3164	2.3727	-2.3164	0	2	75	3.1058	4.2473	-1	-5.8942	3.2474	0	-7.3438	3	-1	1	1	0	0	0
8	611.39	2.5939	-1.9947	2.5939	-1.9947	0	2	75	3.1058	4.2473	-1	-5.8942	3.2474	0	-7.3438	3	-1	1	1	0	0	0
8	627.99	3.0162	-1.2226	3.0162	-1.2226	0	2	75	3.1058	4.2473	-1	-5.8942	3.2474	0	-7.3438	3	-1	1	1	0	1	0
8	644.62	3.2374	-0.80432	3.2374	-0.80432	0	2	75	3.1058	4.2473	-1	-5.8942	3.2474	0	-7.3438	3	-1	1	1	0	0	0
8	661.25	3.6797	-0.064345	3.6797	-0.064345	0	2	75	3.1058	4.2473	-1	-5.8942	3.2474	0	-7.3438	3	-1	1	1	0	0	0
8	677.81	4.102	0.57911	4.102	0.57911	0	2	75	3.1058	4.2473	-1	-5.8942	3.2474	0	-7.3438	3	-1	1	1	0	0	0
8	694.39	4.4841	1.126	4.4841	1.126	0	2	75	3.1058	4.2473	-1	-5.8942	3.2474	0	-7.3438	3	-1	1	1	0	0	0
8	710.98	4.6851	1.3834	4.6851	1.3834	0	2	75	3.1058	4.2473	-1	-5.8942	3.2474	0	-7.3438	3	-1	1	1	0	0	0
8	727.58	5.027	1.9625	5.027	1.9625	0	2	75	3.1058	4.2473	-1	-5.8942	3.2474	0	-7.3438	3	-1	1	1	0	0	0
8	744.17	5.2079	2.2199	5.2079	2.2199	0	2	75	3.1058	4.2473	-1	-5.8942	3.2474	0	-7.3438	3	-1	1	1	0	0	0
8	760.74	5.5096	2.7347	5.5096	2.7347	0	2	75	3.1058	4.2473	-1	-5.8942	3.2474	0	-7.3438	3	-1	1	1	0	0	0
8	777.38	5.771	3.1529	5.771	3.1529	0	2	75	3.1058	4.2473	-1	-5.8942	3.2474	0	-7.3438	3	-1	1	1	0	0	0
8	794	5.972	3.4425	5.972	3.4425	0	2	75	3.1058	4.2473	-1	-5.8942	3.2474	0	-7.3438	3	-1	1	1	0	0	0
8	810.52	6.0525	3.5712	6.0525	3.5712	0	2	75	3.1058	4.2473	-1	-5.8942	3.2474	0	-7.3438	3	-1	1	1	0	0	0
8	827.15	6.1932	3.7642	6.1932	3.7642	0	2	75	3.1058	4.2473	-1	-5.8942	3.2474	0	-7.3438	3	-1	1	1	0	0	0
8	843.53	6.2334	3.8607	6.2334	3.8607	0	2	75	3.1058	4.2473	-1	-5.8942	3.2474	0	-7.3438	3	-1	1	1	0	0	0
8	860.35	6.3139	3.9894	6.3139	3.9894	0	2	75	3.1058	4.2473	-1	-5.8942	3.2474	0	-7.3438	3	-1	1	0	0	0	0
8	876.97	6.334	4.0216	6.334	4.0216	0	2	75	3.1058	4.2473	-1	-5.8942	3.2474	0	-7.3438	3	-1	1	0	0	0	0
8	893.56	6.334	4.0216	6.334	4.0216	0	2	75	3.1058	4.2473	-1	-5.8942	3.2474	0	-7.3438	3	-1	1	0	0	0	0
8	910.13	6.334	4.0216	6.334	4.0216	0	2	75	3.1058	4.2473	-1	-5.8942	3.2474	0	-7.3438	3	-1	1	0	0	0	0
8	926.73	6.334	4.0216	6.334	4.0216	0	2	75	3.1058	4.2473	-1	-5.8942	3.2474	0	-7.3438	3	-1	1	0	0	0	0
8	943.3	6.334	4.0216	6.334	4.0216	0	2	75	3.1058	4.2473	-1	-5.8942	3.2474	0	-7.3438	3	-1	1	0	0	0	0
8	959.88	6.334	4.0216	6.334	4.0216	0	2	75	3.1058	4.2473	-1	-5.8942	3.2474	0	-7.3438	3	-1	1	0	0	0	0
8	976.52	6.334	4.0216	6.334	4.0216	0	3	75	3.1058	4.2473	-1	-5.8942	3.2474	0	-7.3438	3	-1	1	0	0	0	0
9	30.778	-0.52281	-7.271	-0.52281	-7.271	0	1	105	-3.1058	4.2473	-1	-12.106	3.2474	0	-7.3438	3	-1	1	1	0	0	0
9	47.414	-0.48259	-7.464	-0.48259	-7.464	0	1	105	-3.1058	4.2473	-1	-12.106	3.2474	0	-7.3438	3	-1	1	1	0	0	0
9	63.983	-0.46248	-7.5606	-0.46248	-7.5606	0	1	105	-3.1058	4.2473	-1	-12.106	3.2474	0	-7.3438	3	-1	1	1	0	0	0
9	80.554	-0.46248	-7.5927	-0.46248	-7.5927	0	1	105	-3.1058	4.2473	-1	-12.106	3.2474	0	-7.3438	3	-1	1	1	0	0	0
9	97.186	-0.46248	-7.5927	-0.46248	-7.5927	0	1	105	-3.1058	4.2473	-1	-12.106	3.2474	0	-7.3438	3	-1	1	1	0	0	0
9	113.77	-0.46248	-7.5927	-0.46248	-7.5927	0	1	105	-3.1058	4.2473	-1	-12.106	3.2474	0	-7.3438	3	-1	1	1	0	0	0
9	130.37	-0.46248	-7.5927	-0.46248	-7.5927	0	1	105	-3.1058	4.2473	-1	-12.106	3.2474	0	-7.3438	3	-1	1	1	0	0	0
9	146.98	-0.46248	-7.5927	-0.46248	-7.5927	0	1	105	-3.1058	4.2473	-1	-12.106	3.2474	0	-7.3438	3	-1	1	1	0	0	0
9	163.56	-0.46248	-7.5927	-0.46248	-7.5927	0	1	105	-3.1058	4.2473	-1	-12.106	3.2474	0	-7.3438	3	-1	1	1	0	0	0
9	180.11	-0.46248	-7.5927	-0.46248	-7.5927	0	1	105	-3.1058	4.2473	-1	-12.106	3.2474	0	-7.3438	3	-1	1	1	0	0	0
9	196.74	-0.46248	-7.5927	-0.46248	-7.5927	0	1	105	-3.1058	4.2473	-1	-12.106	3.2474	0	-7.3438	3	-1	1	1	0	0	0
9	213.34	-0.46248	-7.5927	-0.46248	-7.5927	0	1	105	-3.1058	4.2473	-1	-12.106	3.2474	0	-7.3438	3	-1	1	1	0	0	0
9	229.92	-0.46248	-7.5927	-0.46248	-7.5927	0	1	105	-3.1058	4.2473	-1	-12.106	3.2474	0	-7.3438	3	-1	1	1	0	0	0
9	246.55	-0.46248	-7.5927	-0.46248	-7.5927	0	1	105	-3.1058	4.2473	-1	-12.106	3.2474	0	-7.3438	3	-1	1	1	0	0	0
9	263.14	-0.46248	-7.5927	-0.46248	-7.5927	0	1	105	-3.1058	4.2473	-1	-12.106	3.2474	0	-7.3438	3	-1	1	1	0	0	0
9	279.71	-0.44237	-7.5927	-0.44237	-7.5927	0	1	105	-3.1058	4.2473	-1	-12.106	3.2474	0	-7.3438	3	-1	1	1	0	0	0
9	296.27	-0.44237	-7.5927	-0.44237	-7.5927	0	1	105	-3.1058	4.2473	-1	-12.106	3.2474	0	-7.3438	3	-1	1	1	0	0	0
9	312.87	-0.42227	-7.5927	-0.42227	-7.5927	0	1	105	-3.1058	4.2473	-1	-12.106	3.2474	0	-7.3438	3	-1	1	1	0	0	0
9	329.5	-0.42227	-7.5927	-0.42227	-7.5927	0	1	105	-3.1058	4.2473	-1	-12.106	3.2474	0	-7.3438	3	-1	1	1	0	0	0
9	346.08	-0.42227	-7.5927	-0.42227	-7.5927	0	1	105	-3.1058	4.2473	-1	-12.106	3.2474	0	-7.3438	3	-1	1	1	0	0	0
9	362.72	-0.42227	-7.5927	-0.42227	-7.5927	0	1	105	-3.1058	4.2473	-1	-12.106	3.2474	0	-7.3438	3	-1	1	1	0	0	0
9	379.31	-0.42227	-7.5927	-0.42227	-7.5927	0	1	105	-3.1058	4.2473	-1	-12.106	3.2474	0	-7.3438	3	-1	1	1	0	0	0
9	395.87	-0.42227	-7.5927	-0.42227	-7.5927	0	1	105	-3.1058	4.2473	-1	-12.106	3.2474	0	-7.3438	3	-1	1	1	0	0	0
9	412.44	-0.40216	-7.5927	-0.40216	-7.5927	0	1	105	-3.1058	4.2473	-1	-12.106	3.2474	0	-7.3438	3	-1	1	1	0	0	0
9	429.04	-0.40216	-7.5927	-0.40216	-7.5927	0	1	105	-3.1058	4.2473	-1	-12.106	3.2474	0	-7.3438	3	-1	1	1	0	0	0
9	445.63	-0.38205	-7.5606	-0.38205	-7.5606	0	1	105	-3.1058	4.2473	-1	-12.106	3.2474	0	-7.3438	3	-1	1	1	0	0	0
9	462.26	-0.36194	-7.5606	-0.36194	-7.5606	0	1	105	-3.1058	4.2473	-1	-12.106	3.2474	0	-7.3438	3	-1	1	1	0	0	0
9	478.88	-0.36194	-7.4962	-0.36194	-7.4962	0	1	105	-3.1058	4.2473	-1	-12.106	3.2474	0	-7.3438	3	-1	1	1	0	0	0
9	495.45	-0.36194	-7.3675	-0.36194	-7.3675	0	1	105	-3.1058	4.2473	-1	-12.106	3.2474	0	-7.3438	3	-1	1	1	0	0	0
9	512.04	-0.44237	-7.1101	-0.44237	-7.1101	0	1	105	-3.1058	4.2473	-1	-12.106	3.2474	0	-7.3438	3	-1	1	1	0	0	0
9	528.62	-0.5027	-6.9493	-0.5027	-6.9493	0	1	105	-3.1058	4.2473	-1	-12.106	3.2474	0	-7.3438	3	-1	1	1	0	0	0
9	545.23	-0.70378	-6.5632	-0.70378	-6.5632	0	1	105	-3.1058	4.2473	-1	-12.106	3.2474	0	-7.3438	3	-1	1	1	0	0	0
9	561.78	-0.82442	-6.338	-0.82442	-6.338	0	1	105	-3.1058	4.2473	-1	-12.106	3.2474	0	-7.3438	3	-1	1	1	0	0	0
9	578.47	-1.0657	-5.8232	-1.0657	-5.8232	0	1	105	-3.1058	4.2473	-1	-12.106	3.2474	0	-7.3438	3	-1	1	1	0	0	0
9	595.04	-1.3673	-5.2441	-1.3673	-5.2441	0	1	105	-3.1058	4.2473	-1	-12.106	3.2474	0	-7.3438	3	-1	1	1	0	0	0
9	611.63	-1.7293	-4.6007	-1.7293	-4.6007	0	2	105	-3.1058	4.2473	-1	-12.106	3.2474	0	-7.3438	3	-1	1	1	0	0	0
9	628.22	-1.9102	-4.2468	-1.9102	-4.2468	0	2	105	-3.1058	4.2473	-1	-12.106	3.2474	0	-7.3438	3	-1	1	1	0	0	0
9	644.9	-2.2521	-3.539	-2.2521	-3.539	0	2	105	-3.1058	4.2473	-1	-12.106	3.2474	0	-7.3438	3	-1	1	1	0	1	0
9	661.36	-2.4129	-3.1851	-2.4129	-3.1851	0	2	105	-3.1058	4.2473	-1	-12.106	3.2474	0	-7.3438	3	-1	1	1	0	0	0
9	677.96	-2.6945	-2.5416	-2.6945	-2.5416	0	2	105	-3.1058	4.2473	-1	-12.106	3.2474	0	-7.3438	3	-1	1	1	0	0	0
9	694.51	-2.9559	-1.9947	-2.9559	-1.9947	0	2	105	-3.1058	4.2473	-1	-12.106	3.2474	0	-7.3438	3	-1	1	1	0	0	0
9	711.17	-3.2173	-1.4156	-3.2173	-1.4156	0	2	105	-3.1058	4.2473	-1	-12.106	3.2474	0	-7.3438	3	-1	1	1	0	0	0
9	727.74	-3.3379	-1.126	-3.3379	-1.126	0	2	105	-3.1058	4.2473	-1	-12.106	3.2474	0	-7.3438	3	-1	1	1	0	0	0
9	744.35	-3.5792	-0.54693	-3.5792	-0.54693	0	2	105	-3.1058	4.2473	-1	-12.106	3.2474	0	-7.3438	3	-1	1	1	0	0	0
9	760.98	-3.6999	-0.25738	-3.6999	-0.25738	0	2	105	-3.1058	4.2473	-1	-12.106	3.2474	0	-7.3438	3	-1	1	1	0	0	0
9	777.51	-3.9009	0.25738	-3.9009	0.25738	0	2	105	-3.1058	4.2473	-1	-12.106	3.2474	0	-7.3438	3	-1	1	1	0	0	0
9	794.11	-4.0819	0.73997	-4.0819	0.73997	0	2	105	-3.1058	4.2473	-1	-12.106	3.2474	0	-7.3438	3	-1	1	1	0	0	0
9	810.74	-4.1824	0.93301	-4.1824	0.93301	0	2	105	-3.1058	4.2473	-1	-12.106	3.2474	0	-7.3438	3	-1	1	1	0	0	0
9	827.33	-4.3433	1.3513	-4.3433	1.3512	0	2	105	-3.1058	4.2473	-1	-12.106	3.2474	0	-7.3438	3	-1	1	1	0	0	0
9	843.93	-4.464	1.7695	-4.464	1.7695	0	2	105	-3.1058	4.2473	-1	-12.106	3.2474	0	-7.3438	3	-1	1	1	0	0	0
9	860.5	-4.5042	1.9625	-4.5042	1.9625	0	2	105	-3.1058	4.2473	-1	-12.106	3.2474	0	-7.3438	3	-1	1	1	0	0	0
9	877.15	-4.5846	2.3164	-4.5846	2.3164	0	2	105	-3.1058	4.2473	-1	-12.106	3.2474	0	-7.3438	3	-1	1	1	0	0	0
9	893.69	-4.6248	2.5738	-4.6248	2.5738	0	2	105	-3.1058	4.2473	-1	-12.106	3.2474	0	-7.3438	3	-1	1	1	0	0	0
9	910.27	-4.6449	2.7025	-4.6449	2.7025	0	2	105	-3.1058	4.2473	-1	-12.106	3.2474	0	-7.3438	3	-1	1	1	0	0	0
9	926.86	-4.6851	2.8955	-4.6851	2.8955	0	2	105	-3.1058	4.2473	-1	-12.106	3.2474	0	-7.3438	3	-1	1	1	0	0	0
9	943.51	-4.6851	3.0564	-4.6851	3.0564	0	2	105	-3.1058	4.2473	-1	-12.106	3.2474	0	-7.3438	3	-1	1	1	0	0	0
9	960.09	-4.6851	3.1529	-4.6851	3.1529	0	2	105	-3.1058	4.2473	-1	-12.106	3.2474	0	-7.3438	3	-1	1	1	0	0	0
9	976.65	-4.665	3.2816	-4.665	3.2816	0	2	105	-3.1058	4.2473	-1	-12.106	3.2474	0	-7.3438	3	-1	1	1	0	0	0
9	993.27	-4.6248	3.4425	-4.6248	3.4425	0	2	105	-3.1058	4.2473	-1	-12.106	3.2474	0	-7.3438	3	-1	1	0	0	0	0
9	1009.8	-4.6047	3.4746	-4.6047	3.4746	0	2	105	-3.1058	4.2473	-1	-12.106	3.2474	0	-7.3438	3	-1	1	0	0	0	0
9	1026.5	-4.5645	3.6033	-4.5645	3.6033	0	2	105	-3.1058	4.2473	-1	-12.106	3.2474	0	-7.3438	3	-1	1	0	0	0	0
9	1043	-4.5243	3.6999	-4.5243	3.6999	0	2	105	-3.1058	4.2473	-1	-12.106	3.2474	0	-7.3438	3	-1	1	0	0	0	0
9	1059.6	-4.5243	3.732	-4.5243	3.732	0	3	105	-3.1058	4.2473	-1	-12.106	3.2474	0	-7.3438	3	-1	1	0	0	0	0
10	30.539	-0.48259	-7.5606	-0.48259	-7.5606	0	1	75	3.1058	4.2473	-1	-5.8942	3.2474	0	-7.3438	3	-1	1	0	0	0	0
10	47.096	-0.44237	-7.5927	-0.44237	-7.5927	0	1	75	3.1058	4.2473	-1	-5.8942	3.2474	0	-7.3438	3	-1	1	0	0	0	0
10	63.649	-0.40216	-7.5927	-0.40216	-7.5927	0	1	75	3.1058	4.2473	-1	-5.8942	3.2474	0	-7.3438	3	-1	1	0	0	0	0
10	80.257	-0.36194	-7.6249	-0.36194	-7.6249	0	1	75	3.1058	4.2473	-1	-5.8942	3.2474	0	-7.3438	3	-1	1	1	0	0	0
10	96.88	-0.34183	-7.6249	-0.34183	-7.6249	0	1	75	3.1058	4.2473	-1	-5.8942	3.2474	0	-7.3438	3	-1	1	1	0	0	0
10	113.46	-0.2614	-7.6571	-0.2614	-7.6571	0	1	75	3.1058	4.2473	-1	-5.8942	3.2474	0	-7.3438	3	-1	1	1	0	0	0
10	130.05	-0.20108	-7.6893	-0.20108	-7.6893	0	1	75	3.1058	4.2473	-1	-5.8942	3.2474	0	-7.3438	3	-1	1	1	0	0	0
10	146.66	-0.18097	-7.6893	-0.18097	-7.6893	0	1	75	3.1058	4.2473	-1	-5.8942	3.2474	0	-7.3438	3	-1	1	1	0	0	0
10	163.22	-0.18097	-7.6893	-0.18097	-7.6893	0	1	75	3.1058	4.2473	-1	-5.8942	3.2474	0	-7.3438	3	-1	1	1	0	0	0
10	179.83	-0.18097	-7.6893	-0.18097	-7.6893	0	1	75	3.1058	4.2473	-1	-5.8942	3.2474	0	-7.3438	3	-1	1	1	0	0	0
10	196.41	-0.18097	-7.6893	-0.18097	-7.6893	0	1	75	3.1058	4.2473	-1	-5.8942	3.2474	0	-7.3438	3	-1	1	1	0	0	0
10	213.01	-0.18097	-7.6893	-0.18097	-7.6893	0	1	75	3.1058	4.2473	-1	-5.8942	3.2474	0	-7.3438	3	-1	1	1	0	0	0
10	229.63	-0.18097	-7.6893	-0.18097	-7.6893	0	1	75	3.1058	4.2473	-1	-5.8942	3.2474	0	-7.3438	3	-1	1	1	0	0	0
10	246.26	-0.18097	-7.6893	-0.18097	-7.6893	0	1	75	3.1058	4.2473	-1	-5.8942	3.2474	0	-7.3438	3	-1	1	1	0	0	0
10	262.84	-0.18097	-7.6893	-0.18097	-7.6893	0	1	75	3.1058	4.2473	-1	-5.8942	3.2474	0	-7.3438	3	-1	1	1	0	0	0
10	279.41	-0.16086	-7.6893	-0.16086	-7.6893	0	1	75	3.1058	4.2473	-1	-5.8942	3.2474	0	-7.3438	3	-1	1	1	0	0	0
10	296.06	-0.16086	-7.6893	-0.16086	-7.6893	0	1	75	3.1058	4.2473	-1	-5.8942	3.2474	0	-7.3438	3	-1	1	1	0	0	0
10	312.6	-0.14076	-7.6893	-0.14076	-7.6893	0	1	75	3.1058	4.2473	-1	-5.8942	3.2474	0	-7.3438	3	-1	1	1	0	0	0
10	329.18	-0.14076	-7.6893	-0.14076	-7.6893	0	1	75	3.1058	4.2473	-1	-5.8942	3.2474	0	-7.3438	3	-1	1	1	0	0	0
10	345.82	-0.12065	-7.6571	-0.12065	-7.6571	0	1	75	3.1058	4.2473	-1	-5.8942	3.2474	0	-7.3438	3	-1	1	1	0	0	0
10	362.39	-0.12065	-7.6571	-0.12065	-7.6571	0	1	75	3.1058	4.2473	-1	-5.8942	3.2474	0	-7.3438	3	-1	1	1	0	0	0
10	379.14	-0.12065	-7.6571	-0.12065	-7.6571	0	1	75	3.1058	4.2473	-1	-5.8942	3.2474	0	-7.3438	3	-1	1	1	0	0	0
10	395.56	-0.10054	-7.6571	-0.10054	-7.6571	0	1	75	3.1058	4.2473	-1	-5.8942	3.2474	0	-7.3438	3	-1	1	1	0	0	0
10	412.2	-0.080432	-7.6571	-0.080432	-7.6571	0	1	75	3.1058	4.2473	-1	-5.8942	3.2474	0	-7.3438	3	-1	1	1	0	0	0
10	428.71	-0.060324	-7.6249	-0.060324	-7.6249	0	1	75	3.1058	4.2473	-1	-5.8942	3.2474	0	-7.3438	3	-1	1	1	0	0	0
10	445.37	0.020108	-7.5927	0.020108	-7.5927	0	1	75	3.1058	4.2473	-1	-5.8942	3.2474	0	-7.3438	3	-1	1	1	0	0	0
10	461.97	0.080432	-7.464	0.080432	-7.464	0	1	75	3.1058	4.2473	-1	-5.8942	3.2474	0	-7.3438	3	-1	1	1	0	0	0
10	478.53	0.14076	-7.271	0.14076	-7.271	0	1	75	3.1058	4.2473	-1	-5.8942	3.2474	0	-7.3438	3	-1	1	1	0	0	0
10	495.12	0.18097	-7.1423	0.18097	-7.1423	0	1	75	3.1058	4.2473	-1	-5.8942	3.2474	0	-7.3438	3	-1	1	1	0	0	0
10	511.71	0.28151	-6.7884	0.28151	-6.7884	0	1	75	3.1058	4.2473	-1	-5.8942	3.2474	0	-7.3438	3	-1	1	1	0	0	0
10	528.35	0.34183	-6.5632	0.34183	-6.5632	0	1	75	3.1058	4.2473	-1	-5.8942	3.2474	0	-7.3438	3	-1	1	1	0	0	0
10	544.93	0.5027	-6.0806	0.5027	-6.0806	0	1	75	3.1058	4.2473	-1	-5.8942	3.2474	0	-7.3438	3	-1	1	1	0	0	0
10	561.53	0.70378	-5.4372	0.70378	-5.4372	0	1	75	3.1058	4.2473	-1	-5.8942	3.2474	0	-7.3438	3	-1	1	1	0	0	0
10	578.13	0.82442	-5.1154	0.82442	-5.1154	0	2	75	3.1058	4.2473	-1	-5.8942	3.2474	0	-7.3438	3	-1	1	1	0	0	0
10	594.67	1.0858	-4.4076	1.0858	-4.4076	0	2	75	3.1058	4.2473	-1	-5.8942	3.2474	0	-7.3438	3	-1	1	1	0	0	0
10	611.28	1.4076	-3.732	1.4076	-3.732	0	2	75	3.1058	4.2473	-1	-5.8942	3.2474	0	-7.3438	3	-1	1	1	0	0	0
10	627.86	1.5684	-3.4425	1.5684	-3.4425	0	2	75	3.1058	4.2473	-1	-5.8942	3.2474	0	-7.3438	3	-1	1	1	0	0	0
10	644.5	1.9102	-2.8312	1.9102	-2.8312	0	2	75	3.1058	4.2473	-1	-5.8942	3.2474	0	-7.3438	3	-1	1	1	0	0	0
10	661.11	2.2119	-2.2199	2.2119	-2.2199	0	2	75	3.1058	4.2473	-1	-5.8942	3.2474	0	-7.3438	3	-1	1	1	0	0	0
10	677.68	2.3727	-1.8982	2.3727	-1.8982	0	2	75	3.1058	4.2473	-1	-5.8942	3.2474	0	-7.3438	3	-1	1	1	0	1	0
10	694.29	2.6945	-1.2547	2.6945	-1.2547	0	2	75	3.1058	4.2473	-1	-5.8942	3.2474	0	-7.3438	3	-1	1	1	0	0	0
10	710.88	3.0162	-0.61128	3.0162	-0.61128	0	2	75	3.1058	4.2473	-1	-5.8942	3.2474	0	-7.3438	3	-1	1	1	0	0	0
10	727.42	3.177	-0.32173	3.177	-0.32173	0	2	75	3.1058	4.2473	-1	-5.8942	3.2474	0	-7.3438	3	-1	1	1	0	0	0
10	744.11	3.4988	0.28955	3.4988	0.28955	0	2	75	3.1058	4.2473	-1	-5.8942	3.2474	0	-7.3438	3	-1	1	1	0	0	0
10	760.67	3.8406	0.86866	3.8406	0.86866	0	2	75	3.1058	4.2473	-1	-5.8942	3.2474	0	-7.3438	3	-1	1	1	0	0	0
10	777.29	4.0216	1.1904	4.0216	1.1904	0	2	75	3.1058	4.2473	-1	-5.8942	3.2474	0	-7.3438	3	-1	1	1	0	0	0
10	793.82	4.3835	1.8338	4.3835	1.8338	0	2	75	3.1058	4.2473	-1	-5.8942	3.2474	0	-7.3438	3	-1	1	1	0	0	0
10	810.42	4.7254	2.4451	4.7254	2.4451	0	2	75	3.1058	4.2473	-1	-5.8942	3.2474	0	-7.3438	3	-1	1	1	0	0	0
10	827.02	4.8862	2.7025	4.8862	2.7025	0	2	75	3.1058	4.2473	-1	-5.8942	3.2474	0	-7.3438	3	-1	1	1	0	0	0
10	843.57	5.1878	3.1851	5.1878	3.1851	0	2	75	3.1058	4.2473	-1	-5.8942	3.2474	0	-7.3438	3	-1	1	1	0	0	0
10	860.23	5.4492	3.5712	5.4492	3.5712	0	2	75	3.1058	4.2473	-1	-5.8942	3.2474	0	-7.3438	3	-1	1	1	0	0	0
10	876.83	5.5699	3.732	5.5699	3.732	0	2	75	3.1058	4.2473	-1	-5.8942	3.2474	0	-7.3438	3	-1	1	1	0	0	0
10	893.42	5.7911	4.0538	5.7911	4.0537	0	2	75	3.1058	4.2473	-1	-5.8942	3.2474	0	-7.3438	3	-1	1	1	0	0	0
10	910	5.9922	4.3433	5.9922	4.3433	0	2	75	3.1058	4.2473	-1	-5.8942	3.2474	0	-7.3438	3	-1	1	1	0	0	0
10	926.61	6.0726	4.4398	6.0726	4.4398	0	2	75	3.1058	4.2473	-1	-5.8942	3.2474	0	-7.3438	3	-1	1	1	0	0	0
10	943.14	6.2334	4.6007	6.2334	4.6007	0	2	75	3.1058	4.2473	-1	-5.8942	3.2474	0	-7.3438	3	-1	1	1	0	0	0
10	959.74	6.334	4.6972	6.334	4.6972	0	2	75	3.1058	4.2473	-1	-5.8942	3.2474	0	-7.3438	3	-1	1	0	0	0	0
10	976.33	6.3742	4.7294	6.3742	4.7294	0	2	75	3.1058	4.2473	-1	-5.8942	3.2474	0	-7.3438	3	-1	1	0	0	0	0
10	992.96	6.4144	4.7937	6.4144	4.7937	0	2	75	3.1058	4.2473	-1	-5.8942	3.2474	0	-7.3438	3	-1	1	0	0	0	0
10	1009.6	6.4345	4.7937	6.4345	4.7937	0	2	75	3.1058	4.2473	-1	-5.8942	3.2474	0	-7.3438	3	-1	1	0	0	0	0
10	1026.2	6.4747	4.8259	6.4747	4.8259	0	2	75	3.1058	4.2473	-1	-5.8942	3.2474	0	-7.3438	3	-1	1	0	0	0	0
10	1042.7	6.4948	4.8581	6.4948	4.8581	0	2	75	3.1058	4.2473	-1	-5.8942	3.2474	0	-7.3438	3	-1	1	0	0	0	0
10	1059.3	6.4948	4.8581	6.4948	4.8581	0	2	75	3.1058	4.2473	-1	-5.8942	3.2474	0	-7.3438	3	-1	1	0	0	0	0
10	1075.9	6.4948	4.8581	6.4948	4.8581	0	3	75	3.1058	4.2473	-1	-5.8942	3.2474	0	-7.3438	3	-1	1	0	0	0	0
11	30.61	-0.36194	-7.4962	-0.36194	-7.4962	0	1	90	0	4.6562	-1	-9	3.6562	0	-7.3438	3	-1	1	0	0	0	0
11	47.207	-0.32173	-7.6571	-0.32173	-7.6571	0	1	90	0	4.6562	-1	-9	3.6562	0	-7.3438	3	-1	1	0	0	0	0
11	63.833	-0.32173	-7.6571	-0.32173	-7.6571	0	1	90	0	4.6562	-1	-9	3.6562	0	-7.3438	3	-1	1	0	0	0	0
11	80.397	-0.2614	-7.6893	-0.2614	-7.6893	0	1	90	0	4.6562	-1	-9	3.6562	0	-7.3438	3	-1	1	0	0	0	0
11	96.979	-0.20108	-7.6893	-0.20108	-7.6893	0	1	90	0	4.6562	-1	-9	3.6562	0	-7.3438	3	-1	1	0	0	0	0
11	113.56	-0.20108	-7.7214	-0.20108	-7.7214	0	1	90	0	4.6562	-1	-9	3.6562	0	-7.3438	3	-1	1	0	0	0	0
11	130.12	-0.20108	-7.6893	-0.20108	-7.6893	0	1	90	0	4.6562	-1	-9	3.6562	0	-7.3438	3	-1	1	0	0	0	0
11	146.82	-0.20108	-7.6893	-0.20108	-7.6893	0	1	90	0	4.6562	-1	-9	3.6562	0	-7.3438	3	-1	1	0	0	0	0
11	163.4	-0.20108	-7.6893	-0.20108	-7.6893	0	1	90	0	4.6562	-1	-9	3.6562	0	-7.3438	3	-1	1	0	0	0	0
11	179.96	-0.20108	-7.6893	-0.20108	-7.6893	0	1	90	0	4.6562	-1	-9	3.6562	0	-7.3438	3	-1	1	0	0	0	0
11	196.53	-0.20108	-7.6893	-0.20108	-7.6893	0	1	90	0	4.6562	-1	-9	3.6562	0	-7.3438	3	-1	1	0	0	0	0
11	213.15	-0.20108	-7.6893	-0.20108	-7.6893	0	1	90	0	4.6562	-1	-9	3.6562	0	-7.3438	3	-1	1	0	0	0	0
11	229.71	-0.20108	-7.6893	-0.20108	-7.6893	0	1	90	0	4.6562	-1	-9	3.6562	0	-7.3438	3	-1	1	0	0	0	0
11	246.33	-0.20108	-7.6893	-0.20108	-7.6893	0	1	90	0	4.6562	-1	-9	3.6562	0	-7.3438	3	-1	1	0	0	0	0
11	262.96	-0.20108	-7.6893	-0.20108	-7.6893	0	1	90	0	4.6562	-1	-9	3.6562	0	-7.3438	3	-1	1	0	0	0	0
11	279.53	-0.20108	-7.6893	-0.20108	-7.6893	0	1	90	0	4.6562	-1	-9	3.6562	0	-7.3438	3	-1	1	0	0	0	0
11	296.13	-0.20108	-7.6893	-0.20108	-7.6893	0	1	90	0	4.6562	-1	-9	3.6562	0	-7.3438	3	-1	1	0	0	0	0
11	312.71	-0.20108	-7.6893	-0.20108	-7.6893	0	1	90	0	4.6562	-1	-9	3.6562	0	-7.3438	3	-1	1	0	0	0	0
11	329.28	-0.20108	-7.6893	-0.20108	-7.6893	0	1	90	0	4.6562	-1	-9	3.6562	0	-7.3438	3	-1	1	0	0	0	0
11	345.88	-0.20108	-7.6893	-0.20108	-7.6893	0	1	90	0	4.6562	-1	-9	3.6562	0	-7.3438	3	-1	1	0	0	0	0
11	362.47	-0.18097	-7.6571	-0.18097	-7.6571	0	1	90	0	4.6562	-1	-9	3.6562	0	-7.3438	3	-1	1	0	0	0	0
11	379.09	-0.18097	-7.5927	-0.18097	-7.5927	0	1	90	0	4.6562	-1	-9	3.6562	0	-7.3438	3	-1	1	1	0	0	0
11	395.72	-0.18097	-7.5284	-0.18097	-7.5284	0	1	90	0	4.6562	-1	-9	3.6562	0	-7.3438	3	-1	1	1	0	0	0
11	412.28	-0.22119	-7.271	-0.22119	-7.271	0	1	90	0	4.6562	-1	-9	3.6562	0	-7.3438	3	-1	1	1	0	0	0
11	428.87	-0.28151	-6.9493	-0.28151	-6.9493	0	1	90	0	4.6562	-1	-9	3.6562	0	-7.3438	3	-1	1	1	0	0	0
11	445.42	-0.32173	-6.7241	-0.32173	-6.7241	0	1	90	0	4.6562	-1	-9	3.6562	0	-7.3438	3	-1	1	1	0	0	0
11	462.05	-0.36194	-6.2415	-0.36194	-6.2415	0	1	90	0	4.6562	-1	-9	3.6562	0	-7.3438	3	-1	1	1	0	0	0
11	478.65	-0.40216	-5.6624	-0.40216	-5.6624	0	1	90	0	4.6562	-1	-9	3.6562	0	-7.3438	3	-1	1	1	0	0	0
11	495.28	-0.42227	-5.3085	-0.42227	-5.3085	0	1	90	0	4.6562	-1	-9	3.6562	0	-7.3438	3	-1	1	1	0	0	0
11	511.85	-0.40216	-4.5363	-0.40216	-4.5363	0	2	90	0	4.6562	-1	-9	3.6562	0	-7.3438	3	-1	1	1	0	0	0
11	528.46	-0.36194	-3.6677	-0.36194	-3.6677	0	2	90	0	4.6562	-1	-9	3.6562	0	-7.3438	3	-1	1	1	0	0	0
11	545.02	-0.32173	-3.2173	-0.32173	-3.2173	0	2	90	0	4.6562	-1	-9	3.6562	0	-7.3438	3	-1	1	1	0	0	0
11	561.58	-0.20108	-2.2521	-0.20108	-2.2521	0	2	90	0	4.6562	-1	-9	3.6562	0	-7.3438	3	-1	1	1	0	0	0
11	578.21	-0.080432	-1.2547	-0.080432	-1.2547	0	2	90	0	4.6562	-1	-9	3.6562	0	-7.3438	3	-1	1	1	0	0	0
11	594.8	0	-0.77214	0	-0.77214	0	2	90	0	4.6562	-1	-9	3.6562	0	-7.3438	3	-1	1	1	0	1	0
11	611.43	0.12065	0.28955	0.12065	0.28955	0	2	90	0	4.6562	-1	-9	3.6562	0	-7.3438	3	-1	1	1	0	0	0
11	628.03	0.22119	1.3191	0.22119	1.3191	0	2	90	0	4.6562	-1	-9	3.6562	0	-7.3438	3	-1	1	1	0	0	0
11	644.61	0.2614	1.8017	0.2614	1.8017	0	2	90	0	4.6562	-1	-9	3.6562	0	-7.3438	3	-1	1	1	0	0	0
11	661.12	0.34183	2.6703	0.34183	2.6703	0	2	90	0	4.6562	-1	-9	3.6562	0	-7.3438	3	-1	1	1	0	0	0
11	677.76	0.40216	3.4425	0.40216	3.4425	0	2	90	0	4.6562	-1	-9	3.6562	0	-7.3438	3	-1	1	1	0	0	0
11	694.37	0.44237	3.7964	0.44237	3.7964	0	2	90	0	4.6562	-1	-9	3.6562	0	-7.3438	3	-1	1	1	0	0	0
11	710.97	0.46248	4.4398	0.46248	4.4398	0	2	90	0	4.6562	-1	-9	3.6562	0	-7.3438	3	-1	1	1	0	0	0
11	727.57	0.46248	4.7294	0.46248	4.7294	0	2	90	0	4.6562	-1	-9	3.6562	0	-7.3438	3	-1	1	1	0	0	0
11	744.19	0.48259	5.2763	0.48259	5.2763	0	2	90	0	4.6562	-1	-9	3.6562	0	-7.3438	3	-1	1	1	0	0	0
11	760.77	0.52281	5.7267	0.52281	5.7267	0	2	90	0	4.6562	-1	-9	3.6562	0	-7.3438	3	-1	1	1	0	0	0
11	777.33	0.58313	6.0485	0.58313	6.0485	0	2	90	0	4.6562	-1	-9	3.6562	0	-7.3438	3	-1	1	0	0	0	0
11	793.97	0.60324	6.145	0.60324	6.145	0	2	90	0	4.6562	-1	-9	3.6562	0	-7.3438	3	-1	1	0	0	0	0
11	810.54	0.62334	6.3058	0.62334	6.3058	0	2	90	0	4.6562	-1	-9	3.6562	0	-7.3438	3	-1	1	0	0	0	0
11	827.12	0.64345	6.3702	0.64345	6.3702	0	2	90	0	4.6562	-1	-9	3.6562	0	-7.3438	3	-1	1	0	0	0	0
11	843.76	0.64345	6.4345	0.64345	6.4345	0	2	90	0	4.6562	-1	-9	3.6562	0	-7.3438	3	-1	1	0	0	0	0
11	860.32	0.66356	6.4667	0.66356	6.4667	0	2	90	0	4.6562	-1	-9	3.6562	0	-7.3438	3	-1	1	0	0	0	0
11	876.93	0.66356	6.4989	0.66356	6.4989	0	2	90	0	4.6562	-1	-9	3.6562	0	-7.3438	3	-1	1	0	0	0	0
11	893.5	0.66356	6.4989	0.66356	6.4989	0	2	90	0	4.6562	-1	-9	3.6562	0	-7.3438	3	-1	1	0	0	0	0
11	910.08	0.66356	6.4989	0.66356	6.4989	0	2	90	0	4.6562	-1	-9	3.6562	0	-7.3438	3	-1	1	0	0	0	0
11	926.69	0.66356	6.4989	0.66356	6.4989	0	2	90	0	4.6562	-1	-9	3.6562	0	-7.3438	3	-1	1	0	0	0	0
11	943.32	0.66356	6.4989	0.66356	6.4989	0	3	90	0	4.6562	-1	-9	3.6562	0	-7.3438	3	-1	1	0	0	0	0
